0.975984057502
[505299.0, 509105.0, 515562.0, 522977.0, 507796.0, 509858.0, 501981.0, 492037.0, 492068.0, 500533.0]
[0.240054, 0.237878, 0.239665, 0.242797, 0.243791, 0.246849, 0.235031, 0.219571, 0.21962, 0.232818]
256.0
3789.0
7024.0
[250.0, 1228.0, 1313.0, 3801.0, 3796.0, 2911.0, 838.0, 3336.0, 1487.0, 1042.0, 2402.0, 791.0, 898.0, 2276.0, 3597.0, 2143.0, 834.0, 1042.0, 3307.0, 3447.0, 1858.0, 2771.0, 3687.0, 2866.0, 3864.0, 2396.0, 3956.0, 2566.0, 3253.0, 2964.0, 1921.0, 3737.0, 1628.0, 3341.0, 1318.0, 1694.0, 2009.0, 2347.0, 2505.0, 3241.0, 1622.0, 3205.0, 2961.0, 2166.0, 2724.0, 2758.0, 2163.0, 1251.0, 2670.0, 857.0, 1044.0, 845.0, 2123.0, 3633.0, 2023.0, 3447.0, 946.0, 1702.0, 2436.0, 1979.0]
[1, 4, 3, 11, 9, 10, 2, 10, 3, 3, 3, 2, 3, 9, 8, 4, 4, 2, 11, 9, 4, 3, 10, 6, 23, 7, 7, 5, 9, 11, 6, 16, 2, 6, 3, 4, 11, 6, 12, 9, 4, 4, 3, 5, 7, 6, 4, 4, 14, 4, 3, 4, 9, 12, 10, 14, 2, 3, 3, 4]
[1297.0, 1228.0, 3304.0, 3801.0, 3796.0, 2911.0, 2487.0, 3336.0, 1487.0, 1042.0, 2402.0, 2304.0, 898.0, 2276.0, 3944.0, 2523.0, 834.0, 1498.0, 3307.0, 3447.0, 2117.0, 3380.0, 3687.0, 3595.0, 3864.0, 2396.0, 3956.0, 3121.0, 3731.0, 2964.0, 1921.0, 3737.0, 1628.0, 3341.0, 1318.0, 2547.0, 2009.0, 2347.0, 3823.0, 3478.0, 1622.0, 3205.0, 2961.0, 2166.0, 2724.0, 2758.0, 3208.0, 1251.0, 2670.0, 857.0, 1044.0, 1883.0, 2123.0, 3633.0, 2023.0, 3447.0, 3845.0, 3938.0, 2436.0, 1979.0]
[1, 4, 14, 11, 9, 10, 3, 10, 3, 3, 3, 5, 3, 9, 4, 4, 4, 2, 11, 9, 2, 5, 10, 9, 23, 7, 7, 5, 14, 11, 6, 16, 2, 6, 3, 8, 11, 6, 14, 9, 4, 4, 3, 5, 7, 6, 10, 4, 14, 4, 3, 11, 9, 12, 10, 14, 10, 15, 3, 4]
0.920283305671
[509749.0, 515596.0, 518823.0, 525265.0, 508565.0, 509188.0, 508571.0, 509975.0, 509450.0, 511070.0]
[0.246688, 0.247473, 0.244444, 0.246095, 0.244934, 0.245858, 0.244943, 0.247022, 0.246246, 0.248635]
322.0
3945.0
6965.0
[354.0, 1395.0, 814.0, 2782.0, 1041.0, 1782.0, 1265.0, 1126.0, 3439.0, 1188.0, 571.0, 1975.0, 1450.0, 3070.0]
[1, 8, 1, 5, 2, 4, 3, 2, 8, 3, 3, 2, 3, 8]
[1187.0, 3215.0, 1503.0, 3255.0, 2533.0, 1782.0, 1757.0, 1126.0, 3439.0, 3478.0, 2446.0, 3633.0, 1450.0, 3070.0]
[1, 8, 2, 11, 2, 4, 3, 2, 8, 5, 5, 7, 3, 8]
0.956314152152
[510946.0, 513810.0, 521420.0, 525804.0, 509381.0, 508755.0, 507242.0, 504562.0, 501961.0, 508570.0]
[0.248453, 0.244857, 0.248207, 0.246868, 0.246144, 0.245216, 0.242965, 0.238944, 0.235, 0.244942]
282.0
3892.0
7056.0
[731.0, 3604.0, 2611.0, 867.0, 943.0, 1420.0, 1804.0, 1381.0, 755.0, 1430.0, 1812.0, 3331.0, 2311.0, 3299.0, 3429.0, 3967.0, 2406.0, 3217.0, 2602.0, 3481.0, 2083.0, 2382.0, 2499.0, 2156.0, 1360.0, 2031.0, 2539.0]
[1, 7, 3, 2, 3, 3, 4, 2, 2, 2, 7, 4, 3, 10, 8, 9, 13, 7, 11, 11, 5, 6, 7, 6, 4, 6, 4]
[1558.0, 3604.0, 3573.0, 1826.0, 943.0, 2125.0, 2425.0, 2392.0, 3886.0, 2471.0, 1812.0, 3331.0, 2311.0, 3299.0, 3429.0, 3967.0, 2406.0, 3217.0, 2602.0, 3481.0, 2083.0, 2382.0, 2499.0, 2156.0, 1360.0, 2563.0, 2539.0]
[1, 7, 10, 2, 3, 6, 4, 6, 4, 4, 7, 4, 3, 10, 8, 9, 13, 7, 11, 11, 5, 6, 7, 6, 4, 10, 4]
0.936734659502
[511715.0, 516251.0, 520920.0, 524978.0, 509990.0, 509036.0, 509278.0, 502204.0, 510993.0, 509936.0]
[0.249582, 0.248428, 0.247485, 0.245683, 0.247044, 0.245633, 0.245991, 0.23537, 0.248522, 0.246964]
283.0
3884.0
6990.0
[184.0, 3531.0, 251.0, 920.0, 978.0, 1990.0, 1036.0, 1278.0, 3287.0, 810.0, 2587.0, 2772.0, 3375.0, 1373.0, 2993.0, 1936.0]
[1, 7, 1, 2, 3, 5, 3, 2, 6, 3, 7, 9, 10, 5, 11, 1]
[974.0, 3531.0, 871.0, 1326.0, 3543.0, 3069.0, 2443.0, 1278.0, 3287.0, 810.0, 2587.0, 2772.0, 3375.0, 1373.0, 3605.0, 1936.0]
[1, 7, 1, 4, 7, 5, 6, 2, 6, 3, 7, 9, 10, 5, 7, 1]
0.980559981018
[505366.0, 509135.0, 517619.0, 523357.0, 507025.0, 507318.0, 501239.0, 488685.0, 495464.0, 506572.0]
[0.240155, 0.237923, 0.242686, 0.243346, 0.242641, 0.243078, 0.233898, 0.214218, 0.224969, 0.241964]
224.0
3791.0
7185.0
[569.0, 3879.0, 3902.0, 2605.0, 2391.0, 2456.0, 1564.0, 792.0, 1103.0, 1990.0, 1377.0, 3873.0, 1328.0, 3093.0, 2419.0, 2779.0, 977.0, 2380.0, 2375.0, 2247.0, 2403.0, 782.0, 3073.0, 3463.0, 2749.0, 3254.0, 3005.0, 2197.0, 1112.0, 3746.0, 3899.0, 2314.0, 3309.0, 3772.0, 3882.0, 3054.0, 2856.0, 503.0, 1052.0, 2001.0, 1967.0, 2083.0, 2674.0, 1263.0, 1150.0, 2952.0, 3629.0, 3916.0, 3585.0, 2981.0, 1532.0, 3291.0, 1633.0, 3197.0, 2173.0, 3405.0, 2060.0, 2059.0, 2657.0, 3951.0, 2525.0, 3757.0, 3054.0, 2960.0, 3136.0, 3801.0, 1864.0]
[1, 11, 11, 3, 4, 5, 5, 1, 3, 6, 3, 11, 3, 8, 6, 8, 2, 10, 4, 9, 7, 2, 5, 6, 3, 10, 16, 6, 3, 9, 17, 8, 8, 8, 10, 6, 6, 4, 4, 5, 7, 9, 3, 7, 5, 6, 10, 11, 14, 7, 6, 8, 4, 9, 7, 9, 5, 3, 5, 10, 10, 9, 7, 12, 10, 16, 9]
[884.0, 3879.0, 3902.0, 2605.0, 2391.0, 2456.0, 1564.0, 1268.0, 1103.0, 1990.0, 1377.0, 3873.0, 3026.0, 3093.0, 2419.0, 2779.0, 3152.0, 2380.0, 2822.0, 2247.0, 2403.0, 2372.0, 3420.0, 3463.0, 2749.0, 3254.0, 3005.0, 2197.0, 1112.0, 3746.0, 3899.0, 2314.0, 3309.0, 3772.0, 3882.0, 3054.0, 2856.0, 503.0, 1052.0, 3533.0, 1967.0, 2083.0, 2674.0, 1263.0, 1150.0, 2952.0, 3629.0, 3916.0, 3585.0, 2981.0, 1532.0, 3291.0, 1633.0, 3197.0, 2173.0, 3405.0, 2060.0, 2059.0, 2657.0, 3951.0, 2525.0, 3757.0, 3054.0, 2960.0, 3136.0, 3801.0, 1864.0]
[1, 11, 11, 3, 4, 5, 5, 2, 3, 6, 3, 11, 5, 8, 6, 8, 7, 10, 4, 9, 7, 2, 14, 6, 3, 10, 16, 6, 3, 9, 17, 8, 8, 8, 10, 6, 6, 4, 4, 12, 7, 9, 3, 7, 5, 6, 10, 11, 14, 7, 6, 8, 4, 9, 7, 9, 5, 3, 5, 10, 10, 9, 7, 12, 10, 16, 9]
