0.951204510507
[512176.0, 517450.0, 521367.0, 525716.0, 508991.0, 510383.0, 509556.0, 501095.0, 509194.0, 511359.0]
[0.250258, 0.250169, 0.24813, 0.246742, 0.245566, 0.247624, 0.246403, 0.233678, 0.245867, 0.24906]
249.0
3709.0
6721.0
[176.0, 1450.0, 1367.0, 1716.0, 991.0, 2383.0, 1556.0, 1768.0, 1022.0, 3812.0, 3601.0, 3320.0, 2843.0, 3113.0, 2298.0, 3318.0, 3081.0, 3880.0, 3882.0, 2351.0, 3846.0, 3513.0]
[1, 3, 6, 4, 2, 5, 2, 3, 3, 9, 8, 7, 5, 7, 7, 12, 7, 5, 10, 5, 10, 14]
[520.0, 2643.0, 2814.0, 3737.0, 991.0, 3000.0, 2648.0, 1768.0, 1022.0, 3812.0, 3601.0, 3320.0, 2843.0, 3113.0, 2298.0, 3318.0, 3081.0, 3880.0, 3882.0, 2351.0, 3846.0, 3513.0]
[1, 2, 3, 4, 2, 3, 7, 3, 3, 9, 8, 7, 5, 7, 7, 12, 7, 5, 10, 5, 10, 14]
0.917589631375
[510751.0, 515827.0, 516638.0, 523197.0, 506663.0, 507501.0, 506498.0, 507532.0, 507729.0, 507085.0]
[0.248166, 0.24781, 0.241248, 0.243115, 0.2421, 0.243351, 0.241853, 0.243397, 0.243691, 0.242731]
231.0
3592.0
6650.0
[171.0, 2580.0, 692.0, 3135.0, 462.0, 176.0, 1878.0, 1319.0, 968.0, 1695.0, 2041.0, 1460.0, 939.0, 1559.0, 1542.0, 1990.0, 1992.0, 1737.0, 573.0, 2512.0]
[1, 6, 1, 7, 2, 2, 3, 3, 2, 4, 3, 5, 2, 3, 2, 4, 3, 5, 2, 3]
[578.0, 2580.0, 1680.0, 3876.0, 2792.0, 3829.0, 3436.0, 1834.0, 3956.0, 1695.0, 2856.0, 1460.0, 3789.0, 2463.0, 3530.0, 1990.0, 1992.0, 2335.0, 573.0, 2512.0]
[1, 6, 2, 6, 4, 15, 7, 3, 9, 4, 3, 5, 7, 7, 7, 4, 3, 11, 2, 3]
0.904088101696
[512593.0, 516364.0, 521211.0, 526351.0, 510400.0, 509864.0, 509438.0, 509665.0, 511442.0, 510478.0]
[0.250868, 0.248592, 0.247905, 0.24765, 0.247649, 0.246858, 0.246228, 0.246564, 0.249182, 0.247764]
308.0
3804.0
6536.0
[593.0, 364.0, 1211.0, 2351.0, 2400.0, 1864.0, 3186.0, 2252.0, 1665.0, 3442.0, 2478.0]
[1, 1, 3, 4, 3, 2, 3, 9, 6, 3, 4]
[1694.0, 1632.0, 2077.0, 3661.0, 3606.0, 2948.0, 3186.0, 2252.0, 1665.0, 3442.0, 2478.0]
[1, 2, 5, 4, 6, 7, 3, 9, 6, 3, 4]
0.920221815089
[512467.0, 516339.0, 520788.0, 526058.0, 509606.0, 508670.0, 509939.0, 510898.0, 511608.0, 512000.0]
[0.250683, 0.248556, 0.247294, 0.247231, 0.246477, 0.24509, 0.246969, 0.248382, 0.249425, 0.25]
278.0
3772.0
6676.0
[467.0, 339.0, 1356.0, 3432.0, 2058.0, 1606.0, 670.0, 1939.0, 2898.0, 3608.0]
[1, 1, 2, 8, 5, 2, 1, 3, 2, 7]
[1359.0, 968.0, 2656.0, 3432.0, 3949.0, 1606.0, 3584.0, 2993.0, 2898.0, 3608.0]
[1, 1, 4, 8, 5, 2, 3, 6, 2, 7]
0.906146479058
[512521.0, 516825.0, 520988.0, 524466.0, 511544.0, 510459.0, 509377.0, 510919.0, 512000.0, 512000.0]
[0.250762, 0.249262, 0.247583, 0.244946, 0.249331, 0.247736, 0.246138, 0.248413, 0.25, 0.25]
254.0
3670.0
6646.0
[521.0, 825.0, 988.0, 466.0, 3544.0, 2459.0, 1377.0, 2919.0]
[1, 1, 2, 2, 6, 3, 3, 3]
[1722.0, 1774.0, 2883.0, 3598.0, 3544.0, 2865.0, 3211.0, 2919.0]
[1, 2, 2, 6, 6, 7, 9, 3]
