0.886004495879
[512382.0, 516610.0, 521750.0, 526562.0, 509276.0, 508620.0, 511205.0, 512000.0, 512000.0, 512000.0]
[0.250559, 0.24895, 0.248682, 0.247952, 0.245988, 0.245016, 0.248834, 0.25, 0.25, 0.25]
230.0
3512.0
6267.0
[382.0, 610.0, 1750.0, 2562.0, 1276.0, 620.0, 3205.0]
[1, 2, 3, 4, 3, 2, 6]
[1505.0, 2622.0, 2976.0, 3548.0, 3044.0, 620.0, 3205.0]
[1, 3, 6, 4, 6, 2, 6]
0.90264074289
[512121.0, 516699.0, 520790.0, 526806.0, 510302.0, 511445.0, 509968.0, 509325.0, 512000.0, 511752.0]
[0.250177, 0.249079, 0.247297, 0.2483, 0.247504, 0.249186, 0.247012, 0.246061, 0.25, 0.249637]
232.0
3584.0
6298.0
[121.0, 699.0, 790.0, 2806.0, 2302.0, 3445.0, 2535.0, 3433.0, 1325.0, 3752.0]
[1, 2, 2, 4, 4, 5, 7, 9, 3, 8]
[724.0, 2753.0, 3170.0, 2995.0, 2302.0, 3445.0, 2535.0, 3433.0, 1325.0, 3752.0]
[1, 3, 5, 4, 4, 5, 7, 9, 3, 8]
0.885861776967
[512687.0, 517072.0, 521460.0, 525310.0, 508815.0, 511864.0, 508753.0, 510029.0, 512000.0, 512000.0]
[0.251005, 0.249621, 0.248264, 0.246159, 0.245305, 0.249801, 0.245213, 0.247102, 0.25, 0.25]
269.0
3625.0
6285.0
[687.0, 1072.0, 1460.0, 1310.0, 815.0, 3864.0, 753.0, 2029.0]
[1, 4, 2, 3, 2, 5, 2, 6]
[1519.0, 2865.0, 3531.0, 3015.0, 3731.0, 3864.0, 753.0, 2029.0]
[1, 3, 6, 3, 11, 5, 2, 6]
