0.994484995945
[806354, 800738, 805481, 796140, 800019, 796975, 806698, 813032, 824813, 821415]
244.0
3846.0
7783.0
3.54666666667
[558.0, 2929.0, 2083.0, 592.0, 934.0, 539.0, 1370.0, 3986.0, 715.0, 3247.0, 3296.0, 892.0, 439.0, 2827.0, 2093.0, 1042.0, 2104.0, 240.0, 2592.0, 1109.0, 1419.0, 1858.0, 1368.0, 3463.0, 909.0, 681.0, 1019.0, 3359.0, 1350.0, 837.0, 3519.0, 3539.0, 958.0, 2094.0, 1152.0, 1668.0, 1203.0, 1808.0, 1418.0, 2729.0, 2935.0, 1303.0, 1406.0, 1863.0, 1387.0, 2249.0, 697.0, 2046.0, 3603.0, 1948.0, 2949.0, 3592.0, 1697.0, 2077.0, 2047.0, 3302.0, 3560.0, 1252.0, 918.0, 1405.0, 1789.0, 1791.0, 1726.0, 1807.0, 1650.0, 2695.0, 489.0, 1034.0, 1754.0, 3497.0, 2880.0, 1349.0, 2395.0, 2624.0, 1303.0, 808.0, 1713.0, 3790.0, 1365.0, 3130.0, 1566.0, 857.0, 1289.0, 1600.0, 3413.0, 2275.0, 3328.0, 2960.0, 3967.0, 1275.0, 1767.0, 2713.0, 3688.0, 2453.0, 2480.0, 3363.0, 3898.0, 3564.0, 2127.0, 1708.0, 1710.0, 1051.0, 2780.0, 3309.0, 3321.0, 3725.0, 1454.0, 2718.0, 1635.0, 3838.0, 1435.0, 1898.0, 3211.0, 950.0, 2703.0, 3800.0, 1933.0, 1265.0, 3211.0, 672.0, 3351.0, 1523.0, 1933.0, 2438.0, 1113.0, 3532.0, 1643.0, 2242.0, 2867.0, 1073.0, 3038.0, 3853.0, 2060.0, 1387.0, 2617.0, 2041.0, 3533.0, 1176.0, 2484.0, 355.0, 2391.0, 2549.0, 3833.0, 3001.0, 1415.0, 2077.0, 1552.0, 1361.0, 3200.0, 3938.0, 2544.0, 1072.0, 2169.0, 3607.0, 650.0, 2762.0, 3706.0, 2387.0, 1758.0, 2181.0, 3452.0, 2096.0, 1094.0, 2490.0, 2118.0]
[1, 11, 7, 3, 3, 3, 6, 19, 3, 5, 10, 3, 4, 14, 3, 6, 11, 1, 9, 3, 4, 7, 9, 16, 3, 5, 5, 15, 4, 5, 13, 9, 2, 9, 4, 5, 3, 5, 4, 7, 7, 4, 3, 4, 4, 4, 2, 7, 7, 4, 13, 6, 7, 9, 4, 8, 11, 4, 3, 4, 3, 4, 9, 6, 3, 5, 3, 3, 9, 10, 8, 3, 8, 10, 4, 6, 3, 15, 3, 11, 3, 5, 6, 4, 8, 8, 8, 8, 13, 3, 3, 15, 8, 10, 7, 7, 11, 9, 6, 5, 4, 3, 8, 8, 8, 8, 8, 9, 7, 11, 2, 9, 9, 2, 7, 11, 7, 4, 5, 3, 7, 5, 4, 12, 4, 11, 3, 5, 10, 4, 10, 19, 8, 4, 3, 4, 13, 3, 4, 2, 4, 6, 26, 6, 6, 8, 5, 3, 10, 12, 8, 5, 5, 10, 3, 5, 12, 4, 4, 3, 4, 4, 4, 6, 6]
[1059.0, 2929.0, 2083.0, 3826.0, 1547.0, 2092.0, 1370.0, 3986.0, 715.0, 3247.0, 3296.0, 3626.0, 2494.0, 2827.0, 2093.0, 1042.0, 2104.0, 1351.0, 2592.0, 3374.0, 3795.0, 3463.0, 2029.0, 3823.0, 909.0, 3640.0, 3932.0, 3818.0, 2075.0, 3601.0, 3519.0, 3539.0, 1662.0, 2094.0, 1152.0, 1668.0, 1203.0, 3969.0, 1418.0, 2729.0, 2935.0, 1944.0, 1406.0, 1863.0, 2337.0, 2249.0, 697.0, 2046.0, 3603.0, 3212.0, 3518.0, 3842.0, 1697.0, 2077.0, 2047.0, 3302.0, 3560.0, 2189.0, 918.0, 1405.0, 3113.0, 1791.0, 1726.0, 1807.0, 1707.0, 2695.0, 489.0, 3995.0, 1754.0, 3497.0, 2880.0, 1349.0, 2395.0, 2624.0, 1303.0, 808.0, 1713.0, 3790.0, 2187.0, 3130.0, 1566.0, 857.0, 2864.0, 2935.0, 3648.0, 3975.0, 3328.0, 2960.0, 3967.0, 1275.0, 3051.0, 3500.0, 3688.0, 2453.0, 2480.0, 3363.0, 3898.0, 3696.0, 2281.0, 3580.0, 1710.0, 3357.0, 2780.0, 3309.0, 3321.0, 3725.0, 1454.0, 2718.0, 1635.0, 3838.0, 3484.0, 2672.0, 3211.0, 1970.0, 2703.0, 3800.0, 2831.0, 2533.0, 3211.0, 3360.0, 3351.0, 1523.0, 1933.0, 2438.0, 1113.0, 3532.0, 2467.0, 2242.0, 2867.0, 1073.0, 3038.0, 3853.0, 2060.0, 3132.0, 2617.0, 2041.0, 3533.0, 1176.0, 3640.0, 355.0, 2391.0, 3481.0, 3833.0, 3001.0, 1415.0, 2077.0, 1552.0, 1361.0, 3200.0, 3938.0, 3865.0, 3241.0, 2169.0, 3607.0, 650.0, 2762.0, 3706.0, 2387.0, 3216.0, 3966.0, 3452.0, 2096.0, 2276.0, 2490.0, 2118.0]
[1, 11, 7, 10, 7, 11, 6, 19, 3, 5, 10, 7, 9, 14, 3, 6, 11, 1, 9, 6, 15, 5, 6, 10, 3, 22, 18, 11, 7, 12, 13, 9, 2, 9, 4, 5, 3, 14, 4, 7, 7, 4, 3, 4, 4, 4, 2, 7, 7, 4, 10, 13, 7, 9, 4, 8, 11, 8, 3, 4, 12, 4, 9, 6, 3, 5, 3, 16, 9, 10, 8, 3, 8, 10, 4, 6, 3, 15, 5, 11, 3, 5, 8, 10, 15, 12, 8, 8, 13, 3, 6, 7, 8, 10, 7, 7, 11, 12, 6, 11, 4, 10, 8, 8, 8, 8, 8, 9, 7, 11, 5, 13, 9, 11, 7, 11, 4, 11, 5, 11, 7, 5, 4, 12, 4, 11, 7, 5, 10, 4, 10, 19, 8, 21, 3, 4, 13, 3, 13, 2, 4, 11, 26, 6, 6, 8, 5, 3, 10, 12, 11, 6, 5, 10, 3, 5, 12, 4, 14, 13, 4, 4, 8, 6, 6]
0.997071547421
[810952, 811470, 808346, 794823, 805446, 809390, 821980, 844957, 835580, 834930]
184.0
3485.0
7805.0
3.44666666667
[93.0, 1673.0, 999.0, 1652.0, 1689.0, 1124.0, 3844.0, 1457.0, 2745.0, 1036.0, 2490.0, 3147.0, 1886.0, 794.0, 1055.0, 1598.0, 3906.0, 610.0, 3863.0, 1387.0, 1399.0, 747.0, 2382.0, 1827.0, 483.0, 1205.0, 1785.0, 3153.0, 1236.0, 1466.0, 1988.0, 2235.0, 3132.0, 1790.0, 1150.0, 3019.0, 3750.0, 3325.0, 2014.0, 1619.0, 790.0, 1434.0, 677.0, 1162.0, 3746.0, 1318.0, 783.0, 1683.0, 1713.0, 1886.0, 2414.0, 2985.0, 1320.0, 2144.0, 2551.0, 2663.0, 1439.0, 2796.0, 1217.0, 1633.0, 985.0, 1216.0, 2509.0, 1827.0, 927.0, 3112.0, 629.0, 903.0, 2844.0, 1770.0, 3822.0, 3961.0, 2967.0, 3188.0, 858.0, 3460.0, 2360.0, 1951.0, 3887.0, 2711.0, 2190.0, 653.0, 1628.0, 1810.0, 2504.0, 1886.0, 2235.0, 2251.0, 1289.0, 1730.0, 1850.0, 2982.0, 2599.0, 1935.0, 3416.0, 2725.0, 1967.0, 2672.0, 2422.0, 664.0, 1191.0, 678.0, 1663.0, 1988.0, 2182.0, 2317.0, 1851.0, 3961.0, 2946.0, 3099.0, 1664.0, 1943.0, 953.0, 1855.0, 1655.0, 2245.0, 3182.0, 604.0, 1082.0, 2030.0, 2942.0, 3759.0, 1395.0, 2159.0, 1584.0, 2238.0, 3566.0, 2699.0, 870.0, 2083.0, 3358.0, 1908.0, 2627.0, 2669.0, 1993.0, 2672.0, 1251.0, 3663.0, 1441.0, 979.0, 2051.0, 787.0, 1028.0, 2601.0, 619.0, 2151.0, 3487.0, 2434.0, 3039.0, 1595.0, 580.0, 1331.0, 860.0, 2340.0, 2197.0, 1125.0, 1502.0, 981.0, 927.0, 3020.0, 3184.0, 2519.0, 1210.0, 820.0, 2696.0, 2851.0, 2129.0, 1548.0, 2194.0, 1148.0, 1834.0, 1659.0, 1677.0, 3574.0, 1851.0, 2357.0, 3834.0, 2819.0, 2409.0, 1021.0, 2959.0, 1863.0, 2495.0, 3189.0, 983.0, 675.0, 2844.0, 1196.0, 1534.0, 648.0, 2109.0, 1421.0, 1015.0, 1511.0, 1478.0, 1567.0, 2604.0, 3083.0, 502.0, 3837.0, 2792.0, 1112.0, 2046.0, 932.0, 2266.0, 2725.0, 1766.0, 909.0, 3471.0, 759.0, 1274.0]
[1, 4, 5, 4, 4, 5, 11, 6, 5, 4, 14, 12, 4, 3, 4, 4, 8, 3, 11, 5, 4, 2, 6, 6, 3, 3, 6, 8, 4, 3, 5, 9, 4, 4, 4, 10, 13, 10, 4, 7, 3, 4, 6, 3, 11, 2, 3, 8, 6, 3, 9, 7, 4, 8, 6, 5, 5, 6, 3, 3, 5, 5, 5, 3, 3, 10, 3, 3, 10, 6, 16, 9, 3, 10, 3, 6, 7, 4, 10, 10, 7, 2, 4, 5, 4, 4, 6, 9, 3, 5, 5, 9, 9, 4, 14, 7, 6, 10, 3, 2, 3, 3, 4, 5, 4, 8, 4, 15, 7, 12, 5, 5, 4, 6, 7, 3, 10, 3, 4, 10, 10, 11, 6, 6, 8, 6, 17, 11, 3, 4, 4, 10, 12, 8, 4, 9, 8, 15, 4, 1, 4, 3, 2, 7, 5, 11, 10, 5, 9, 7, 2, 4, 3, 13, 6, 4, 3, 3, 4, 11, 12, 7, 7, 2, 5, 6, 8, 4, 5, 2, 3, 4, 6, 8, 4, 10, 9, 9, 7, 3, 6, 6, 9, 10, 4, 3, 5, 5, 5, 2, 5, 4, 3, 5, 5, 3, 6, 7, 3, 14, 6, 3, 6, 3, 7, 9, 3, 3, 8, 2, 5]
[789.0, 1673.0, 2664.0, 3975.0, 3543.0, 1124.0, 3844.0, 1457.0, 3085.0, 2231.0, 3208.0, 3147.0, 3083.0, 3663.0, 2791.0, 1598.0, 3970.0, 2215.0, 3863.0, 1387.0, 1935.0, 1342.0, 2382.0, 2312.0, 3025.0, 1205.0, 3493.0, 3153.0, 1236.0, 1466.0, 1988.0, 2235.0, 3132.0, 1790.0, 3135.0, 3019.0, 3750.0, 3325.0, 3520.0, 2966.0, 790.0, 1434.0, 1429.0, 2919.0, 3746.0, 3019.0, 1131.0, 1683.0, 1713.0, 1886.0, 2414.0, 2985.0, 1320.0, 2144.0, 3829.0, 2663.0, 1439.0, 2796.0, 1217.0, 3124.0, 985.0, 1216.0, 2509.0, 3125.0, 1974.0, 3947.0, 1955.0, 1447.0, 2844.0, 1770.0, 3822.0, 3961.0, 2967.0, 3188.0, 858.0, 3747.0, 2360.0, 1951.0, 3887.0, 2711.0, 2190.0, 2244.0, 2798.0, 3772.0, 2790.0, 2113.0, 3740.0, 2251.0, 1289.0, 1730.0, 1850.0, 2982.0, 2599.0, 3023.0, 3658.0, 2725.0, 1967.0, 2672.0, 2422.0, 3648.0, 1191.0, 2923.0, 2311.0, 1988.0, 2182.0, 2317.0, 1851.0, 3961.0, 2946.0, 3236.0, 2901.0, 3707.0, 1676.0, 1855.0, 1731.0, 2564.0, 3182.0, 1641.0, 2206.0, 2030.0, 2942.0, 3759.0, 1395.0, 3482.0, 1584.0, 3197.0, 3566.0, 2699.0, 870.0, 3575.0, 3358.0, 1908.0, 3417.0, 2669.0, 1993.0, 2672.0, 1659.0, 3663.0, 1441.0, 2895.0, 2051.0, 3579.0, 2987.0, 2601.0, 619.0, 2151.0, 3487.0, 2434.0, 3521.0, 1595.0, 580.0, 1331.0, 860.0, 2340.0, 2197.0, 1125.0, 1502.0, 981.0, 927.0, 3020.0, 3184.0, 2519.0, 1210.0, 1273.0, 3877.0, 3282.0, 2870.0, 2918.0, 2194.0, 1148.0, 2023.0, 3922.0, 1677.0, 3574.0, 1851.0, 2357.0, 3834.0, 3957.0, 2409.0, 1021.0, 3850.0, 1863.0, 2495.0, 3189.0, 983.0, 675.0, 3061.0, 1403.0, 1534.0, 3246.0, 2259.0, 1706.0, 1015.0, 2760.0, 2178.0, 3958.0, 2604.0, 3083.0, 3786.0, 3837.0, 2792.0, 1728.0, 3750.0, 932.0, 2266.0, 2725.0, 2972.0, 3079.0, 3471.0, 2906.0, 1370.0]
[1, 4, 9, 14, 9, 5, 11, 6, 8, 4, 4, 12, 15, 14, 6, 4, 14, 9, 11, 5, 6, 3, 6, 3, 13, 3, 10, 8, 4, 3, 5, 9, 4, 4, 13, 10, 13, 10, 12, 4, 3, 4, 3, 6, 11, 8, 5, 8, 6, 3, 9, 7, 4, 8, 11, 5, 5, 6, 3, 13, 5, 5, 5, 3, 5, 4, 6, 3, 10, 6, 16, 9, 3, 10, 3, 12, 7, 4, 10, 10, 7, 2, 6, 11, 11, 6, 14, 9, 3, 5, 5, 9, 9, 10, 12, 7, 6, 10, 3, 13, 3, 9, 9, 5, 4, 8, 4, 15, 7, 9, 9, 14, 7, 6, 7, 3, 10, 5, 12, 10, 10, 11, 6, 12, 8, 6, 17, 11, 3, 9, 4, 10, 11, 8, 4, 9, 6, 15, 4, 6, 4, 11, 10, 7, 5, 11, 10, 5, 13, 7, 2, 4, 3, 13, 6, 4, 3, 3, 4, 11, 12, 7, 7, 8, 7, 14, 10, 10, 5, 2, 6, 12, 6, 8, 4, 10, 9, 10, 7, 3, 12, 6, 9, 10, 4, 3, 8, 5, 5, 16, 3, 2, 3, 8, 3, 13, 6, 7, 24, 14, 6, 9, 9, 3, 7, 9, 12, 11, 8, 7, 3]
0.99940561692
[831474, 832365, 820839, 823713, 822837, 814730, 828709, 828174, 846986, 851414]
96.0
3103.0
7678.0
3.28666666667
[323.0, 2763.0, 3382.0, 353.0, 2393.0, 1811.0, 3893.0, 889.0, 753.0, 2388.0, 1494.0, 2349.0, 847.0, 2195.0, 742.0, 1837.0, 687.0, 1099.0, 1274.0, 1729.0, 928.0, 2240.0, 3468.0, 1497.0, 786.0, 1140.0, 1266.0, 1847.0, 732.0, 2954.0, 1256.0, 945.0, 1429.0, 2908.0, 1320.0, 1086.0, 577.0, 912.0, 2471.0, 3887.0, 879.0, 496.0, 3321.0, 2793.0, 1742.0, 2198.0, 3027.0, 2731.0, 947.0, 927.0, 2570.0, 1400.0, 614.0, 716.0, 706.0, 2091.0, 764.0, 826.0, 2853.0, 2163.0, 1978.0, 2126.0, 2162.0, 974.0, 3912.0, 1086.0, 1666.0, 3515.0, 2950.0, 2171.0, 1429.0, 2446.0, 2095.0, 2098.0, 2422.0, 1820.0, 1308.0, 751.0, 2896.0, 2903.0, 1319.0, 1493.0, 731.0, 3068.0, 1127.0, 1696.0, 2187.0, 945.0, 775.0, 1478.0, 866.0, 1486.0, 537.0, 1626.0, 2360.0, 1739.0, 1251.0, 2852.0, 919.0, 2712.0, 1658.0, 1142.0, 992.0, 1119.0, 2654.0, 1341.0, 2680.0, 1272.0, 2017.0, 3222.0, 2727.0, 942.0, 1400.0, 902.0, 1915.0, 3358.0, 1506.0, 820.0, 1257.0, 2937.0, 1773.0, 689.0, 1641.0, 1107.0, 1631.0, 2086.0, 3650.0, 3585.0, 1816.0, 1140.0, 1842.0, 1200.0, 2650.0, 1662.0, 696.0, 2520.0, 919.0, 3824.0, 518.0, 1522.0, 3216.0, 3044.0, 2750.0, 2767.0, 3087.0, 2663.0, 2810.0, 3627.0, 2570.0, 1428.0, 3154.0, 2039.0, 641.0, 3705.0, 1458.0, 1687.0, 1997.0, 2704.0, 419.0, 1867.0, 2461.0, 3532.0, 1777.0, 1449.0, 761.0, 3103.0, 1968.0, 3546.0, 2866.0, 2576.0, 2106.0, 1746.0, 2501.0, 845.0, 2463.0, 2550.0, 3371.0, 1740.0, 1837.0, 1582.0, 3782.0, 2055.0, 808.0, 1511.0, 928.0, 3025.0, 2670.0, 3001.0, 1663.0, 3955.0, 3044.0, 1029.0, 1688.0, 3115.0, 881.0, 1632.0, 3435.0, 3184.0, 3873.0, 1529.0, 3950.0, 1886.0, 1879.0, 2266.0, 2921.0, 2254.0, 2565.0, 1134.0, 3472.0, 2312.0, 3076.0, 860.0, 3470.0, 568.0, 3063.0, 3607.0, 1211.0, 2847.0, 389.0, 1520.0, 3505.0, 1191.0, 1061.0, 1980.0, 2706.0, 205.0, 2189.0, 742.0, 3430.0, 1691.0, 1337.0, 2400.0, 3335.0, 932.0, 316.0, 3845.0, 1727.0, 2027.0, 3300.0, 1753.0, 1441.0, 2006.0, 2655.0, 1541.0, 1324.0, 1961.0, 429.0, 1932.0, 2927.0, 2281.0, 2764.0, 2415.0, 1494.0, 2614.0, 490.0, 1471.0, 2231.0, 1398.0, 1645.0, 1536.0, 1345.0, 2860.0, 985.0, 1763.0, 3296.0, 3395.0, 1334.0]
[1, 10, 10, 2, 9, 4, 26, 4, 4, 3, 4, 10, 4, 9, 4, 4, 4, 4, 3, 6, 3, 3, 7, 5, 3, 4, 4, 3, 1, 9, 7, 3, 6, 9, 3, 4, 3, 3, 4, 14, 4, 4, 7, 12, 4, 8, 4, 10, 3, 4, 5, 4, 3, 3, 3, 7, 3, 2, 10, 11, 7, 3, 6, 4, 16, 3, 6, 5, 11, 5, 3, 6, 9, 7, 4, 4, 3, 4, 8, 4, 2, 4, 3, 10, 3, 4, 5, 4, 5, 4, 3, 3, 3, 7, 4, 4, 4, 3, 3, 5, 9, 5, 3, 5, 4, 4, 11, 3, 5, 7, 10, 4, 5, 3, 4, 12, 4, 3, 4, 8, 9, 4, 4, 7, 4, 5, 14, 10, 6, 3, 5, 3, 3, 3, 4, 10, 3, 12, 3, 7, 13, 6, 3, 6, 11, 4, 8, 11, 10, 4, 6, 7, 3, 11, 4, 4, 6, 13, 3, 5, 7, 14, 4, 3, 3, 9, 3, 16, 6, 3, 5, 5, 12, 2, 8, 7, 17, 4, 6, 3, 8, 8, 2, 6, 3, 3, 9, 7, 3, 10, 8, 3, 4, 10, 4, 3, 13, 10, 26, 2, 10, 8, 4, 7, 6, 11, 9, 3, 7, 4, 12, 6, 9, 6, 8, 14, 3, 7, 3, 2, 11, 3, 4, 8, 4, 2, 7, 4, 15, 7, 4, 7, 5, 3, 3, 10, 5, 4, 5, 3, 3, 3, 8, 3, 4, 3, 3, 3, 9, 4, 6, 7, 4, 8, 3, 6, 5, 6, 4, 10, 7, 4, 5, 7, 11, 12, 4]
[1150.0, 2763.0, 3382.0, 353.0, 2393.0, 2391.0, 3893.0, 2354.0, 1132.0, 3007.0, 3558.0, 2349.0, 847.0, 3588.0, 742.0, 3994.0, 1539.0, 2710.0, 1386.0, 1729.0, 928.0, 2531.0, 3468.0, 2395.0, 3156.0, 1140.0, 1266.0, 3727.0, 1640.0, 2954.0, 1256.0, 945.0, 1429.0, 2908.0, 3053.0, 1438.0, 577.0, 3354.0, 3358.0, 3887.0, 1467.0, 2111.0, 3321.0, 2793.0, 1742.0, 2198.0, 3698.0, 2835.0, 1443.0, 2003.0, 2570.0, 3932.0, 614.0, 3475.0, 3327.0, 2091.0, 3224.0, 1658.0, 2853.0, 3186.0, 1978.0, 3345.0, 3886.0, 3380.0, 3912.0, 3235.0, 1666.0, 3515.0, 3501.0, 2527.0, 3370.0, 2446.0, 2684.0, 2098.0, 2422.0, 1820.0, 2897.0, 1586.0, 2896.0, 2903.0, 3826.0, 1493.0, 2535.0, 3068.0, 1127.0, 2270.0, 2187.0, 945.0, 3523.0, 1478.0, 866.0, 1486.0, 3036.0, 1626.0, 2360.0, 2569.0, 1251.0, 2852.0, 919.0, 3744.0, 1658.0, 2611.0, 2503.0, 1119.0, 2654.0, 3311.0, 2680.0, 3573.0, 2948.0, 3222.0, 2727.0, 3284.0, 1400.0, 3416.0, 1915.0, 3358.0, 1506.0, 2914.0, 1257.0, 2937.0, 1773.0, 689.0, 1641.0, 1107.0, 1631.0, 2523.0, 3650.0, 3585.0, 1816.0, 3866.0, 1842.0, 2536.0, 3489.0, 1662.0, 696.0, 3516.0, 3887.0, 3824.0, 2127.0, 1522.0, 3216.0, 3899.0, 2750.0, 3776.0, 3087.0, 2663.0, 3330.0, 3627.0, 3546.0, 1428.0, 3154.0, 2039.0, 641.0, 3705.0, 2364.0, 1687.0, 1997.0, 2704.0, 419.0, 3653.0, 2461.0, 3532.0, 2834.0, 1449.0, 1346.0, 3644.0, 1968.0, 3546.0, 2866.0, 2576.0, 2106.0, 1746.0, 2501.0, 3894.0, 2463.0, 3429.0, 3804.0, 1740.0, 1837.0, 1582.0, 3782.0, 2773.0, 808.0, 3108.0, 928.0, 3025.0, 2670.0, 3001.0, 2348.0, 3955.0, 3044.0, 1731.0, 3581.0, 3115.0, 1662.0, 1632.0, 3435.0, 3762.0, 3873.0, 1692.0, 3950.0, 2256.0, 1879.0, 2412.0, 3858.0, 2254.0, 2565.0, 2955.0, 3472.0, 3769.0, 3076.0, 3085.0, 3470.0, 2095.0, 3594.0, 3607.0, 1760.0, 3790.0, 1316.0, 1520.0, 3505.0, 2439.0, 1061.0, 3954.0, 2706.0, 713.0, 2189.0, 2360.0, 3430.0, 1691.0, 1337.0, 2525.0, 3335.0, 932.0, 316.0, 3845.0, 1727.0, 3851.0, 3300.0, 1753.0, 1441.0, 3909.0, 2655.0, 1541.0, 1324.0, 2890.0, 2398.0, 1932.0, 2927.0, 3470.0, 3746.0, 2415.0, 2572.0, 2614.0, 3880.0, 3107.0, 2720.0, 1398.0, 1997.0, 2052.0, 3579.0, 3466.0, 1809.0, 1763.0, 3296.0, 3395.0, 1334.0]
[1, 10, 10, 2, 9, 12, 26, 12, 4, 20, 23, 10, 4, 13, 4, 15, 9, 7, 3, 6, 3, 10, 7, 3, 7, 4, 4, 16, 2, 9, 7, 3, 6, 9, 14, 4, 3, 11, 14, 14, 4, 4, 7, 12, 4, 8, 16, 5, 5, 8, 5, 15, 3, 11, 14, 7, 7, 4, 10, 9, 7, 12, 15, 15, 16, 12, 6, 5, 10, 5, 9, 6, 12, 7, 4, 4, 9, 4, 8, 4, 13, 4, 11, 10, 3, 4, 5, 4, 14, 4, 3, 3, 12, 7, 4, 13, 4, 3, 3, 12, 9, 3, 6, 5, 4, 4, 11, 12, 5, 7, 10, 14, 5, 9, 4, 12, 4, 14, 4, 8, 9, 4, 4, 7, 4, 8, 14, 10, 6, 16, 5, 14, 6, 3, 4, 14, 8, 12, 9, 7, 13, 9, 3, 11, 11, 4, 8, 11, 7, 4, 6, 7, 3, 11, 7, 4, 6, 13, 3, 8, 7, 14, 13, 3, 6, 10, 3, 16, 6, 3, 5, 5, 12, 21, 8, 13, 11, 4, 6, 3, 8, 16, 2, 16, 3, 3, 9, 7, 11, 10, 8, 6, 12, 10, 6, 3, 13, 10, 26, 9, 10, 5, 4, 9, 10, 11, 9, 19, 7, 15, 12, 11, 9, 10, 14, 14, 3, 12, 3, 2, 11, 10, 4, 10, 4, 2, 7, 8, 15, 7, 4, 12, 5, 3, 3, 10, 5, 18, 5, 3, 3, 15, 8, 3, 4, 8, 9, 3, 9, 5, 9, 7, 11, 8, 13, 10, 9, 6, 8, 5, 16, 11, 11, 7, 11, 12, 4]
0.997386831616
[818013, 813375, 812361, 812030, 815620, 818305, 830216, 837591, 844614, 842461]
144.0
3298.0
7662.0
3.36
[608.0, 619.0, 2389.0, 2322.0, 3294.0, 2553.0, 3991.0, 2029.0, 3257.0, 2492.0, 1466.0, 1834.0, 2412.0, 999.0, 3266.0, 2033.0, 631.0, 2049.0, 1538.0, 1904.0, 689.0, 1712.0, 741.0, 1159.0, 1627.0, 349.0, 1479.0, 2945.0, 2035.0, 3743.0, 423.0, 3425.0, 1101.0, 2323.0, 3315.0, 2117.0, 2032.0, 1833.0, 1629.0, 538.0, 567.0, 3468.0, 1740.0, 2392.0, 1023.0, 413.0, 3735.0, 3339.0, 787.0, 1842.0, 1458.0, 3887.0, 3217.0, 3634.0, 964.0, 1884.0, 866.0, 2449.0, 615.0, 2103.0, 3988.0, 3267.0, 967.0, 2423.0, 732.0, 2497.0, 794.0, 1679.0, 1891.0, 1695.0, 1267.0, 911.0, 629.0, 2293.0, 1047.0, 2835.0, 1186.0, 3873.0, 2174.0, 2879.0, 1072.0, 420.0, 828.0, 1077.0, 2956.0, 1692.0, 2182.0, 646.0, 3445.0, 1212.0, 2613.0, 2469.0, 906.0, 2806.0, 1655.0, 1788.0, 2095.0, 2469.0, 1154.0, 2901.0, 2857.0, 1997.0, 3029.0, 2147.0, 777.0, 1573.0, 1106.0, 1831.0, 1364.0, 1155.0, 1925.0, 845.0, 3443.0, 1387.0, 3401.0, 3750.0, 3880.0, 1941.0, 3868.0, 570.0, 1297.0, 1508.0, 3651.0, 454.0, 1729.0, 2717.0, 841.0, 846.0, 1789.0, 618.0, 862.0, 3514.0, 612.0, 2460.0, 553.0, 2181.0, 2421.0, 3129.0, 1489.0, 3871.0, 1474.0, 3674.0, 3965.0, 1669.0, 3810.0, 431.0, 3317.0, 610.0, 937.0, 2089.0, 2221.0, 790.0, 1748.0, 1443.0, 2145.0, 1974.0, 867.0, 1722.0, 2576.0, 2678.0, 585.0, 2486.0, 2425.0, 1321.0, 1777.0, 1417.0, 3290.0, 1870.0, 1647.0, 2629.0, 2183.0, 3347.0, 1856.0, 3489.0, 274.0, 960.0, 1629.0, 3339.0, 2720.0, 824.0, 1353.0, 1714.0, 1395.0, 2008.0, 2249.0, 1622.0, 1335.0, 3664.0, 939.0, 1378.0, 2214.0, 1659.0, 1610.0, 3250.0, 2472.0, 1849.0, 2257.0, 840.0, 611.0, 1690.0, 1434.0, 1738.0, 3813.0, 2503.0, 859.0, 2065.0, 1281.0, 1412.0, 753.0, 2259.0, 187.0, 3782.0, 3532.0, 1494.0, 1978.0, 3601.0, 1257.0, 1556.0, 3456.0, 3044.0, 1850.0, 2780.0, 1378.0, 1187.0, 1036.0, 1566.0, 1652.0, 547.0, 413.0, 1799.0, 1040.0, 1693.0, 2818.0, 1531.0, 1015.0, 3298.0, 3550.0]
[1, 3, 10, 7, 13, 4, 13, 4, 11, 8, 3, 4, 6, 4, 6, 10, 4, 3, 4, 5, 3, 4, 4, 4, 4, 1, 4, 10, 5, 12, 2, 12, 6, 7, 13, 7, 7, 5, 3, 4, 3, 7, 4, 4, 4, 3, 16, 11, 2, 7, 4, 12, 9, 11, 3, 6, 2, 4, 3, 6, 10, 9, 3, 3, 3, 7, 3, 3, 5, 6, 4, 3, 3, 8, 4, 12, 4, 11, 8, 4, 7, 2, 3, 4, 4, 2, 8, 3, 17, 5, 13, 10, 2, 8, 6, 6, 4, 15, 3, 8, 7, 4, 4, 7, 4, 6, 3, 5, 5, 3, 3, 4, 10, 3, 8, 14, 8, 8, 11, 6, 5, 3, 10, 3, 6, 11, 4, 5, 9, 3, 3, 11, 3, 6, 2, 5, 9, 11, 7, 9, 9, 8, 12, 4, 9, 3, 12, 3, 3, 6, 4, 3, 4, 4, 5, 7, 4, 6, 9, 10, 2, 4, 7, 8, 4, 3, 11, 8, 5, 8, 5, 11, 5, 14, 2, 5, 5, 10, 11, 3, 4, 3, 5, 3, 5, 3, 2, 13, 3, 3, 10, 4, 6, 10, 9, 4, 5, 3, 3, 3, 4, 3, 11, 5, 4, 4, 3, 3, 3, 6, 3, 8, 10, 4, 4, 13, 3, 4, 18, 7, 3, 4, 4, 5, 3, 4, 6, 3, 3, 3, 4, 3, 6, 3, 4, 16, 15]
[1443.0, 807.0, 3565.0, 3893.0, 3294.0, 2553.0, 3991.0, 3488.0, 3257.0, 2492.0, 1466.0, 1834.0, 2412.0, 999.0, 3266.0, 3267.0, 3906.0, 3916.0, 1538.0, 2213.0, 2575.0, 1836.0, 2982.0, 1159.0, 1627.0, 1203.0, 1479.0, 3574.0, 2035.0, 3743.0, 3195.0, 3425.0, 1598.0, 2323.0, 3315.0, 2117.0, 2032.0, 1833.0, 3781.0, 3639.0, 2926.0, 3468.0, 3595.0, 2392.0, 1023.0, 1955.0, 3735.0, 3339.0, 2104.0, 1842.0, 1458.0, 3887.0, 3217.0, 3634.0, 964.0, 1884.0, 866.0, 2449.0, 615.0, 2318.0, 3988.0, 3432.0, 3433.0, 2423.0, 2836.0, 2789.0, 794.0, 2527.0, 1891.0, 3805.0, 1267.0, 3016.0, 629.0, 2293.0, 1047.0, 2835.0, 3246.0, 3873.0, 2174.0, 3486.0, 1072.0, 420.0, 828.0, 3986.0, 3371.0, 1692.0, 2182.0, 2593.0, 3445.0, 3032.0, 2613.0, 2469.0, 3295.0, 2806.0, 1655.0, 1788.0, 2375.0, 3511.0, 2249.0, 2901.0, 3376.0, 1997.0, 3029.0, 3519.0, 777.0, 2845.0, 3868.0, 2912.0, 1364.0, 1155.0, 1925.0, 845.0, 3443.0, 2857.0, 3401.0, 3750.0, 3880.0, 1941.0, 3868.0, 759.0, 1297.0, 1508.0, 3651.0, 2493.0, 1729.0, 3942.0, 2631.0, 3258.0, 3317.0, 3925.0, 862.0, 3514.0, 612.0, 2460.0, 2442.0, 2181.0, 2617.0, 3129.0, 1489.0, 3871.0, 3838.0, 3674.0, 3965.0, 3389.0, 3810.0, 3967.0, 3317.0, 610.0, 3518.0, 3730.0, 2221.0, 790.0, 1748.0, 1443.0, 3046.0, 3369.0, 2994.0, 1722.0, 2576.0, 3848.0, 1364.0, 2486.0, 2979.0, 2899.0, 3694.0, 1417.0, 3290.0, 1870.0, 1647.0, 3830.0, 2879.0, 3670.0, 2000.0, 3489.0, 1853.0, 3618.0, 3814.0, 3845.0, 2720.0, 1309.0, 3864.0, 2777.0, 1987.0, 2822.0, 2249.0, 1622.0, 3214.0, 3664.0, 939.0, 3017.0, 2385.0, 1659.0, 1610.0, 3250.0, 2472.0, 1849.0, 3652.0, 3681.0, 3284.0, 3913.0, 1434.0, 1738.0, 3813.0, 3240.0, 859.0, 2279.0, 3227.0, 1412.0, 753.0, 3595.0, 2575.0, 3782.0, 3532.0, 3739.0, 1978.0, 3601.0, 1257.0, 1556.0, 3456.0, 3044.0, 3733.0, 2780.0, 1378.0, 1187.0, 2850.0, 1566.0, 2159.0, 3105.0, 2754.0, 2912.0, 1040.0, 2332.0, 3119.0, 2624.0, 3096.0, 3298.0, 3550.0]
[1, 3, 13, 15, 13, 4, 13, 4, 11, 8, 3, 4, 6, 4, 6, 5, 14, 10, 4, 8, 13, 10, 11, 4, 4, 1, 4, 6, 5, 12, 11, 12, 9, 7, 13, 7, 7, 5, 10, 14, 9, 7, 16, 4, 4, 11, 16, 11, 4, 7, 4, 12, 9, 11, 3, 6, 2, 4, 3, 6, 10, 11, 11, 3, 5, 10, 3, 11, 5, 27, 4, 7, 3, 8, 4, 12, 23, 11, 8, 7, 7, 2, 3, 24, 13, 2, 8, 9, 17, 8, 13, 10, 9, 8, 6, 6, 9, 3, 7, 8, 14, 4, 4, 13, 4, 3, 13, 10, 5, 3, 3, 4, 10, 3, 8, 14, 8, 8, 11, 3, 5, 3, 10, 11, 6, 15, 10, 10, 3, 10, 3, 11, 3, 6, 4, 5, 10, 11, 7, 9, 17, 8, 12, 14, 9, 24, 12, 3, 14, 13, 4, 3, 4, 4, 8, 10, 11, 6, 9, 10, 2, 4, 11, 13, 13, 3, 11, 8, 5, 11, 5, 16, 7, 14, 9, 15, 22, 9, 11, 3, 12, 13, 9, 10, 5, 3, 9, 13, 3, 18, 4, 4, 6, 10, 9, 4, 11, 18, 8, 15, 4, 3, 11, 5, 4, 4, 10, 3, 3, 13, 11, 8, 10, 16, 4, 13, 3, 4, 18, 7, 26, 4, 4, 5, 11, 4, 9, 11, 11, 9, 4, 10, 10, 13, 9, 16, 15]
0.99925755823
[835685, 838580, 827717, 824757, 821789, 824531, 837392, 844543, 850405, 857364]
94.0
2924.0
7495.0
3.20666666667
[565.0, 2774.0, 984.0, 1919.0, 2787.0, 1468.0, 1177.0, 1413.0, 2845.0, 458.0, 2599.0, 1583.0, 1190.0, 196.0, 1833.0, 585.0, 1118.0, 1588.0, 2708.0, 1509.0, 2120.0, 2084.0, 2309.0, 1754.0, 2411.0, 589.0, 2671.0, 2588.0, 1350.0, 3140.0, 3728.0, 292.0, 2389.0, 1423.0, 1572.0, 1198.0, 1501.0, 806.0, 1699.0, 1553.0, 844.0, 2862.0, 1357.0, 2591.0, 2454.0, 1489.0, 1435.0, 2759.0, 1613.0, 1027.0, 1014.0, 1933.0, 1616.0, 1063.0, 2202.0, 535.0, 1146.0, 3443.0, 1471.0, 133.0, 3191.0, 936.0, 1851.0, 1246.0, 3663.0, 2044.0, 2597.0, 1203.0, 525.0, 2484.0, 2115.0, 1774.0, 2264.0, 596.0, 2536.0, 1225.0, 881.0, 2653.0, 3327.0, 2531.0, 612.0, 1680.0, 1201.0, 1588.0, 2513.0, 2009.0, 1056.0, 3436.0, 1737.0, 2147.0, 1492.0, 1891.0, 2366.0, 1127.0, 726.0, 1209.0, 2303.0, 2075.0, 1860.0, 2802.0, 2777.0, 1020.0, 2071.0, 1131.0, 725.0, 1269.0, 2270.0, 1261.0, 2443.0, 2173.0, 1454.0, 570.0, 1004.0, 3077.0, 1658.0, 2145.0, 1169.0, 3638.0, 3240.0, 1995.0, 715.0, 2179.0, 3525.0, 1115.0, 412.0, 1025.0, 1422.0, 1080.0, 2034.0, 3658.0, 1771.0, 3115.0, 764.0, 313.0, 1504.0, 569.0, 3165.0, 413.0, 1212.0, 3319.0, 1362.0, 3530.0, 954.0, 3380.0, 1275.0, 873.0, 2796.0, 1767.0, 861.0, 3888.0, 1473.0, 1769.0, 3278.0, 3550.0, 3072.0, 861.0, 2458.0, 3807.0, 922.0, 1740.0, 2738.0, 2931.0, 2259.0, 2981.0, 1364.0, 2108.0, 2495.0, 1212.0, 3662.0, 327.0, 1415.0, 665.0, 3526.0, 1059.0, 1591.0, 1239.0, 2293.0, 1147.0, 1801.0, 1220.0, 3164.0, 2096.0, 1632.0, 2568.0, 1713.0, 702.0, 1368.0, 2108.0, 2885.0, 2546.0, 3118.0, 3584.0, 1467.0, 1252.0, 2685.0, 2383.0, 2628.0, 1037.0, 3673.0, 2275.0, 2423.0, 1411.0, 1179.0, 2487.0, 486.0, 1579.0, 1080.0, 1212.0, 2023.0, 1892.0, 915.0, 1029.0, 2041.0, 3810.0, 1675.0, 1801.0, 895.0, 3466.0, 1653.0, 2605.0, 2794.0, 3601.0, 2830.0, 2243.0, 1671.0, 788.0, 701.0, 2299.0, 1410.0, 2899.0, 3802.0, 1209.0, 1052.0, 2208.0, 1968.0, 1328.0, 522.0, 1284.0, 2881.0, 2078.0, 1544.0, 1500.0, 1312.0, 3153.0, 2306.0, 2237.0, 1343.0, 2657.0, 1524.0, 1759.0, 3817.0, 1270.0, 2323.0, 3660.0, 2983.0, 889.0, 3211.0, 2953.0, 1798.0, 2696.0, 2901.0, 1725.0, 551.0, 1007.0, 1476.0, 1273.0, 1068.0, 1117.0, 1571.0, 923.0, 1995.0, 2645.0, 2497.0, 615.0, 1262.0, 733.0, 2496.0, 2016.0, 2115.0, 1472.0, 875.0, 1790.0]
[1, 7, 5, 9, 9, 4, 4, 3, 6, 3, 6, 10, 5, 2, 10, 3, 4, 4, 8, 8, 6, 13, 4, 3, 5, 3, 8, 11, 4, 6, 13, 1, 4, 3, 5, 5, 4, 3, 3, 8, 3, 6, 4, 5, 8, 4, 4, 9, 4, 3, 4, 6, 4, 3, 3, 2, 5, 11, 5, 3, 7, 2, 3, 4, 13, 9, 7, 5, 4, 4, 3, 5, 8, 3, 8, 3, 2, 5, 8, 5, 3, 4, 4, 5, 6, 4, 3, 14, 7, 4, 6, 6, 6, 4, 3, 5, 4, 4, 3, 6, 4, 5, 3, 3, 3, 4, 5, 2, 8, 4, 3, 3, 3, 9, 3, 7, 3, 10, 9, 7, 5, 7, 9, 3, 2, 3, 8, 3, 3, 12, 9, 9, 6, 3, 4, 3, 9, 3, 4, 5, 7, 10, 3, 13, 3, 4, 10, 3, 3, 13, 5, 3, 4, 7, 12, 3, 6, 5, 5, 7, 10, 6, 8, 7, 3, 8, 10, 4, 8, 3, 4, 3, 10, 4, 7, 2, 4, 3, 5, 3, 9, 8, 3, 8, 7, 4, 3, 6, 8, 8, 10, 8, 3, 3, 12, 11, 5, 4, 13, 5, 7, 4, 3, 3, 3, 4, 4, 5, 4, 9, 3, 5, 6, 11, 3, 4, 2, 11, 6, 4, 9, 13, 3, 4, 4, 3, 3, 4, 3, 6, 4, 3, 3, 5, 3, 6, 3, 4, 10, 6, 4, 4, 4, 11, 4, 4, 3, 4, 4, 4, 12, 3, 7, 7, 8, 3, 15, 4, 7, 3, 13, 6, 3, 3, 5, 4, 2, 3, 3, 5, 12, 6, 6, 3, 4, 3, 4, 5, 5, 6, 3, 9]
[1367.0, 3242.0, 3836.0, 1919.0, 2997.0, 1468.0, 2077.0, 2976.0, 3311.0, 2543.0, 2599.0, 1823.0, 1906.0, 196.0, 3858.0, 3655.0, 1118.0, 3674.0, 2963.0, 1614.0, 2120.0, 3819.0, 3042.0, 2595.0, 3043.0, 2794.0, 2671.0, 2588.0, 1350.0, 3140.0, 3728.0, 686.0, 2948.0, 1423.0, 1572.0, 1198.0, 1501.0, 1428.0, 1699.0, 3590.0, 2410.0, 2862.0, 1357.0, 3491.0, 2454.0, 2524.0, 2935.0, 3725.0, 1613.0, 3071.0, 3803.0, 3135.0, 3245.0, 1063.0, 2202.0, 3905.0, 1539.0, 3443.0, 1471.0, 133.0, 3191.0, 2641.0, 1851.0, 1246.0, 3663.0, 2044.0, 3016.0, 1203.0, 525.0, 2918.0, 3020.0, 3421.0, 2264.0, 3351.0, 2536.0, 3577.0, 3433.0, 3049.0, 3327.0, 2926.0, 612.0, 1680.0, 1201.0, 1588.0, 3482.0, 2009.0, 3718.0, 3436.0, 1737.0, 3600.0, 1492.0, 2746.0, 2366.0, 1127.0, 726.0, 1209.0, 2303.0, 2075.0, 3533.0, 3696.0, 3458.0, 1020.0, 3543.0, 2893.0, 725.0, 1269.0, 2270.0, 1261.0, 3002.0, 2173.0, 2386.0, 570.0, 1004.0, 3077.0, 2273.0, 2145.0, 3170.0, 3638.0, 3240.0, 1995.0, 1848.0, 2179.0, 3525.0, 3966.0, 1869.0, 1025.0, 1422.0, 3047.0, 2608.0, 3658.0, 1901.0, 3115.0, 2789.0, 313.0, 3305.0, 2327.0, 3165.0, 3605.0, 2550.0, 3319.0, 2447.0, 3530.0, 954.0, 3722.0, 2261.0, 873.0, 3096.0, 2003.0, 3246.0, 3888.0, 2594.0, 1769.0, 3613.0, 3550.0, 3072.0, 3481.0, 2458.0, 3807.0, 922.0, 3037.0, 3084.0, 3836.0, 2259.0, 2981.0, 2172.0, 2440.0, 2495.0, 1212.0, 3662.0, 3165.0, 1415.0, 1793.0, 3526.0, 2081.0, 2394.0, 2114.0, 2293.0, 1147.0, 2772.0, 3469.0, 3164.0, 2096.0, 2251.0, 2568.0, 2265.0, 2671.0, 1660.0, 2108.0, 2885.0, 3496.0, 3118.0, 3584.0, 1467.0, 1639.0, 3357.0, 2383.0, 2628.0, 3505.0, 3673.0, 2275.0, 2423.0, 3730.0, 2180.0, 2723.0, 1859.0, 1579.0, 2906.0, 1212.0, 2023.0, 1892.0, 2642.0, 3291.0, 3608.0, 3810.0, 1675.0, 3829.0, 3078.0, 3466.0, 1653.0, 3574.0, 2794.0, 3601.0, 2830.0, 2243.0, 1671.0, 3687.0, 701.0, 2299.0, 1410.0, 3894.0, 3802.0, 1209.0, 3058.0, 3934.0, 3786.0, 3465.0, 1473.0, 3826.0, 2881.0, 2078.0, 3683.0, 1500.0, 1312.0, 3153.0, 2306.0, 3850.0, 1930.0, 2657.0, 2794.0, 1759.0, 3817.0, 1270.0, 2323.0, 3660.0, 2983.0, 889.0, 3211.0, 3225.0, 3245.0, 2696.0, 3167.0, 1725.0, 3667.0, 3382.0, 3642.0, 1273.0, 1466.0, 2345.0, 3899.0, 923.0, 2856.0, 2645.0, 2497.0, 1852.0, 1262.0, 733.0, 3720.0, 2016.0, 2115.0, 3669.0, 875.0, 1790.0]
[1, 10, 11, 9, 8, 4, 6, 12, 9, 10, 6, 5, 5, 2, 23, 21, 4, 14, 13, 4, 6, 13, 15, 11, 14, 9, 8, 11, 4, 6, 13, 2, 8, 3, 5, 5, 4, 6, 3, 5, 9, 6, 4, 14, 8, 4, 4, 13, 4, 11, 7, 9, 12, 3, 3, 13, 2, 11, 5, 3, 7, 4, 3, 4, 13, 9, 12, 5, 4, 16, 13, 9, 8, 11, 8, 11, 14, 15, 8, 12, 3, 4, 4, 5, 12, 4, 11, 14, 7, 8, 6, 7, 6, 4, 3, 5, 4, 4, 8, 15, 12, 5, 13, 11, 3, 4, 5, 2, 6, 4, 11, 3, 3, 9, 3, 7, 11, 10, 9, 7, 8, 7, 9, 11, 8, 3, 8, 14, 10, 12, 8, 9, 6, 3, 6, 9, 9, 14, 11, 5, 12, 10, 3, 18, 3, 4, 10, 6, 8, 13, 13, 3, 7, 7, 12, 8, 6, 5, 5, 12, 5, 12, 8, 7, 3, 4, 10, 4, 8, 12, 4, 7, 10, 12, 4, 10, 4, 3, 8, 8, 9, 8, 7, 8, 6, 8, 5, 6, 8, 10, 10, 8, 3, 9, 8, 11, 5, 10, 13, 5, 7, 13, 5, 5, 9, 4, 4, 5, 4, 9, 3, 13, 14, 11, 3, 11, 9, 11, 6, 12, 9, 13, 3, 4, 4, 15, 3, 4, 3, 11, 4, 3, 8, 19, 14, 11, 7, 13, 10, 6, 13, 4, 4, 11, 4, 12, 8, 4, 7, 4, 12, 3, 7, 7, 8, 3, 15, 10, 11, 3, 11, 6, 9, 19, 13, 4, 7, 9, 10, 5, 3, 6, 6, 10, 4, 3, 19, 5, 5, 16, 3, 9]
