0.980410942499
[776399, 776766, 770741, 769259, 775201, 777696, 784919, 797360, 811082, 795722]
241.0
3838.0
7168.0
3.87333333333
[640.0, 967.0, 1994.0, 63.0, 2345.0, 2598.0, 2228.0, 1259.0, 2741.0, 799.0, 2304.0, 2362.0, 3266.0, 1865.0, 3588.0, 3251.0, 1769.0, 3437.0, 2317.0, 2351.0, 1803.0, 2023.0, 3328.0, 2865.0, 3757.0, 3739.0, 3666.0, 2716.0, 3758.0, 2899.0, 2595.0, 752.0, 2608.0, 3139.0, 2068.0, 1730.0, 1984.0, 2180.0, 2597.0, 2983.0, 1836.0, 3814.0, 3593.0, 3783.0, 1030.0, 3465.0]
[1, 3, 7, 1, 10, 8, 7, 2, 5, 2, 4, 4, 7, 9, 7, 5, 6, 8, 7, 6, 3, 6, 10, 14, 15, 16, 12, 4, 15, 9, 8, 3, 4, 12, 7, 3, 4, 4, 9, 9, 8, 9, 12, 3, 3, 6]
[1442.0, 967.0, 1994.0, 433.0, 2345.0, 2598.0, 2228.0, 2412.0, 3177.0, 1984.0, 3802.0, 2362.0, 3266.0, 1865.0, 3588.0, 3251.0, 2783.0, 3437.0, 2317.0, 2351.0, 1803.0, 2023.0, 3328.0, 2865.0, 3757.0, 3739.0, 3666.0, 3984.0, 3758.0, 2899.0, 2595.0, 752.0, 2608.0, 3139.0, 2068.0, 1730.0, 1984.0, 2180.0, 2597.0, 2983.0, 1836.0, 3814.0, 3593.0, 3783.0, 1030.0, 3465.0]
[1, 3, 7, 2, 10, 8, 7, 2, 5, 2, 6, 4, 7, 9, 7, 5, 9, 8, 7, 6, 3, 6, 10, 14, 15, 16, 12, 11, 15, 9, 8, 3, 4, 12, 7, 3, 4, 4, 9, 9, 8, 9, 12, 3, 3, 6]
0.953890538251
[774921, 771322, 770584, 770511, 774680, 778280, 787972, 804387, 795222, 795165]
254.0
3836.0
7066.0
3.94
[437.0, 642.0, 678.0, 1421.0, 3995.0, 1489.0, 1320.0, 1720.0, 2513.0, 1738.0, 1655.0, 3814.0, 3024.0, 3780.0, 3635.0, 3869.0, 1311.0, 3900.0, 3880.0, 1292.0, 2491.0, 3974.0, 3842.0, 1990.0, 1083.0, 1725.0, 2856.0, 3407.0, 3306.0, 556.0, 2962.0, 1198.0, 618.0, 835.0]
[1, 4, 1, 2, 8, 3, 3, 6, 3, 7, 7, 10, 8, 8, 10, 9, 3, 9, 10, 7, 8, 9, 9, 7, 6, 4, 5, 9, 9, 5, 7, 3, 3, 4]
[2064.0, 642.0, 1720.0, 2155.0, 3995.0, 3965.0, 2192.0, 2186.0, 3610.0, 1738.0, 1655.0, 3814.0, 3024.0, 3780.0, 3635.0, 3869.0, 1311.0, 3900.0, 3880.0, 1292.0, 2491.0, 3974.0, 3842.0, 1990.0, 1083.0, 1725.0, 3727.0, 3407.0, 3306.0, 2599.0, 2962.0, 1198.0, 618.0, 3870.0]
[1, 4, 2, 4, 8, 7, 3, 4, 10, 7, 7, 10, 8, 8, 10, 9, 3, 9, 10, 7, 8, 9, 9, 7, 6, 4, 14, 9, 9, 9, 7, 3, 3, 10]
0.945847302274
[773712, 773701, 770040, 769806, 774926, 778149, 782698, 791028, 790374, 796874]
310.0
3967.0
6980.0
3.96
[513.0, 1775.0, 547.0, 1752.0, 1960.0, 2194.0, 1074.0, 1851.0, 1835.0, 3467.0, 1730.0, 410.0, 3144.0, 3895.0, 3793.0, 1756.0, 3870.0, 2531.0, 595.0]
[1, 5, 2, 5, 4, 5, 2, 2, 5, 11, 3, 3, 10, 11, 7, 4, 14, 5, 3]
[1620.0, 1775.0, 1019.0, 1752.0, 3843.0, 3681.0, 1708.0, 2765.0, 2892.0, 3467.0, 3871.0, 1296.0, 3144.0, 3895.0, 3793.0, 2751.0, 3870.0, 2531.0, 595.0]
[1, 5, 1, 5, 4, 5, 5, 5, 3, 11, 8, 6, 10, 11, 7, 6, 14, 5, 3]
0.985714285714
[779738, 776312, 775478, 774838, 777498, 780078, 793429, 799740, 813748, 823148]
217.0
3825.0
7199.0
3.82
[151.0, 3690.0, 3894.0, 1384.0, 2092.0, 1051.0, 872.0, 3278.0, 1520.0, 3639.0, 2379.0, 1597.0, 2874.0, 2092.0, 2944.0, 3015.0, 2309.0, 1616.0, 1401.0, 3836.0, 1326.0, 1176.0, 1806.0, 3627.0, 2997.0, 3492.0, 1584.0, 3067.0, 2411.0, 3596.0, 2499.0, 2814.0, 1403.0, 2685.0, 3110.0, 3402.0, 1751.0, 2225.0, 3758.0, 3749.0, 3776.0, 2302.0, 3899.0, 2459.0, 2341.0, 3164.0, 1210.0, 3547.0, 2079.0, 566.0, 2570.0, 2159.0, 2452.0, 1745.0, 3687.0, 2772.0, 3573.0, 628.0, 2399.0, 1943.0, 3635.0, 1891.0, 232.0, 1800.0, 1585.0, 1404.0, 2155.0, 1073.0, 668.0, 2237.0, 1329.0, 1910.0, 814.0, 3115.0, 2352.0, 3659.0, 2780.0, 1971.0]
[1, 10, 14, 4, 13, 6, 2, 9, 3, 7, 5, 3, 7, 6, 9, 7, 4, 4, 5, 6, 2, 4, 4, 8, 7, 12, 2, 6, 9, 12, 7, 9, 10, 7, 5, 10, 2, 5, 11, 10, 14, 7, 11, 4, 8, 15, 6, 10, 8, 2, 8, 6, 10, 4, 11, 6, 8, 3, 4, 9, 8, 3, 3, 2, 4, 3, 8, 8, 4, 8, 3, 4, 3, 7, 3, 7, 6, 4]
[436.0, 3690.0, 3894.0, 3749.0, 3636.0, 1051.0, 1646.0, 3278.0, 1520.0, 3639.0, 2379.0, 3247.0, 3872.0, 2092.0, 2944.0, 3015.0, 2689.0, 3425.0, 1401.0, 3836.0, 2061.0, 1176.0, 2295.0, 3627.0, 2997.0, 3492.0, 2424.0, 3067.0, 2411.0, 3596.0, 2499.0, 2814.0, 1944.0, 2685.0, 3110.0, 3402.0, 3483.0, 2225.0, 3758.0, 3749.0, 3776.0, 3756.0, 3899.0, 2459.0, 2341.0, 3164.0, 1210.0, 3547.0, 2079.0, 566.0, 2570.0, 2159.0, 2452.0, 1745.0, 3687.0, 2772.0, 3573.0, 628.0, 2399.0, 1943.0, 3635.0, 1891.0, 3027.0, 1800.0, 1585.0, 1404.0, 2155.0, 2615.0, 668.0, 2237.0, 1329.0, 1910.0, 814.0, 3115.0, 2352.0, 3659.0, 2780.0, 1971.0]
[1, 10, 14, 14, 8, 6, 1, 9, 3, 7, 5, 5, 14, 6, 9, 7, 4, 8, 5, 6, 2, 4, 6, 8, 7, 12, 6, 6, 9, 12, 7, 9, 4, 7, 5, 10, 8, 5, 11, 10, 14, 7, 11, 4, 8, 15, 6, 10, 8, 2, 8, 6, 10, 4, 11, 6, 8, 3, 4, 9, 8, 3, 11, 2, 4, 3, 8, 9, 4, 8, 3, 4, 3, 7, 3, 7, 6, 4]
0.97395911182
[774413, 775248, 771049, 770322, 773313, 778766, 782875, 790880, 796737, 792053]
237.0
3962.0
7191.0
3.94
[115.0, 2645.0, 2827.0, 453.0, 3032.0, 1267.0, 951.0, 1678.0, 2881.0, 3806.0, 2376.0, 2858.0, 1125.0, 2243.0, 3777.0, 1523.0, 2600.0, 2977.0, 1742.0, 3920.0, 3001.0, 3842.0, 1942.0, 1436.0, 3380.0, 3947.0]
[1, 11, 9, 1, 11, 4, 2, 4, 4, 14, 4, 7, 4, 2, 7, 7, 9, 13, 5, 9, 7, 5, 4, 3, 5, 11]
[533.0, 2645.0, 2827.0, 856.0, 3032.0, 1267.0, 2441.0, 3937.0, 3280.0, 3806.0, 2376.0, 2858.0, 3470.0, 2243.0, 3777.0, 2872.0, 2600.0, 2977.0, 1742.0, 3920.0, 3001.0, 3842.0, 1942.0, 1436.0, 3380.0, 3947.0]
[1, 11, 9, 2, 11, 4, 4, 4, 4, 14, 4, 7, 10, 2, 7, 7, 9, 13, 5, 9, 7, 5, 4, 3, 5, 11]
