0.95187527068
[772940, 772678, 771155, 772436, 775536, 779664, 782215, 786317, 791114, 796010]
217.0
3618.0
6592.0
3.95333333333
[668.0, 2392.0, 185.0, 3464.0, 3673.0, 845.0, 754.0, 2810.0, 1837.0, 2627.0, 935.0, 3401.0, 1785.0, 3247.0, 2436.0, 3686.0, 1535.0, 3987.0, 3678.0, 2641.0, 1349.0]
[1, 5, 1, 7, 4, 2, 3, 7, 3, 9, 2, 9, 3, 3, 11, 5, 3, 10, 8, 5, 4]
[1982.0, 2392.0, 1473.0, 3464.0, 3673.0, 2719.0, 2973.0, 2810.0, 2547.0, 2627.0, 935.0, 3401.0, 2583.0, 3247.0, 2436.0, 3686.0, 3991.0, 3987.0, 3678.0, 2641.0, 1349.0]
[1, 5, 2, 7, 4, 4, 3, 7, 3, 9, 2, 9, 5, 3, 11, 5, 23, 10, 8, 5, 4]
0.95694849866
[771333, 770809, 770850, 770323, 774806, 779239, 782785, 791807, 796618, 792000]
197.0
3656.0
6706.0
3.93333333333
[667.0, 1191.0, 1150.0, 1677.0, 1194.0, 761.0, 2273.0, 2942.0, 2400.0, 3889.0, 2658.0, 3776.0, 1576.0, 1894.0, 1311.0, 2771.0, 2994.0, 3104.0, 2648.0, 2991.0, 3927.0, 3636.0]
[1, 3, 2, 3, 3, 5, 4, 8, 3, 13, 9, 10, 4, 4, 5, 5, 6, 9, 7, 9, 7, 10]
[1202.0, 2645.0, 3137.0, 2782.0, 1709.0, 1595.0, 3721.0, 2942.0, 2400.0, 3889.0, 2658.0, 3776.0, 1576.0, 1894.0, 1311.0, 2771.0, 2994.0, 3104.0, 2648.0, 2991.0, 3927.0, 3636.0]
[1, 4, 6, 9, 3, 2, 9, 8, 3, 13, 9, 10, 4, 4, 5, 5, 6, 9, 7, 9, 7, 10]
0.919602903643
[771775, 772886, 770633, 770751, 774669, 777058, 782176, 787528, 791128, 792000]
264.0
3770.0
6504.0
3.96666666667
[225.0, 722.0, 2392.0, 1367.0, 1249.0, 1331.0, 2942.0, 1824.0, 2783.0, 1689.0, 3926.0, 946.0]
[1, 1, 7, 2, 2, 2, 5, 3, 2, 5, 4, 3]
[1104.0, 1595.0, 2392.0, 3041.0, 2872.0, 1696.0, 2942.0, 1824.0, 2783.0, 1689.0, 3926.0, 946.0]
[1, 2, 7, 4, 2, 2, 5, 3, 2, 5, 4, 3]
0.916736206148
[771565, 771486, 770248, 771379, 773994, 776716, 780762, 784000, 788000, 792000]
267.0
3778.0
6557.0
3.98
[435.0, 514.0, 1752.0, 621.0, 2006.0, 3284.0, 3238.0]
[1, 2, 3, 2, 3, 4, 7]
[1051.0, 1603.0, 3156.0, 2925.0, 2250.0, 3284.0, 3238.0]
[1, 2, 3, 8, 3, 4, 7]
0.935513354321
[773451, 771795, 773941, 769864, 775217, 780408, 783531, 786360, 788924, 792788]
220.0
3504.0
6583.0
3.96
[531.0, 2018.0, 1552.0, 2653.0, 1088.0, 971.0, 2136.0, 922.0, 3861.0, 1566.0, 2026.0, 469.0, 1640.0, 3076.0, 3212.0]
[1, 4, 2, 4, 2, 3, 4, 1, 8, 2, 5, 1, 3, 3, 5]
[1241.0, 2018.0, 2929.0, 2804.0, 2294.0, 971.0, 3677.0, 2179.0, 3861.0, 1899.0, 2026.0, 2952.0, 1640.0, 3076.0, 3212.0]
[1, 4, 3, 6, 5, 3, 4, 4, 8, 2, 5, 7, 3, 3, 5]
