0.872071924806
[771440, 773922, 771542, 771119, 773831, 779081, 782185, 784184, 788000, 794946]
247.0
3492.0
6187.0
3.96666666667
[560.0, 498.0, 2844.0, 2736.0, 1638.0, 2820.0, 1082.0, 3934.0, 3865.0, 2169.0, 919.0, 3686.0, 3841.0, 2288.0, 3816.0, 2661.0, 2393.0]
[1, 1, 9, 7, 4, 4, 2, 11, 10, 3, 2, 2, 13, 8, 6, 6, 9]
[1689.0, 1430.0, 2844.0, 2839.0, 2919.0, 2820.0, 1376.0, 3934.0, 3865.0, 2169.0, 3353.0, 3686.0, 3841.0, 2288.0, 3816.0, 2661.0, 2393.0]
[1, 2, 9, 8, 6, 4, 2, 11, 10, 3, 5, 2, 13, 8, 6, 6, 9]
0.864086453056
[771294, 771510, 771075, 769596, 773294, 777994, 780000, 784000, 788000, 792000]
250.0
3576.0
6097.0
3.98
[706.0, 490.0, 925.0, 2404.0, 2706.0, 2006.0]
[1, 1, 2, 5, 5, 4]
[1593.0, 1400.0, 2983.0, 2917.0, 2706.0, 2006.0]
[1, 1, 2, 5, 5, 4]
0.905598262608
[773306, 770850, 773274, 770085, 776993, 778866, 783814, 787063, 794859, 795824]
236.0
3424.0
6131.0
3.93333333333
[649.0, 2045.0, 1150.0, 1549.0, 1177.0, 2676.0, 3239.0, 1259.0, 1748.0, 1134.0, 1208.0, 3330.0, 3648.0, 2419.0, 2518.0, 2643.0, 3823.0, 2884.0, 3071.0, 1389.0, 3331.0, 2749.0, 2763.0, 2664.0]
[1, 5, 2, 2, 3, 4, 7, 2, 6, 1, 2, 9, 6, 5, 12, 2, 10, 4, 9, 3, 7, 4, 4, 5]
[1746.0, 2045.0, 1949.0, 1860.0, 1177.0, 2676.0, 3239.0, 3330.0, 1748.0, 1134.0, 1208.0, 3330.0, 3648.0, 3861.0, 2518.0, 2643.0, 3823.0, 2884.0, 3071.0, 1389.0, 3331.0, 2749.0, 2763.0, 2664.0]
[1, 5, 2, 2, 3, 4, 7, 4, 6, 1, 2, 9, 6, 10, 12, 2, 10, 4, 9, 3, 7, 4, 4, 5]
0.882297675952
[771592, 771148, 770628, 770124, 773905, 777739, 780000, 784000, 788000, 792000]
238.0
3440.0
6251.0
3.98
[408.0, 852.0, 1372.0, 1876.0, 2095.0, 2261.0]
[1, 1, 3, 3, 4, 3]
[1157.0, 1316.0, 3036.0, 2872.0, 3166.0, 2261.0]
[1, 1, 3, 3, 7, 3]
0.910046138821
[773413, 773506, 770180, 770552, 775362, 778813, 781855, 788004, 790742, 792680]
228.0
3484.0
6270.0
3.96
[850.0, 1737.0, 1000.0, 1494.0, 1820.0, 1448.0, 638.0, 1187.0, 2145.0, 506.0, 3490.0, 1590.0, 3668.0, 3320.0]
[1, 5, 1, 3, 2, 3, 1, 2, 3, 2, 9, 2, 10, 7]
[1291.0, 1737.0, 1684.0, 1494.0, 2916.0, 3211.0, 3889.0, 1390.0, 3034.0, 3256.0, 3490.0, 1590.0, 3668.0, 3761.0]
[1, 5, 1, 3, 4, 3, 4, 2, 6, 8, 9, 2, 10, 9]
