1.0
73.01654
113.35461
[1290, 1285, 1306, 1298, 1289, 1298, 1282, 1279, 1293, 1297]
1.0
70.74788
115.43931
[1333, 1345, 1341, 1347, 1345, 1349, 1322, 1331, 1334, 1333]
1.0
59.64023
70.19179
[1269, 1281, 1265, 1273, 1281, 1285, 1254, 1271, 1271, 1277]
1.0
69.41238
116.90616
[1329, 1321, 1325, 1322, 1333, 1334, 1314, 1310, 1313, 1317]
1.0
66.97477
89.25269
[1369, 1366, 1373, 1372, 1378, 1381, 1354, 1359, 1361, 1361]
1.0
72.37524
95.47595
[1329, 1321, 1333, 1317, 1329, 1345, 1314, 1310, 1320, 1325]
1.0
69.10411
119.50391
[1334, 1337, 1341, 1329, 1337, 1341, 1326, 1330, 1327, 1321]
1.0
68.30044
99.98167
[1274, 1275, 1277, 1273, 1289, 1281, 1258, 1259, 1282, 1282]
1.0
63.46107
85.05729
[1289, 1294, 1293, 1298, 1300, 1304, 1290, 1287, 1291, 1285]
1.0
70.09087
99.14269
[1302, 1305, 1305, 1313, 1309, 1317, 1294, 1295, 1297, 1310]
