data availability = 1.0
[261.456867, 221.320497, 261.315404, 261.355209, 261.387859, 261.430896, 261.666849, 221.409376, 261.450673, 261.431648, 261.419978, 221.69472, 261.466414, 221.496799, 261.474092, 221.490912, 261.753631, 261.549523, 221.695353, 261.546537, 221.637753, 261.785669, 221.819159, 261.546459, 221.104114, 211.006305, 211.07702, 291.670432, 251.868914, 211.809694, 292.186648, 292.138472, 292.151857, 292.17394, 292.186952, 292.168817, 292.448089, 292.33973, 292.376287, 292.470656, 292.56882, 292.46428, 292.516684, 292.489119, 292.603622, 252.532289, 292.684062, 292.671513, 252.398035, 212.231173, 272.246106, 232.316716, 272.35082, 232.523788, 312.880583, 273.008066, 313.472564, 273.865517, 314.172376, 274.155186, 313.782322, 274.205433, 313.797614, 273.81425, 314.93239, 275.038484, 315.350266, 275.110529, 333.162978, 293.051665, 253.048577, 293.937625, 293.174151, 253.299201, 374.069902, 333.882217, 294.328842, 374.239106, 334.3126, 294.183426, 375.073322, 335.013456, 295.272877, 374.586509, 334.732017, 294.764145, 374.64191, 334.503756, 294.639505, 374.914759, 334.917241, 295.040213, 295.809405, 256.106802, 326.356335, 406.678864, 366.914145, 326.920749, 326.368199, 469.561558, 429.628698, 389.996917, 349.903442, 309.958541, 469.902834, 430.288325, 390.154304, 350.15128, 310.247756, 469.872382, 429.603438, 389.602972, 349.387404, 309.094962, 470.269183, 430.258947, 390.411892, 350.506443, 310.398323, 470.732269, 430.602744, 390.29524, 350.123267, 310.111754, 470.885533, 430.841649, 390.855268, 350.804744, 310.657716, 352.034199, 312.209189, 352.625354, 312.625983, 272.773825, 392.58576, 352.798944, 353.619828, 314.027202, 274.015812, 393.333297, 353.6158, 393.142585, 353.078955, 393.824129, 353.542183, 393.230012, 353.344788, 353.65737, 313.562682, 273.532588, 233.342424, 394.075477, 354.383213, 393.296109, 352.79385, 312.74846, 273.110402, 232.9781, 374.314035, 334.435239, 294.497964, 254.554179, 374.499057, 334.731215, 294.552113, 254.480185, 374.574946, 334.355572, 294.579897, 254.357455, 375.131233, 335.294443, 295.576789, 255.56269, 374.889133, 334.623367, 294.689739, 254.709302, 295.022067, 334.778055, 375.300233, 335.479218, 295.646287, 255.795836, 415.027698, 375.046285, 335.090962, 294.861079, 254.811191, 368.499012, 328.380665, 288.326283, 248.001256, 367.108947, 327.025779, 286.964516, 246.874247, 407.829381, 367.820952, 328.061185, 288.131948, 248.198891, 367.99952, 327.845181, 287.810141, 247.839065, 367.643653, 327.380361, 287.497534, 247.335816, 367.841685, 328.035605, 288.188255, 248.075029, 287.545109, 368.544826, 328.620602, 288.711614, 248.788307, 559.531133, 519.127892, 479.417043, 439.750981, 399.735905, 359.753219, 319.377512, 439.729212, 400.001181, 360.523717, 320.540524, 559.569374, 519.655942, 479.881708, 439.87858, 399.592994, 359.770532, 319.552865, 559.475101, 519.836581, 479.822127, 439.916971, 400.135243, 360.761839, 320.86709, 559.314673, 519.485501, 479.400229, 439.551649, 399.497707, 359.359144, 319.410184, 559.655891, 519.741056, 479.926918, 440.534469, 400.318296, 360.448266, 320.373216, 358.9492, 319.547618, 559.403373, 519.261394, 479.239567, 559.014859, 518.860851, 478.848162, 438.980888, 398.69386, 358.903586, 318.74453, 319.089142, 286.111897, 287.658792, 288.713764, 287.624242, 286.473866, 286.966694, 287.311997, 467.218362, 427.609076, 387.596072, 347.816252, 427.376371, 387.233263, 347.419236, 347.021129, 619.873958, 580.080452, 540.061332, 499.934992, 459.973474, 620.218737, 580.180662, 540.081034, 499.961742, 459.920061, 461.784101, 620.531825, 580.424187, 540.79782, 501.09272, 460.976918, 620.42401, 580.360477, 540.437218, 500.429824, 460.184998, 620.461375, 580.508004, 540.326011, 500.196021, 460.117192, 621.85121, 581.632402, 541.505545, 501.184458, 461.322583, 621.618979, 581.254722, 541.051297, 501.268265, 461.58231, 460.867599, 500.533919, 460.713051, 557.114966, 517.389945, 477.068497, 516.127341, 475.776126, 515.855651, 475.509205, 517.404761, 477.418242, 516.214806, 476.326544, 516.463164, 476.519685, 516.801245, 476.876507]
sync delay = 367.266532712
out notify interest = 3175.0
out beacon = 16198.0
out data interest = 9817.0
out bundled interest = 0.0
out data = 12382.0
out ack = 5531.0
out bundled data = 0.0
collision rx = 110.352941176
collision tx = 0.411764705882
cache hit = 11995.0
cache hit special = 2112.0
retx_notify_interest = 487.0
retx_data_interest = 689.0
retx_bundled_interest = 0.0
state sync duration = 367.266532712
data availability = 1.0
[198.156682, 198.13914, 198.168864, 198.217656, 198.452175, 158.442916, 198.341415, 198.316609, 198.630426, 158.724099, 198.693272, 260.621996, 220.640147, 260.701083, 220.967727, 260.765447, 220.904725, 261.027401, 220.750152, 260.804843, 220.956451, 260.804757, 220.686131, 260.888045, 221.227028, 209.395718, 209.858036, 289.943235, 250.041835, 210.310031, 289.94081, 289.925253, 289.938082, 289.922556, 289.918799, 289.915286, 290.019825, 290.012101, 290.117004, 290.014516, 290.028561, 290.253546, 250.35864, 210.757911, 290.22792, 290.272876, 250.543978, 210.519477, 290.174746, 290.232901, 290.248413, 250.391962, 210.402214, 190.740489, 271.016322, 230.929444, 190.976716, 271.254788, 231.423986, 191.546921, 233.530923, 193.622946, 312.910638, 272.613248, 312.840362, 273.095324, 313.338638, 273.335767, 313.656122, 273.641643, 313.713173, 273.758824, 314.492563, 274.627806, 234.934725, 195.072525, 234.479156, 194.863774, 314.772505, 274.996572, 235.355134, 194.841891, 235.445197, 371.481231, 331.942309, 292.052367, 292.778701, 373.176487, 333.258164, 293.074622, 372.988774, 333.011971, 292.986873, 373.29813, 333.76684, 294.02877, 373.547909, 333.749743, 293.687166, 374.04112, 334.829811, 294.931659, 305.865342, 465.540544, 424.93412, 384.816047, 344.975134, 305.274776, 465.64306, 425.901493, 385.719371, 345.776781, 305.921331, 466.183695, 426.261543, 386.352679, 346.419487, 306.199364, 466.906927, 426.930256, 386.804363, 346.866129, 307.012235, 466.837512, 426.871136, 387.19333, 347.113232, 307.146286, 467.153786, 427.173552, 386.59534, 346.706672, 306.515818, 346.732769, 306.902393, 267.048758, 226.961399, 347.332715, 307.368674, 267.404311, 226.949807, 347.425489, 307.286795, 267.307424, 227.248653, 347.102834, 306.928132, 266.91443, 226.945641, 347.208645, 306.872676, 267.196398, 227.265159, 347.865668, 308.071711, 267.794976, 227.756863, 347.714172, 307.542338, 267.588242, 227.346107, 347.770028, 307.710991, 268.020092, 228.125144, 312.424013, 272.156081, 232.242111, 192.259773, 391.59264, 351.99324, 352.470335, 312.088759, 272.23919, 392.281205, 352.188186, 351.614914, 311.409662, 271.165655, 231.556212, 391.9317, 352.150966, 392.071103, 352.417544, 392.396969, 352.327021, 432.240352, 392.192357, 352.302834, 392.634708, 352.859198, 313.379001, 273.256621, 233.559108, 194.009615, 431.904382, 391.94837, 351.960459, 311.922891, 272.000288, 232.149512, 192.095745, 432.559668, 392.924958, 352.935676, 313.003022, 272.990706, 232.914498, 192.576529, 312.740372, 272.762118, 233.12455, 193.041956, 432.30841, 392.333584, 352.498632, 312.375482, 272.228071, 232.378677, 192.298279, 352.07335, 432.352621, 392.246891, 351.979595, 311.554127, 271.804634, 231.63603, 191.973774, 193.039866, 432.696056, 392.897892, 352.447254, 312.637552, 272.581551, 232.950841, 192.834489, 433.637432, 393.682987, 353.67207, 313.415247, 272.813108, 232.880356, 193.003662, 367.724582, 327.735403, 287.048599, 328.030914, 367.226624, 327.209115, 287.207375, 247.298158, 368.006228, 328.049774, 288.213287, 248.544999, 368.139079, 328.213696, 288.348273, 248.605873, 367.254349, 327.282507, 287.111737, 247.390855, 367.355803, 327.416247, 287.520841, 247.670375, 366.664451, 326.593988, 286.721742, 246.768673, 406.878705, 366.729317, 326.92191, 286.899585, 247.181865, 286.921018, 286.031605, 286.158467, 285.519418, 286.421872, 286.27853, 286.00664, 344.145224, 384.722667, 345.001111, 344.941081, 618.611253, 578.325697, 538.334735, 498.418218, 458.277446, 619.373221, 579.642796, 540.125111, 500.484543, 460.559787, 619.349857, 579.200453, 539.127801, 499.284613, 459.712479, 459.338198, 619.611246, 579.695057, 539.838572, 500.227845, 460.172026, 619.085626, 579.015661, 538.784138, 498.783458, 458.863757, 619.719376, 579.785469, 539.694573, 499.883318, 459.596263, 461.152143, 619.91324, 580.247817, 540.298076, 500.22084, 460.033698, 499.99069, 460.176238, 515.498584, 475.80287, 515.735726, 475.384123, 515.483979, 475.174777, 515.215392, 475.439687, 515.505371, 475.493826, 515.134962, 474.922713, 515.534587, 475.588452]
sync delay = 334.949056476
out notify interest = 3287.0
out beacon = 16221.0
out data interest = 9624.0
out bundled interest = 0.0
out data = 12422.0
out ack = 5839.0
out bundled data = 0.0
collision rx = 115.294117647
collision tx = 0.647058823529
cache hit = 12911.0
cache hit special = 2228.0
retx_notify_interest = 470.0
retx_data_interest = 622.0
retx_bundled_interest = 0.0
state sync duration = 334.949056476
data availability = 1.0
[197.08698, 197.102284, 197.153249, 197.263811, 197.497217, 157.711578, 197.256979, 198.026603, 198.344908, 158.407728, 198.504958, 158.344222, 261.211588, 221.1037, 261.270261, 221.184068, 261.333262, 221.612188, 261.602358, 221.286747, 261.394805, 221.622228, 261.411757, 221.273208, 261.603043, 221.765981, 207.319641, 167.592123, 207.912698, 287.681724, 247.730852, 207.377573, 287.792105, 247.762198, 287.927266, 248.073054, 208.027332, 288.038769, 288.094034, 288.14111, 288.118895, 288.133951, 288.409512, 248.802048, 208.759154, 288.413343, 248.536489, 288.556999, 248.408832, 288.751404, 248.656473, 208.817315, 288.755583, 248.557842, 288.905919, 249.085852, 209.103092, 169.110756, 289.024775, 249.151208, 288.984163, 289.09786, 289.051111, 249.087886, 191.106272, 270.362166, 230.654007, 190.539761, 230.617071, 190.358664, 310.380876, 270.62184, 310.820343, 271.062369, 310.94478, 270.604695, 311.286564, 271.530097, 191.959844, 311.661692, 271.387017, 311.559181, 271.589466, 231.65351, 232.378185, 192.50469, 272.755215, 233.027491, 193.025698, 291.078951, 372.297174, 332.102167, 292.36912, 252.229584, 212.387636, 371.641152, 331.735148, 291.419775, 251.331962, 211.579492, 371.755024, 332.060259, 292.309758, 252.460807, 212.266833, 372.607536, 332.860189, 292.676496, 252.980438, 212.69259, 372.097648, 332.095135, 291.842452, 251.869258, 211.905631, 372.018096, 332.32883, 292.033753, 252.036365, 211.751572, 332.771624, 292.599682, 332.794136, 292.812822, 332.605653, 292.634643, 333.323306, 293.316896, 332.696652, 292.671842, 333.278024, 292.954614, 253.883481, 213.975013, 283.478798, 243.437307, 203.671827, 163.67465, 284.012191, 243.915143, 203.776247, 163.794842, 283.616915, 243.899151, 203.567006, 163.82477, 284.722374, 244.770226, 205.065994, 165.393686, 283.193429, 242.978194, 202.930623, 162.877927, 284.02897, 243.743239, 203.698437, 163.996454, 283.982904, 243.901804, 204.000612, 164.134985, 244.552177, 204.479046, 222.585981, 182.499809, 184.097236, 308.021718, 268.113944, 228.146274, 188.422648, 388.562053, 348.542128, 308.334238, 349.183902, 309.385285, 269.748296, 230.02181, 388.340047, 348.458225, 349.220005, 309.199009, 269.103823, 389.306714, 349.076134, 309.26017, 389.436246, 349.749412, 310.048538, 309.317872, 269.431902, 229.472019, 189.398095, 388.694583, 348.713833, 429.607915, 389.502361, 349.472127, 388.936791, 348.886093, 309.332081, 428.648184, 388.387008, 348.509078, 308.413583, 268.300689, 228.478786, 188.419937, 350.029111, 310.09734, 430.004836, 390.262324, 350.381684, 310.663308, 270.932648, 230.915452, 190.947133, 430.642578, 390.774837, 350.91756, 310.91013, 270.708037, 230.834906, 190.811224, 430.113207, 390.471165, 350.344831, 310.200966, 270.399142, 230.059255, 190.053004, 311.865175, 272.034964, 232.195316, 192.117728, 431.736889, 391.794941, 352.171033, 311.821054, 271.751037, 231.639866, 191.825653, 431.353302, 391.314258, 351.773102, 311.723901, 271.381212, 231.188914, 191.508166, 293.773391, 333.970639, 293.789222, 365.928059, 326.147206, 286.277958, 246.064402, 365.793085, 325.814043, 285.500562, 245.500303, 365.704294, 326.156079, 285.862431, 245.67695, 287.24803, 365.495988, 325.324608, 285.52417, 245.295505, 366.617327, 326.389822, 286.504378, 246.347294, 365.458564, 325.129662, 285.321793, 244.968822, 364.91332, 324.962029, 284.984438, 245.191614, 276.902707, 279.3411, 278.482275, 278.509952, 278.052973, 278.443561, 277.134245, 346.173482, 385.083298, 345.003735, 345.259241, 499.068797, 458.999677, 579.539231, 539.675719, 499.72378, 459.645259, 459.520657, 619.771651, 579.680667, 539.516539, 499.188558, 459.248327, 579.440253, 539.584561, 499.654421, 459.579527, 618.603989, 578.785231, 539.110253, 499.153365, 459.291967, 618.836546, 578.611816, 538.370056, 498.373506, 458.678789, 579.399922, 539.758051, 499.907895, 459.892743, 499.31198, 459.062832, 580.488152, 540.149203, 499.970649, 459.964826, 460.007524, 511.580349, 471.330188, 511.825298, 471.870708, 511.737709, 471.782146, 473.321008, 510.759996, 470.783595, 511.878106, 472.265586]
sync delay = 310.773409497
out notify interest = 3532.0
out beacon = 16229.0
out data interest = 8859.0
out bundled interest = 0.0
out data = 12067.0
out ack = 6429.0
out bundled data = 0.0
collision rx = 121.852941176
collision tx = 1.08823529412
cache hit = 13437.0
cache hit special = 2912.0
retx_notify_interest = 507.0
retx_data_interest = 542.0
retx_bundled_interest = 0.0
state sync duration = 310.773409497
data availability = 1.0
[103.872768, 104.012956, 104.035149, 196.202418, 196.249431, 196.46065, 156.483656, 196.43354, 156.451377, 196.306294, 196.544672, 196.353172, 196.579596, 157.016796, 196.351924, 196.330498, 261.056193, 221.092415, 261.08895, 221.074862, 261.130321, 221.305007, 261.391637, 261.429633, 221.371501, 261.223457, 221.257775, 261.268844, 221.306007, 261.242128, 221.067293, 242.130497, 206.818682, 207.32364, 167.366146, 207.043683, 166.980645, 206.8487, 247.624705, 207.667496, 247.117233, 207.101082, 247.426019, 207.242292, 287.314082, 247.291262, 207.200778, 167.08718, 247.229809, 207.230581, 247.543064, 207.429811, 167.284214, 247.478071, 207.444784, 247.060924, 207.271981, 247.158023, 207.051369, 247.14401, 206.852014, 247.608875, 207.422089, 287.222718, 287.202742, 287.215231, 287.195473, 287.186259, 287.259293, 246.893219, 287.254456, 247.546397, 287.278074, 247.759968, 287.291323, 247.208833, 287.307943, 247.330853, 287.20565, 287.268082, 247.100986, 183.728387, 182.766781, 142.827078, 182.646408, 142.542631, 143.521097, 143.012197, 187.778953, 289.761948, 329.609862, 289.538846, 369.592106, 329.969891, 289.869033, 249.986635, 210.047963, 369.59394, 330.01566, 290.236564, 250.236531, 209.998918, 369.82397, 329.788241, 290.140289, 249.92776, 209.911098, 369.554771, 329.513988, 289.43132, 249.330785, 209.141584, 369.666082, 330.133923, 290.175363, 249.813936, 209.514657, 370.016873, 329.921161, 290.053025, 250.124968, 210.344516, 330.472421, 290.486859, 329.481915, 289.340325, 329.978125, 289.957074, 329.806884, 289.86757, 329.871461, 290.048516, 249.962029, 210.700035, 210.507567, 281.174165, 241.312889, 201.120793, 161.335632, 280.685889, 240.496677, 200.751784, 160.860355, 281.192235, 241.122626, 201.003575, 161.273682, 281.559643, 241.405997, 201.336755, 161.105278, 280.968928, 240.862013, 201.088082, 161.310354, 280.688032, 241.138125, 200.838395, 160.786954, 281.024791, 240.7935, 200.683433, 160.636631, 201.080904, 217.122763, 177.136523, 177.400695, 177.808441, 177.668082, 177.890524, 177.271895, 176.629111, 426.791223, 386.67832, 346.504183, 306.45417, 266.543484, 226.506243, 186.715861, 426.734307, 386.810694, 346.890113, 306.78755, 266.623304, 226.440238, 186.511761, 310.204587, 269.956648, 230.27757, 190.376064, 390.420809, 350.854345, 310.88631, 350.801047, 311.01791, 270.856872, 230.875449, 389.771493, 349.747017, 309.643044, 350.366747, 310.40943, 270.392423, 390.486096, 350.434737, 310.293411, 431.124494, 391.180342, 351.534696, 390.614765, 350.601938, 310.965789, 310.402687, 270.37926, 230.441307, 190.269108, 390.381006, 350.642356, 310.922994, 430.319237, 390.333849, 350.523071, 310.343922, 270.497057, 230.561369, 190.549996, 310.281262, 270.451379, 230.446428, 190.459738, 430.310918, 390.094397, 350.24755, 310.094227, 269.914859, 230.005961, 190.246473, 430.557212, 390.417635, 350.579523, 310.735389, 270.566041, 230.085491, 190.193309, 350.994514, 311.246089, 390.714796, 350.68658, 310.359788, 430.272303, 390.540175, 350.637716, 310.696633, 270.84604, 230.904561, 191.19466, 291.755959, 251.390151, 331.604586, 291.685646, 331.677261, 291.635098, 331.843195, 291.896798, 330.912081, 291.143816, 330.963966, 291.013377, 332.098866, 292.238371, 330.858553, 291.224423, 251.274082, 285.973388, 365.988334, 326.266088, 286.307541, 246.551019, 285.45036, 245.54652, 286.404868, 246.621672, 284.981521, 244.785399, 285.096121, 245.027351, 286.027401, 245.766451, 286.209828, 245.985684, 277.340928, 278.152352, 277.44665, 277.658274, 277.723468, 277.802996, 277.944743, 342.962696, 342.685496, 343.963226, 498.27827, 458.513696, 577.147248, 537.266844, 497.389766, 457.293939, 578.197452, 538.10847, 498.263549, 458.309841, 457.606018, 577.97763, 537.987827, 498.010829, 458.108376, 457.20971, 578.162515, 538.25759, 498.09321, 458.129246, 618.999913, 578.844136, 538.348425, 498.574609, 458.371234, 577.49194, 537.733435, 497.865809, 457.906429, 457.248445, 576.833521, 536.769915, 497.095441, 456.856122, 469.181012, 470.227727, 469.974674, 470.358645, 469.503074, 470.382809]
sync delay = 294.698144491
out notify interest = 3416.0
out beacon = 16197.0
out data interest = 7563.0
out bundled interest = 0.0
out data = 12925.0
out ack = 5475.0
out bundled data = 0.0
collision rx = 151.117647059
collision tx = 9.47058823529
cache hit = 13945.0
cache hit special = 3890.0
retx_notify_interest = 212.0
retx_data_interest = 232.0
retx_bundled_interest = 0.0
state sync duration = 294.698144491
data availability = 1.0
[102.97221, 103.085097, 103.096966, 195.88978, 196.086634, 155.846274, 195.934608, 195.956888, 196.195062, 155.869477, 196.197651, 196.819646, 196.858634, 196.898554, 197.145118, 157.529473, 246.819057, 207.019247, 246.849831, 206.639366, 246.897155, 207.138503, 247.156685, 247.185226, 207.340814, 246.976333, 206.588619, 247.018752, 206.878317, 246.997529, 206.872204, 240.930571, 246.019857, 205.935281, 205.58755, 165.197685, 205.927089, 166.009522, 205.8668, 245.540054, 205.570914, 206.328144, 245.596675, 205.95857, 246.123953, 206.225829, 166.039157, 245.781951, 205.840154, 285.934263, 245.956979, 205.955917, 166.039287, 245.45652, 205.557597, 245.771394, 205.84832, 245.993663, 205.695176, 246.210151, 206.271831, 245.679458, 205.789568, 285.832008, 285.814176, 285.827633, 285.809324, 285.801644, 285.852174, 245.869154, 285.897754, 245.791366, 285.894635, 246.228331, 285.886704, 245.875428, 285.884025, 245.707011, 285.820165, 285.93025, 246.023378, 179.637338, 139.735484, 139.835643, 179.316664, 139.223168, 180.001748, 140.101651, 187.427031, 287.745987, 247.822384, 207.839006, 328.367714, 288.684261, 328.135, 288.008708, 328.237084, 288.121274, 328.07517, 288.020133, 328.049425, 287.895424, 367.753574, 327.956966, 287.53971, 247.535621, 207.458199, 367.854413, 327.448521, 287.568003, 247.407985, 207.479656, 368.065062, 328.025821, 288.202424, 248.229878, 208.326619, 368.009016, 328.309387, 288.592226, 248.674779, 208.557442, 367.781609, 327.659207, 287.568488, 247.691363, 207.501293, 368.381563, 328.457872, 288.715098, 248.476675, 208.410163, 328.23592, 288.418914, 209.233065, 279.252906, 238.951264, 198.876509, 158.829715, 279.041906, 239.140148, 199.439069, 159.168265, 279.030192, 239.021141, 198.847419, 158.839287, 279.255808, 239.230506, 198.880764, 158.959285, 279.268916, 239.524489, 199.389909, 159.662762, 279.285137, 239.348718, 199.532979, 159.723143, 280.291877, 240.817022, 200.721745, 160.860279, 199.352967, 212.953306, 172.966369, 172.919629, 173.529201, 173.942293, 173.049571, 173.004862, 174.883131, 265.230268, 225.157352, 425.383087, 385.302518, 345.555841, 305.896982, 265.931702, 225.8768, 185.90998, 424.881709, 384.812057, 345.272674, 305.330305, 265.286226, 225.565536, 185.608083, 425.100142, 385.168526, 345.137, 305.22812, 265.168357, 224.75186, 185.057369, 425.209195, 385.572514, 345.712229, 305.618681, 265.683556, 225.639803, 185.761244, 344.779572, 304.863695, 264.956905, 225.182669, 185.308062, 425.11456, 385.011122, 344.613111, 304.480369, 264.681431, 224.603595, 184.752211, 425.068313, 384.879314, 344.605532, 304.552036, 264.764315, 306.180927, 266.163808, 226.148957, 185.884113, 145.912496, 385.240721, 345.573442, 305.474142, 265.226345, 225.265162, 265.686586, 225.648926, 265.256367, 225.45381, 185.310952, 145.55285, 265.653849, 225.264705, 185.620698, 145.437208, 265.16176, 225.521951, 185.55204, 145.754556, 346.018019, 305.935688, 265.843411, 225.975227, 185.998395, 145.796972, 385.761246, 345.72038, 306.112331, 306.093586, 265.838142, 225.849724, 185.767141, 146.127059, 386.124099, 346.098838, 305.946571, 385.82582, 345.522484, 225.501407, 185.431094, 346.095546, 306.155504, 265.712056, 225.699529, 186.001024, 386.206805, 346.434206, 306.309149, 305.868508, 265.608163, 225.308303, 185.178209, 266.564865, 226.82773, 186.889255, 147.006048, 305.750103, 426.375469, 386.366833, 346.374421, 386.415139, 346.556473, 306.40274, 211.421627, 211.713318, 251.337768, 211.643562, 251.358236, 211.43828, 250.985224, 211.119562, 273.99826, 394.125543, 354.144203, 314.094073, 274.183772, 274.669668, 273.506115, 274.376127, 313.944696, 273.895262, 273.43433, 274.97615, 274.236786, 393.932749, 353.708505, 313.527971, 273.259105, 434.503295, 394.252831, 354.400011, 314.622159, 274.55085, 394.970762, 354.987768, 315.287997, 275.434366, 394.702749, 354.7342, 314.277952, 274.243592, 394.788672, 354.849148, 314.985913, 274.653263, 394.625328, 354.916314, 314.481467, 274.44375, 342.435043, 469.925734, 470.508123, 469.846286, 470.132583, 471.244893, 472.041563]
sync delay = 264.788200538
out notify interest = 3522.0
out beacon = 16196.0
out data interest = 7629.0
out bundled interest = 0.0
out data = 12814.0
out ack = 5773.0
out bundled data = 0.0
collision rx = 152.176470588
collision tx = 9.47058823529
cache hit = 13748.0
cache hit special = 3828.0
retx_notify_interest = 213.0
retx_data_interest = 234.0
retx_bundled_interest = 0.0
state sync duration = 264.788200538
data availability = 1.0
[99.016718, 99.07083, 99.105336, 194.47763, 194.474703, 194.52264, 154.894764, 194.760265, 154.664017, 194.686969, 154.459993, 194.759851, 194.542377, 194.75066, 154.823909, 194.605611, 194.647699, 233.90168, 193.893722, 233.994732, 194.21068, 234.232869, 194.00673, 234.06264, 193.954205, 234.144652, 194.433814, 234.145291, 193.993049, 234.191525, 194.190353, 234.429044, 240.027659, 239.67061, 239.976192, 240.063953, 240.212851, 240.226574, 205.732599, 165.692428, 206.224565, 166.194927, 205.716359, 245.858141, 205.875306, 206.292117, 245.677573, 205.732176, 205.706673, 206.108124, 205.972794, 246.215274, 205.866946, 165.961761, 206.052888, 206.019088, 246.229937, 206.107864, 166.423157, 205.526664, 286.127744, 246.027614, 206.260743, 166.362879, 286.000228, 285.991258, 285.981615, 285.97216, 285.96336, 286.015027, 245.936551, 286.037888, 245.953843, 286.034554, 245.785814, 286.060233, 245.747281, 286.075131, 245.974486, 285.977108, 286.087895, 246.13663, 178.483653, 138.655834, 178.412127, 178.855859, 138.558482, 138.81771, 139.577337, 366.786706, 366.522601, 326.695013, 286.913998, 246.578107, 206.636457, 289.654369, 249.765061, 209.536834, 249.288093, 209.578947, 169.377114, 129.686952, 329.749548, 289.768875, 249.885484, 209.638073, 369.487152, 329.334335, 289.322616, 249.354037, 209.593943, 369.90317, 329.927339, 289.992274, 249.814097, 209.553744, 369.725186, 329.985922, 289.808279, 249.850615, 209.637941, 369.756853, 329.687306, 289.882785, 249.795651, 209.799732, 330.177838, 290.283639, 250.334948, 210.540834, 170.421719, 130.146712, 329.785442, 289.920204, 249.975331, 210.063466, 170.423042, 130.572195, 329.716745, 289.834041, 249.957254, 209.927303, 169.953075, 130.289219, 330.074793, 290.089365, 249.843857, 209.891242, 169.964732, 129.785385, 329.85546, 289.642087, 249.866447, 209.800803, 169.794077, 129.899568, 210.710128, 251.166222, 211.261455, 171.365508, 330.911314, 290.636551, 250.770994, 210.569877, 170.409129, 130.29058, 302.901273, 262.776112, 263.84655, 223.615214, 183.733919, 143.504493, 304.263581, 264.557429, 183.447274, 303.716139, 263.591876, 223.948052, 183.93024, 304.005697, 264.024548, 304.165138, 263.979564, 343.619507, 303.580003, 263.926688, 304.161162, 264.273108, 224.493551, 184.55905, 144.651715, 344.37567, 304.560946, 264.551393, 344.185475, 304.44768, 264.209239, 343.957038, 303.998762, 264.078579, 183.668544, 343.946475, 303.615251, 263.716761, 264.244212, 344.489608, 304.355817, 264.32658, 344.178996, 304.251291, 264.714025, 240.072667, 199.763269, 159.79353, 119.798178, 239.506428, 199.227025, 159.051214, 118.980242, 119.273605, 239.337967, 199.207177, 159.027906, 118.469631, 120.044592, 239.596148, 199.460855, 159.379722, 119.471047, 158.952493, 119.019111, 239.015419, 199.177801, 159.079527, 119.302479, 239.542094, 200.039384, 160.096538, 120.133981, 239.787497, 200.028801, 160.14076, 120.159936, 291.610145, 291.256099, 251.383298, 211.435359, 171.498243, 131.506386, 211.940132, 171.928482, 210.794175, 170.903141, 130.919954, 291.175898, 211.195345, 171.036401, 131.281778, 290.598047, 132.242532, 291.999936, 291.81742, 131.474637, 291.881353, 171.151993, 130.782335, 251.160078, 211.205692, 170.903744, 130.904052, 251.382795, 211.323202, 171.26014, 131.431878, 251.347787, 211.101063, 170.704133, 130.509935, 251.51776, 211.726508, 171.94917, 132.196078, 251.439265, 211.794791, 171.828818, 131.906193, 171.716136, 172.157636, 171.449321, 171.276526, 171.413848, 251.55705, 211.649066, 171.627498, 131.526327, 170.658093, 353.151207, 313.011958, 352.401432, 312.975871, 232.897949, 351.877024, 312.059457, 353.318661, 313.378556, 353.684864, 313.602933, 392.874283, 353.512409, 313.667274, 274.060156, 234.186968, 353.2472, 313.184788, 284.006885, 244.109779, 285.203916, 245.266509, 245.56317, 284.938071, 244.694682, 285.515736, 245.216999, 285.094419, 245.095931, 244.903516, 245.288558, 244.560759, 244.764541, 244.85147, 244.016805, 245.497197, 245.268167, 243.696531, 245.763009, 244.606586, 244.823876, 244.728505, 312.866412, 273.367826]
sync delay = 232.025896347
out notify interest = 3951.0
out beacon = 16210.0
out data interest = 8431.0
out bundled interest = 0.0
out data = 14138.0
out ack = 6733.0
out bundled data = 0.0
collision rx = 329.558823529
collision tx = 16.2941176471
cache hit = 13923.0
cache hit special = 3243.0
retx_notify_interest = 481.0
retx_data_interest = 451.0
retx_bundled_interest = 0.0
state sync duration = 232.025896347
data availability = 1.0
[95.341929, 95.385748, 95.382521, 95.279862, 95.276251, 95.380678, 95.356343, 95.381322, 95.378536, 95.49638, 156.271897, 116.324006, 195.844731, 155.913312, 196.024459, 156.298536, 155.880424, 116.205153, 156.009652, 116.01236, 195.846063, 155.482573, 155.680173, 195.87674, 155.985365, 196.14741, 156.459285, 195.925655, 156.189738, 195.946483, 156.226369, 196.161328, 155.892641, 115.694927, 195.939105, 156.161024, 196.049568, 156.179711, 196.063508, 155.736197, 196.130839, 155.977896, 116.369071, 196.096083, 156.160659, 196.11267, 156.00427, 196.183529, 156.219008, 196.243789, 156.254508, 196.194185, 156.299246, 231.270122, 191.407741, 151.469434, 231.326577, 191.461452, 151.479533, 231.575356, 191.522113, 151.403569, 231.361147, 191.4358, 151.494683, 231.3815, 191.234463, 151.548084, 231.417903, 191.766388, 151.685935, 231.522583, 191.340405, 151.260265, 152.12122, 202.091946, 161.766423, 121.885077, 161.987672, 122.037977, 202.422624, 162.441968, 122.741132, 162.365766, 122.327907, 202.035173, 162.108461, 122.459824, 201.998176, 162.208884, 122.200519, 162.645998, 122.7011, 202.662921, 162.901694, 122.766068, 202.245926, 161.91804, 121.937423, 161.76324, 121.852852, 202.142976, 162.051899, 122.425092, 201.486776, 161.902355, 122.05605, 201.739324, 161.822294, 121.401455, 162.295932, 286.26462, 245.957026, 205.713803, 366.114193, 326.11957, 286.042963, 246.201024, 206.523728, 366.435468, 326.612767, 286.668535, 246.80574, 206.434321, 365.991872, 325.963176, 285.898774, 245.944908, 206.006303, 366.009007, 325.603694, 285.906242, 245.980642, 205.897977, 366.161065, 325.773257, 285.755215, 245.990479, 206.088203, 366.332987, 326.185939, 285.956847, 246.099474, 205.94865, 206.928204, 167.068053, 246.026273, 205.97201, 165.970029, 126.187209, 326.500302, 286.546281, 246.521114, 206.61687, 166.79184, 329.207316, 289.111761, 248.914541, 209.127064, 169.460638, 129.272989, 209.465386, 129.502416, 329.026535, 288.926262, 249.175158, 208.742374, 168.56724, 128.844686, 329.095699, 289.239637, 249.066695, 209.031242, 168.728184, 128.398103, 328.808075, 289.028728, 248.982321, 208.530685, 168.675368, 128.416787, 329.259114, 289.168497, 249.230064, 208.809112, 169.094106, 129.067046, 216.773721, 176.681109, 136.929131, 97.131918, 216.105689, 176.162533, 136.188159, 96.376324, 297.324155, 256.995653, 216.838097, 176.691777, 136.609624, 176.077418, 296.503602, 256.357649, 216.112131, 176.512681, 136.777251, 97.003358, 177.003334, 296.599765, 256.901515, 217.11528, 177.119751, 137.440551, 97.441945, 296.50057, 256.419851, 216.787933, 177.091811, 136.873822, 96.550049, 297.199105, 257.229079, 216.906126, 176.493811, 136.462372, 96.750194, 217.468651, 177.43585, 137.136384, 97.061025, 297.159204, 257.030698, 216.952382, 176.8069, 136.657908, 96.761096, 97.126026, 297.256426, 257.59812, 217.988161, 178.187404, 138.251119, 98.599678, 265.263232, 225.437123, 185.256685, 265.235953, 225.448192, 185.694944, 145.471986, 105.662137, 186.225052, 146.457315, 185.452376, 145.315643, 105.254253, 265.332368, 225.277744, 185.113335, 106.32796, 265.898955, 226.107422, 185.86339, 266.036219, 225.833271, 185.878597, 145.837005, 265.42574, 225.706693, 186.162588, 105.488346, 265.919103, 225.998576, 185.910604, 145.471729, 105.451439, 185.092124, 145.19389, 104.990379, 264.709208, 224.868916, 184.845373, 226.149514, 185.793599, 145.749985, 105.533821, 225.328777, 185.142984, 144.995562, 105.121574, 225.339578, 185.163548, 144.767448, 105.046884, 225.75929, 185.894116, 145.606334, 105.585371, 225.523822, 185.432818, 145.68989, 105.738821, 144.906242, 146.034866, 145.119885, 145.681139, 226.31326, 186.397013, 146.387271, 106.631049, 146.016379, 146.15579, 149.189167, 149.6685, 148.441019, 148.392987, 149.122757, 148.680876, 150.385844, 215.679578, 175.395649, 215.390305, 175.388151, 215.981007, 175.61858, 175.79622, 216.492454, 176.812395, 216.10036, 175.863531, 214.900729, 175.134822, 175.735788, 208.563939, 209.177866, 208.222878, 208.126757, 207.531579, 207.208714, 208.09225]
sync delay = 190.913654379
out notify interest = 4078.0
out beacon = 16225.0
out data interest = 8967.0
out bundled interest = 0.0
out data = 14724.0
out ack = 7519.0
out bundled data = 0.0
collision rx = 192.294117647
collision tx = 64.4705882353
cache hit = 15449.0
cache hit special = 2615.0
retx_notify_interest = 303.0
retx_data_interest = 358.0
retx_bundled_interest = 0.0
state sync duration = 190.913654379
data availability = 1.0
[92.8834, 92.870337, 92.905527, 92.892093, 92.791465, 92.787219, 92.893256, 92.807836, 92.783015, 92.810017, 92.804712, 92.918743, 153.018306, 113.09217, 192.720833, 152.619783, 152.969036, 113.020026, 153.1806, 113.054553, 192.745094, 152.776331, 152.965664, 113.083238, 155.113348, 114.91412, 194.69909, 154.734733, 154.963296, 115.380172, 194.733987, 154.575026, 195.006485, 155.024653, 115.15643, 194.784699, 155.102422, 194.801418, 155.001466, 194.699939, 154.691713, 114.266141, 194.93813, 154.820687, 194.991315, 154.99156, 194.774983, 154.796859, 114.836287, 195.004008, 154.807452, 115.067161, 194.783795, 154.786822, 114.792711, 194.785305, 154.656059, 114.538906, 195.014417, 155.048858, 115.145845, 194.791621, 154.803736, 114.722356, 194.787731, 154.648198, 114.948664, 194.967664, 155.213792, 195.007961, 155.025963, 195.006549, 155.038191, 194.990579, 155.218433, 195.002419, 155.166623, 136.059692, 136.068352, 136.077004, 135.999581, 176.295762, 136.106922, 175.855298, 135.951367, 175.921553, 135.493547, 176.102532, 136.322611, 175.872162, 135.931153, 136.71754, 136.215883, 136.354435, 176.184238, 136.366965, 96.510523, 176.497885, 136.469318, 96.56034, 96.644923, 136.648953, 96.680768, 117.426674, 197.203782, 156.959631, 116.697665, 197.290824, 157.105061, 117.16798, 118.099819, 197.074785, 157.115327, 116.950818, 117.722328, 197.339772, 157.053364, 117.080352, 197.86458, 157.961552, 117.842682, 197.439536, 157.738934, 117.78018, 185.040705, 145.009185, 185.301577, 145.309909, 185.033911, 145.321937, 185.317002, 144.985089, 105.739246, 185.333696, 145.314865, 185.208824, 145.405707, 165.027472, 125.270014, 164.869377, 165.60896, 205.278693, 165.626186, 324.722713, 284.920056, 245.205568, 205.229102, 165.488874, 125.66939, 325.036837, 284.831548, 244.868126, 204.850749, 165.178417, 325.009741, 285.428746, 245.640673, 205.918428, 165.797359, 125.57997, 325.306165, 285.135481, 244.620515, 204.522693, 164.856254, 325.371815, 285.652144, 245.647737, 205.651883, 165.57578, 125.483592, 325.416469, 285.325607, 245.36737, 205.109927, 165.247706, 205.269365, 165.333329, 165.586554, 125.355828, 165.23248, 206.011335, 166.151046, 126.234236, 205.997853, 166.248034, 205.847665, 166.068405, 205.407223, 165.021235, 206.103419, 166.120025, 206.491563, 166.480035, 128.144444, 88.106438, 128.915224, 88.536048, 128.712141, 88.741065, 127.486756, 87.730985, 128.860747, 88.745607, 89.133524, 128.060908, 128.737191, 88.474748, 55.888703, 95.609422, 55.633998, 56.051999, 56.584375, 55.280045, 56.36412, 56.267485, 175.077653, 135.243038, 95.445517, 214.516788, 174.271443, 133.994048, 174.620294, 134.35168, 135.454022, 174.647608, 134.445559, 135.271456, 175.490946, 135.447855, 94.90493, 214.974352, 175.244942, 135.385042, 214.668021, 215.512058, 175.286428, 135.367868, 95.224521, 214.959721, 135.52688, 215.613766, 295.566675, 255.7666, 215.483538, 215.307002, 175.451891, 135.589848, 95.579538, 175.743912, 215.503957, 175.346861, 135.363577, 95.226747, 214.973812, 175.46482, 135.63724, 95.78377, 135.816787, 95.927002, 215.423211, 175.574513, 135.860672, 95.963756, 135.178748, 95.045185, 215.150695, 175.356603, 135.464732, 95.286888, 96.750652, 215.245799, 175.279133, 134.931111, 94.745787, 223.451071, 183.554698, 183.362716, 143.409249, 103.261729, 102.475986, 223.560822, 183.824431, 263.816639, 224.006734, 184.385411, 144.533304, 104.221981, 222.996073, 182.916262, 104.091304, 143.774254, 103.460772, 222.825072, 183.135879, 223.253325, 183.096238, 103.506026, 102.783625, 223.218318, 183.293564, 142.679408, 102.575751, 143.07506, 102.924027, 143.822061, 103.708066, 143.473219, 103.703182, 143.015824, 102.868091, 104.871385, 143.784671, 103.907343, 138.243269, 139.67783, 139.627633, 139.317295, 139.345801, 138.832483, 139.050378, 216.074382, 176.20213, 216.053157, 176.031679, 216.012018, 175.825463, 216.598026, 176.56278, 217.346546, 177.622012, 216.134784, 176.21804, 207.711996, 207.433187, 207.901054, 208.421646, 207.089714, 208.448714, 208.047096]
sync delay = 160.272572235
out notify interest = 4380.0
out beacon = 16221.0
out data interest = 9201.0
out bundled interest = 0.0
out data = 15072.0
out ack = 8388.0
out bundled data = 0.0
collision rx = 211.205882353
collision tx = 70.1764705882
cache hit = 16041.0
cache hit special = 2431.0
retx_notify_interest = 279.0
retx_data_interest = 406.0
retx_bundled_interest = 0.0
state sync duration = 160.272572235
data availability = 1.0
[91.70993, 91.780753, 91.935024, 91.772707, 91.767495, 91.759032, 91.931941, 91.80393, 91.955545, 91.944001, 91.904407, 91.929419, 150.563051, 110.92166, 150.595477, 110.736878, 154.025988, 113.769833, 193.900246, 154.215277, 154.628932, 114.465561, 154.111221, 113.75485, 193.904158, 154.199163, 193.951844, 153.915701, 154.272941, 114.367611, 193.989623, 154.011267, 194.270863, 154.148573, 113.873505, 194.05383, 153.975523, 194.260511, 154.178492, 194.053488, 153.896233, 113.997273, 194.127049, 153.961041, 194.261672, 154.471156, 194.31766, 154.133449, 113.96004, 194.107004, 153.949932, 114.237411, 194.312045, 154.505062, 194.310262, 154.253206, 194.340156, 154.449033, 194.388668, 154.22816, 194.177268, 154.336728, 114.235529, 194.230639, 154.221145, 114.528876, 194.475287, 154.416572, 114.345828, 194.404552, 154.482843, 194.272569, 154.539402, 114.347364, 194.264562, 154.327619, 114.154234, 95.252687, 135.300429, 95.481624, 95.082675, 135.711141, 95.833243, 95.613606, 135.419416, 95.438712, 95.868753, 135.814933, 96.00391, 95.325417, 135.785334, 95.916233, 135.847199, 96.535419, 95.388116, 95.981314, 95.778738, 135.408141, 95.168177, 136.10048, 96.22824, 135.2998, 95.282578, 135.852086, 95.67086, 136.097118, 96.348005, 136.022284, 95.994039, 135.639898, 95.689879, 94.321623, 94.151117, 94.991505, 94.393726, 96.070982, 94.671107, 95.758612, 94.627327, 54.633085, 95.345607, 95.449651, 95.409906, 55.505807, 95.712797, 95.90273, 175.727347, 135.669223, 95.994717, 176.183883, 136.319797, 175.802613, 136.045874, 176.39616, 136.54026, 95.656315, 97.167009, 96.79374, 96.362132, 96.563576, 175.85484, 136.180723, 96.941639, 176.330302, 135.926799, 96.489794, 176.632016, 136.642914, 105.816286, 97.370908, 98.06789, 98.273324, 98.508337, 98.169684, 99.140791, 98.348224, 97.937762, 186.054588, 147.455007, 107.782958, 108.635427, 147.358633, 107.633346, 307.679512, 267.824299, 227.971239, 187.748528, 147.727849, 107.881192, 307.907851, 268.071184, 228.11488, 187.703704, 147.746011, 107.890698, 308.050577, 268.416904, 228.706373, 188.525265, 148.12841, 107.76642, 308.03924, 267.93133, 227.870614, 188.042337, 148.00864, 107.808984, 308.117036, 268.009537, 227.810222, 187.871297, 148.245743, 108.586268, 307.997686, 267.822283, 227.866518, 187.888517, 147.911105, 107.711212, 149.145927, 108.667752, 147.347459, 188.157044, 147.857406, 147.830371, 188.731712, 149.022965, 188.426462, 148.395256, 188.677975, 149.015455, 188.509461, 148.319756, 148.288761, 148.698839, 187.74975, 147.823209, 148.842938, 148.754264, 188.636418, 148.525131, 108.704594, 148.267512, 73.393087, 113.47659, 73.263529, 112.367071, 113.835796, 113.206352, 112.615494, 113.961076, 113.223685, 84.044843, 83.671259, 43.904335, 84.677061, 44.73173, 84.184847, 43.848708, 84.671532, 44.543256, 84.08207, 43.700655, 83.520567, 43.573546, 44.038235, 171.846738, 132.018016, 92.345303, 132.272892, 132.468257, 132.62458, 132.39246, 132.46609, 92.291611, 132.532235, 172.885018, 132.492847, 171.911341, 132.008337, 91.770845, 93.549156, 93.270083, 172.348284, 132.350781, 92.186023, 133.44103, 134.291656, 93.889372, 172.49896, 132.147236, 92.152615, 172.356263, 132.366985, 92.315158, 133.043424, 93.208735, 173.408277, 133.786601, 93.751456, 173.700404, 133.763102, 93.69491, 180.156709, 140.057572, 100.00652, 140.720075, 100.575072, 180.485085, 140.554037, 100.428739, 180.795527, 141.204107, 101.262478, 140.924077, 100.849874, 100.516865, 181.324536, 141.374672, 101.273274, 140.940864, 101.075176, 140.937546, 100.518172, 140.905068, 100.837481, 140.871303, 101.143751, 180.659477, 140.712226, 101.060228, 141.375057, 101.406902, 101.553823, 181.956634, 141.948244, 101.886666, 100.804793, 180.997962, 141.16311, 101.21789, 101.785886, 101.630775, 180.539003, 140.357977, 100.503228, 133.321106, 132.956283, 134.64063, 133.942518, 133.51879, 134.725087, 134.554897, 206.307763, 207.30492, 206.454336, 207.26831, 206.25943, 206.097525, 206.615311]
sync delay = 138.148889229
out notify interest = 4690.0
out beacon = 16227.0
out data interest = 8923.0
out bundled interest = 0.0
out data = 15189.0
out ack = 9348.0
out bundled data = 0.0
collision rx = 222.176470588
collision tx = 69.2352941176
cache hit = 16027.0
cache hit special = 2641.0
retx_notify_interest = 294.0
retx_data_interest = 341.0
retx_bundled_interest = 0.0
state sync duration = 138.148889229
