data availability = 1.0
[261.238112, 261.278284, 221.033511, 261.542925, 261.320642, 261.317457, 261.348568, 261.512753, 261.495672, 221.573625, 221.244621, 261.274453, 261.338541, 261.326328, 221.126056, 261.302045, 261.320938, 221.670946, 261.29794, 221.196837, 261.580727, 221.814721, 221.654151, 221.31545, 261.365953, 288.318764, 288.304296, 288.45113, 248.746024, 288.43222, 208.569407, 288.51856, 288.598489, 288.691096, 288.704127, 288.595217, 208.702125, 288.695434, 288.689514, 288.725731, 208.565255, 249.020966, 288.905949, 288.82364, 288.793226, 290.456582, 290.59402, 231.530694, 190.82359, 271.563552, 231.359927, 191.416804, 191.3647, 231.607026, 271.688671, 271.713815, 312.204513, 272.554494, 312.273159, 311.930592, 272.346717, 312.58205, 312.356996, 272.330719, 272.77229, 272.818355, 272.523256, 272.476668, 312.352479, 312.705219, 329.791512, 290.544445, 290.833254, 291.035933, 251.038719, 290.613761, 291.409679, 330.850371, 330.529764, 330.855776, 371.120607, 291.129978, 371.127471, 290.936063, 331.443454, 331.27108, 252.122866, 331.267866, 290.935199, 331.814778, 291.33984, 371.691542, 371.237455, 371.190107, 411.579184, 371.480892, 252.292303, 292.110696, 372.332319, 386.178201, 345.862969, 346.024118, 425.898039, 345.932487, 385.81936, 465.921731, 466.147775, 426.156352, 306.17712, 345.506472, 345.824945, 345.537817, 305.675626, 426.313819, 306.121273, 466.25868, 426.153978, 306.784363, 426.517213, 306.040542, 466.540412, 305.970689, 386.425905, 386.352336, 466.954987, 346.828448, 307.105332, 386.217408, 426.48802, 306.814794, 386.760162, 468.01447, 349.652461, 309.57928, 270.842014, 350.012704, 350.989412, 350.678287, 390.616812, 350.694578, 350.529744, 270.058127, 390.855006, 390.893278, 390.569331, 390.875351, 271.879382, 311.719384, 350.826641, 391.200815, 270.448798, 351.097725, 351.002773, 230.264245, 310.676748, 391.536698, 351.51123, 231.370657, 312.299332, 408.836934, 248.956666, 288.563825, 289.904698, 249.061919, 289.334135, 249.40756, 370.476974, 369.456711, 289.510389, 449.309329, 330.016332, 410.443521, 208.675211, 249.844131, 329.647935, 329.076177, 249.280256, 369.576068, 329.889734, 249.924782, 369.944458, 449.514066, 249.395581, 289.808574, 329.671482, 329.702903, 409.597469, 330.732372, 249.671057, 210.29419, 209.992604, 211.853431, 210.549479, 330.20165, 369.995553, 410.421863, 370.036758, 291.759943, 250.161694, 410.309756, 210.613697, 451.045232, 370.110842, 369.62778, 331.368342, 369.857739, 330.409194, 329.912582, 289.574732, 290.582358, 370.442331, 250.874081, 249.843503, 450.591349, 410.293376, 410.061779, 329.967648, 250.287488, 410.055256, 210.192725, 450.204842, 329.959892, 249.879247, 289.887923, 330.164339, 211.254655, 370.955925, 450.385347, 251.42688, 450.246267, 250.469762, 291.057313, 210.073468, 290.496422, 290.455936, 290.221255, 252.410715, 290.545307, 210.291338, 370.85854, 370.220758, 290.887709, 370.750941, 287.14097, 247.397869, 246.287862, 286.700649, 366.455017, 326.623717, 286.951412, 247.003865, 326.949233, 366.721684, 286.6579, 246.629291, 367.522674, 327.493764, 287.875319, 367.479323, 247.304431, 327.642366, 366.842441, 328.016222, 327.041996, 247.754871, 327.24171, 286.261629, 326.762309, 366.674255, 247.401086, 327.586644, 407.491627, 367.633542, 287.52337, 287.389794, 366.960056, 287.544195, 286.829929, 288.207514, 286.91568, 289.091407, 287.59115, 287.301378, 387.041224, 347.016004, 346.390505, 345.576929, 500.145007, 620.184065, 619.557666, 460.609704, 620.267245, 459.0943, 539.944853, 459.755568, 580.219085, 620.28518, 580.158878, 459.912849, 540.013414, 579.859378, 620.025116, 539.609906, 459.52841, 499.678422, 499.308142, 499.886669, 459.829374, 580.334773, 500.070299, 499.873623, 540.023603, 499.652701, 540.687962, 541.601226, 581.589331, 462.813172, 581.509919, 501.950938, 461.741378, 462.464815, 541.983379, 621.911498, 621.915799, 461.378871, 582.451153, 516.146828, 474.867406, 475.291049, 515.295612, 475.728606, 475.323085, 515.513985, 474.814242, 515.87274, 476.681022, 475.521491, 515.225864, 515.661798, 514.851144]
sync delay = 345.519985956
out notify interest = 34227.0
out data interest = 103910.0
out bundled interest = 0.0
out data = 59259.0
out bundled data = 0.0
collision rx = 1060.97058824
collision tx = 9.32352941176
cache hit = 10910.0
cache hit special = 622.0
retx_notify_interest = 12230.0
retx_data_interest = 79801.0
retx_bundled_interest = 0.0
state sync duration = 345.098593159
data availability = 1.0
[156.530216, 196.772717, 196.641884, 196.894175, 196.661977, 196.689941, 156.849179, 196.756459, 196.772971, 196.978932, 197.501033, 221.787469, 261.551286, 261.563942, 221.599201, 222.060136, 261.578738, 221.28262, 221.863512, 261.650701, 221.645327, 261.902668, 261.687613, 221.706941, 261.676827, 208.366487, 288.188642, 248.250666, 288.102581, 288.086951, 288.081419, 288.189827, 248.386502, 248.439516, 288.346698, 288.307217, 288.235045, 288.283448, 208.21624, 208.819754, 288.371745, 288.28663, 288.329599, 288.451623, 288.49159, 248.64882, 208.690712, 288.427972, 288.495609, 288.721968, 208.853712, 248.902147, 208.712474, 288.772226, 270.128898, 230.083069, 190.061126, 189.830029, 190.754215, 270.516477, 230.43627, 269.289995, 189.765596, 189.833715, 230.540335, 270.117368, 309.898755, 270.220886, 310.474041, 270.53476, 310.340661, 270.351639, 310.686484, 230.137651, 190.749348, 230.761002, 190.697806, 270.112954, 230.76354, 310.468145, 310.563549, 311.160135, 231.371903, 271.885059, 370.330745, 370.30333, 290.482487, 370.059572, 290.603958, 289.856071, 330.990251, 291.555774, 331.197918, 370.908245, 370.994915, 330.680064, 291.069, 291.200671, 291.448113, 331.195328, 332.283961, 331.13484, 423.587956, 304.336057, 463.896062, 343.59448, 343.348636, 303.586866, 463.925943, 464.039973, 343.973016, 304.197103, 464.233996, 464.192025, 264.332922, 223.130931, 303.821288, 343.946281, 304.083862, 225.275122, 264.154499, 265.064637, 344.818829, 303.712506, 424.984782, 303.834179, 304.489622, 383.878748, 384.471831, 304.054094, 224.024442, 263.556575, 344.240701, 224.117927, 344.21004, 384.26386, 344.895262, 424.360388, 224.978882, 346.378767, 385.404017, 305.564979, 345.378361, 425.983229, 465.714974, 425.717854, 266.370557, 305.323069, 226.397107, 225.348767, 305.707018, 346.11018, 425.484227, 225.920283, 345.584813, 306.298724, 345.171252, 306.428573, 266.558988, 265.341234, 345.739071, 386.570777, 385.631396, 265.67307, 306.778307, 388.39105, 228.562331, 267.819123, 228.65075, 348.763599, 188.720571, 308.825947, 388.844245, 308.089579, 428.845569, 308.399917, 428.952096, 229.00563, 228.813951, 228.491505, 188.664541, 308.667474, 348.880719, 388.280984, 428.508132, 189.166925, 348.989141, 349.434832, 308.438052, 309.322675, 308.91412, 428.738327, 428.761425, 269.493735, 268.256778, 349.134025, 269.173051, 309.662232, 349.425037, 269.605805, 229.94856, 269.194917, 228.233156, 228.975871, 389.46438, 348.859395, 388.733255, 389.150764, 228.722242, 389.177656, 349.648514, 349.395219, 349.280051, 269.190935, 428.661216, 389.373856, 188.584077, 189.228339, 309.748179, 309.256481, 348.86425, 388.999081, 188.83292, 189.515893, 389.267157, 190.243976, 389.938318, 349.944549, 310.024731, 350.45755, 270.004395, 229.392942, 349.083064, 270.09822, 430.027752, 269.767231, 389.752967, 349.435695, 350.424551, 269.704852, 189.731014, 389.968268, 189.346188, 327.134306, 326.985814, 366.763418, 245.937675, 286.802862, 246.902544, 286.844845, 326.088147, 366.603718, 286.856667, 326.915007, 366.881102, 247.041637, 286.648415, 366.336682, 245.629203, 285.906395, 325.899336, 246.791838, 246.148739, 286.328803, 326.594588, 326.418137, 365.920378, 366.30923, 286.371089, 247.651579, 326.75708, 287.283721, 327.411392, 366.360068, 367.492394, 407.136098, 286.095852, 285.632926, 285.247354, 285.572988, 286.768478, 285.453381, 285.726974, 384.559892, 344.452975, 344.393107, 343.230685, 458.555613, 458.633901, 538.370796, 577.897361, 538.312989, 538.110938, 498.475858, 578.886636, 498.585877, 458.270625, 498.092753, 458.396079, 457.894242, 538.788546, 538.453704, 578.322577, 618.729548, 578.497243, 458.398669, 618.531565, 458.096143, 498.221346, 578.748649, 458.88176, 538.715396, 458.729419, 538.880072, 618.653841, 499.174126, 579.028027, 618.300708, 498.840446, 618.686548, 619.062402, 618.215317, 498.588018, 498.780168, 458.928459, 579.061902, 514.330489, 514.406144, 474.820099, 474.692703, 474.796434, 515.709088, 514.831172, 514.936288, 514.231305, 475.071461, 475.182927, 474.164835, 515.256569, 475.760691]
sync delay = 332.678562785
out notify interest = 33600.0
out data interest = 27121.0
out bundled interest = 0.0
out data = 59478.0
out bundled data = 0.0
collision rx = 813.323529412
collision tx = 8.0
cache hit = 10662.0
cache hit special = 608.0
retx_notify_interest = 11558.0
retx_data_interest = 15790.0
retx_bundled_interest = 0.0
state sync duration = 332.315791585
data availability = 1.0
[195.681948, 195.693732, 195.93929, 196.066306, 155.972738, 196.222557, 156.334083, 196.033589, 196.121104, 196.169592, 196.162872, 196.957661, 157.14304, 221.210581, 221.144933, 221.414656, 261.366646, 221.462543, 261.644269, 261.40592, 221.371042, 261.454781, 221.536156, 261.428571, 261.499028, 261.471012, 221.865005, 246.422599, 246.357315, 286.240443, 286.428612, 206.722817, 165.839556, 246.649334, 286.464244, 206.352145, 246.662907, 286.503422, 206.464871, 206.690789, 286.67467, 246.529924, 286.72151, 246.7133, 286.72313, 286.640406, 286.843372, 206.869999, 246.611771, 286.759927, 286.884183, 286.757284, 246.529912, 246.523933, 247.018686, 286.921412, 206.888877, 246.856709, 286.901906, 286.962188, 167.484668, 286.99024, 287.096726, 208.353208, 189.04375, 229.357673, 189.360153, 269.222805, 269.055287, 269.441432, 269.386883, 309.440697, 230.351839, 269.95831, 230.589304, 270.167624, 310.094488, 190.891144, 189.738629, 230.138469, 310.349283, 270.304815, 190.993827, 270.523852, 230.621823, 310.376589, 310.371623, 310.516412, 192.167359, 287.628612, 288.007072, 247.170033, 367.842303, 288.484332, 328.209886, 328.361231, 248.193187, 328.054793, 248.473982, 207.384372, 368.434377, 287.867917, 247.712363, 288.629291, 248.842614, 208.778155, 368.588492, 208.892253, 328.777575, 328.981417, 208.65223, 368.504131, 328.765337, 248.561788, 369.124214, 209.270955, 288.708082, 289.30625, 289.507397, 329.301852, 328.536772, 249.79245, 289.677914, 288.779175, 328.938789, 288.700637, 288.76006, 328.722662, 329.20676, 210.506007, 329.316144, 369.45783, 208.66945, 289.097098, 242.314001, 160.752576, 242.749087, 281.135189, 201.161504, 201.941447, 163.004969, 201.903812, 282.103016, 203.09767, 163.422546, 242.305864, 282.842589, 241.559668, 242.125201, 243.184622, 202.049316, 162.365197, 202.207876, 283.246408, 203.287163, 283.343655, 163.520033, 243.614638, 242.433215, 161.952917, 282.754015, 163.417686, 283.605065, 204.392799, 181.568704, 220.620616, 180.628251, 181.590877, 182.808321, 185.9607, 347.332007, 426.386782, 307.669637, 266.72747, 307.493895, 387.237438, 347.671876, 306.928282, 187.247451, 427.306397, 387.005746, 346.794953, 386.964114, 387.0099, 266.58926, 307.014849, 427.376075, 227.354542, 308.244563, 307.888407, 427.363075, 427.827274, 267.104345, 268.216036, 347.263688, 387.735731, 387.76322, 307.225939, 387.691123, 267.265733, 227.222272, 186.68412, 347.513884, 347.669616, 387.890485, 307.499185, 308.263829, 347.735621, 187.450703, 226.952892, 347.230689, 307.241484, 387.792096, 347.438835, 186.981918, 227.698718, 427.701894, 267.577756, 347.843054, 307.856695, 307.436266, 348.508987, 228.686602, 227.312776, 387.559254, 187.421327, 387.676425, 307.554417, 347.463596, 227.590214, 348.177928, 188.199261, 227.11665, 388.760903, 268.305086, 267.860605, 228.648847, 348.655527, 309.177937, 188.111867, 308.150447, 349.233733, 428.891436, 188.502781, 268.711531, 228.967371, 349.091962, 269.263888, 189.422061, 309.134067, 269.484318, 309.51312, 309.647753, 389.187708, 332.833291, 292.992199, 292.767761, 248.254181, 367.433715, 245.697388, 285.652912, 324.876712, 325.635552, 244.438638, 247.312765, 365.429705, 287.025932, 286.522968, 326.898652, 287.869886, 367.02543, 246.111865, 286.261826, 246.336589, 366.289506, 286.219546, 366.645577, 285.001824, 326.167462, 326.412743, 287.119026, 327.426294, 326.906663, 367.12555, 247.46945, 365.424237, 277.087877, 277.849162, 276.909306, 277.33416, 276.723133, 276.088665, 277.305412, 343.21417, 343.873313, 343.145271, 383.603013, 577.860357, 578.256028, 457.353465, 498.208616, 458.364547, 458.222517, 498.32324, 458.295839, 538.275334, 577.960616, 498.30044, 457.857409, 578.134583, 498.114491, 537.898962, 538.644038, 459.027815, 458.456983, 578.07786, 537.891412, 457.703876, 457.587451, 458.379627, 538.225916, 458.95191, 497.709403, 497.491759, 617.941024, 538.770615, 497.985176, 499.036505, 578.281272, 538.552753, 499.091023, 578.706605, 511.265979, 473.569715, 471.602764, 473.731706, 471.949264, 434.731435, 511.246975, 471.385312, 473.233676]
sync delay = 304.578275657
out notify interest = 32997.0
out data interest = 37377.0
out bundled interest = 0.0
out data = 60794.0
out bundled data = 0.0
collision rx = 874.911764706
collision tx = 9.29411764706
cache hit = 11646.0
cache hit special = 620.0
retx_notify_interest = 10901.0
retx_data_interest = 24275.0
retx_bundled_interest = 0.0
state sync duration = 303.802732692
data availability = 1.0
[104.286304, 104.376759, 104.427909, 195.524841, 195.820184, 156.305134, 155.765389, 196.038243, 196.082775, 156.093776, 195.868433, 196.071486, 196.031649, 196.386647, 196.425171, 196.46643, 251.708905, 211.618049, 211.433492, 251.850772, 211.729577, 251.720571, 251.719747, 251.745521, 212.00731, 211.653761, 211.853381, 251.746042, 251.747345, 211.689196, 251.990431, 241.68797, 205.495913, 205.302761, 285.389368, 245.819882, 245.471717, 285.499296, 205.833685, 205.457308, 205.63923, 205.412778, 245.705405, 285.646476, 245.695815, 205.819763, 285.683413, 245.533721, 206.404158, 245.765724, 246.234289, 285.809343, 206.003966, 245.89807, 245.589448, 205.441004, 245.884593, 285.830656, 205.792727, 285.912803, 285.939513, 285.857105, 165.895403, 205.779607, 206.152838, 205.638527, 245.806447, 285.967899, 285.959222, 246.065055, 245.707954, 246.444201, 286.270642, 246.132375, 246.332959, 166.550745, 167.398829, 207.6799, 287.281136, 247.156797, 141.3353, 181.406284, 140.923565, 141.644789, 181.352751, 181.837816, 141.630265, 186.986761, 188.039687, 326.950532, 246.941607, 327.24085, 326.963487, 287.019205, 367.19443, 246.80612, 287.328553, 247.542274, 247.991877, 208.284771, 248.39662, 207.34774, 327.666201, 287.950048, 288.379463, 208.176993, 207.88002, 327.805449, 287.949458, 367.679392, 368.017952, 288.133613, 248.751494, 328.4943, 368.421, 287.743882, 289.046341, 328.552457, 209.330491, 328.47509, 328.751316, 368.729325, 368.864503, 329.451563, 328.922528, 288.919663, 248.966004, 328.585099, 209.089621, 289.503094, 210.008319, 209.035626, 289.466522, 289.848387, 290.388559, 201.527403, 200.918138, 160.930312, 281.1599, 201.572828, 200.80482, 241.177696, 161.090044, 242.068077, 161.426034, 281.781449, 281.735113, 241.96916, 161.509136, 202.24175, 162.373732, 161.962308, 281.440775, 241.969055, 282.642028, 241.867944, 161.797762, 242.381375, 201.759497, 282.39254, 202.249202, 242.350351, 202.684037, 282.440556, 178.203125, 177.329321, 177.548497, 177.106324, 218.5507, 177.525308, 178.39316, 177.570709, 185.708818, 305.857155, 304.84539, 185.470797, 384.956302, 305.904424, 305.252286, 345.185153, 385.582033, 385.829875, 346.357354, 425.554136, 265.646485, 386.114737, 264.63359, 346.053868, 265.616285, 185.266447, 185.454691, 266.740056, 425.918121, 265.322059, 306.742372, 225.576942, 224.759718, 226.134546, 385.899093, 345.202836, 305.842851, 306.102866, 225.465528, 266.437672, 305.372361, 385.809323, 385.768019, 227.034284, 345.915801, 186.35315, 305.886498, 345.812659, 386.41297, 346.600499, 225.790383, 306.37718, 346.294213, 186.108513, 346.28697, 426.071201, 346.067237, 267.166935, 185.316297, 345.968595, 227.008604, 426.357011, 306.194918, 386.48124, 266.436795, 307.07217, 307.368635, 307.560854, 386.094191, 347.241932, 386.312436, 226.246591, 306.060045, 266.339835, 347.468251, 346.996702, 426.600936, 306.677721, 426.791726, 346.366508, 305.997118, 386.952665, 186.306998, 266.526308, 226.561592, 386.701931, 307.216865, 186.781265, 346.865677, 427.211571, 226.679604, 266.179097, 292.259165, 331.258715, 332.234058, 331.89191, 332.812628, 293.112558, 252.294745, 253.278166, 291.847292, 332.940709, 292.396394, 293.124908, 291.757047, 292.28281, 292.349087, 332.930502, 332.534433, 286.792562, 247.052452, 245.551512, 285.813459, 245.625682, 246.125725, 245.514895, 286.076406, 285.437863, 246.11265, 287.068111, 286.265748, 246.90515, 366.658973, 286.895296, 327.076189, 285.636982, 277.500252, 276.410349, 277.261837, 277.007544, 276.741333, 276.252796, 276.874511, 343.372104, 343.488924, 342.556415, 578.535267, 459.022879, 538.017749, 578.141929, 537.923187, 577.272275, 458.348491, 457.525138, 457.338476, 497.800728, 577.435684, 538.209748, 498.164847, 457.171848, 577.976549, 457.065623, 497.178746, 538.615853, 577.023383, 537.403256, 497.623677, 497.656835, 498.219169, 496.979566, 458.299294, 617.563914, 458.384269, 578.301307, 537.137801, 498.605589, 537.036516, 456.93204, 458.009218, 457.675994, 470.556317, 470.700345, 470.634695, 471.596439, 471.198658, 470.538266]
sync delay = 293.121090197
out notify interest = 30413.0
out data interest = 71619.0
out bundled interest = 0.0
out data = 51276.0
out bundled data = 0.0
collision rx = 1090.41176471
collision tx = 74.7647058824
cache hit = 14870.0
cache hit special = 747.0
retx_notify_interest = 8234.0
retx_data_interest = 53167.0
retx_bundled_interest = 0.0
state sync duration = 292.633809838
data availability = 1.0
[102.391541, 102.334783, 102.501694, 194.304721, 154.31731, 194.423225, 194.696366, 194.63523, 194.671877, 194.692487, 154.894374, 194.748989, 195.025667, 194.946786, 195.075799, 155.073561, 204.874584, 244.99707, 204.787547, 244.799948, 204.942576, 204.844058, 244.815204, 204.889513, 245.102046, 244.86078, 244.895323, 204.957055, 244.916295, 244.886846, 204.568052, 240.754916, 284.563005, 244.555807, 244.27345, 205.042872, 244.58624, 244.913894, 164.484318, 164.791894, 284.815078, 124.816998, 284.893738, 284.854749, 284.853062, 244.942163, 245.186405, 284.941836, 284.910132, 244.908284, 245.040151, 245.227031, 245.202641, 205.003766, 204.635218, 285.021667, 244.916615, 285.03661, 205.261202, 285.148151, 125.141157, 245.133243, 245.166503, 205.335348, 205.077768, 205.022481, 285.218723, 245.195319, 285.405704, 285.303248, 165.50473, 205.083969, 125.571004, 205.889793, 206.117877, 205.759863, 165.921156, 205.873048, 166.372124, 206.148325, 246.088916, 206.303581, 206.213248, 246.215977, 246.282754, 139.877153, 179.369349, 179.705533, 186.58981, 206.484654, 246.273892, 286.941627, 366.535004, 326.79196, 246.954412, 326.410894, 206.80199, 366.654763, 366.867721, 206.604272, 247.632665, 287.561994, 327.215672, 327.195121, 246.944704, 287.476449, 207.600215, 247.167987, 327.727664, 287.369938, 287.736736, 288.046044, 288.668183, 208.020493, 248.043994, 288.839245, 328.988271, 288.41839, 209.465587, 329.426533, 288.72688, 288.521934, 249.98234, 208.781956, 369.714559, 210.08327, 329.956279, 329.628408, 329.596202, 369.76032, 329.442821, 290.130851, 330.003239, 289.627229, 369.788654, 198.219725, 238.415255, 280.027171, 159.914492, 199.383665, 159.820366, 200.829755, 239.584156, 279.616885, 201.018456, 279.082029, 200.341317, 239.967413, 199.576553, 159.456619, 280.176254, 280.890623, 240.588377, 241.125528, 200.000384, 241.076378, 159.651892, 198.965355, 280.319065, 279.99548, 239.272903, 160.630543, 159.287077, 161.388871, 173.368124, 212.389005, 173.241964, 173.87236, 172.301149, 172.53, 171.765192, 172.655735, 382.860266, 183.438653, 262.161933, 182.29827, 142.602256, 223.004585, 262.890462, 223.751445, 422.748406, 222.640198, 182.920435, 143.357365, 183.506278, 343.354291, 143.966384, 383.241126, 184.102113, 343.383183, 224.010191, 263.945946, 303.359939, 423.528546, 223.664206, 263.440986, 303.965793, 223.77098, 423.488391, 223.171121, 263.255927, 383.487648, 264.910624, 143.72114, 263.496618, 423.648469, 224.038819, 303.046986, 304.46699, 304.096431, 223.678137, 383.410887, 183.790804, 143.30896, 184.066514, 343.946065, 184.090692, 343.824476, 304.461403, 263.149616, 143.09529, 383.763391, 182.932356, 264.087124, 343.937793, 264.543951, 224.107671, 225.60796, 303.860461, 344.312012, 303.607499, 384.125778, 343.732697, 343.87737, 344.499207, 223.660097, 264.006427, 264.600156, 145.849238, 184.016922, 304.132351, 143.761135, 384.74603, 223.356641, 143.7738, 384.174615, 304.117297, 304.006234, 343.764297, 183.740111, 265.008953, 383.810519, 343.695565, 304.863486, 224.552754, 264.036598, 224.244373, 424.278152, 303.932313, 344.405763, 224.120717, 424.475267, 344.022884, 184.475945, 264.218182, 263.942664, 304.562103, 384.629326, 184.228622, 344.753904, 424.576837, 144.528451, 344.815387, 224.424417, 145.165214, 184.194589, 186.197898, 304.218779, 304.314474, 264.530245, 304.627561, 225.181309, 384.697095, 384.950854, 264.868571, 304.448799, 184.230547, 144.58223, 345.321056, 265.172358, 185.275565, 184.882929, 185.07167, 384.842049, 224.69532, 274.414414, 355.026177, 274.611736, 314.975176, 275.778396, 355.512755, 274.906418, 315.831551, 355.067055, 394.975827, 274.972327, 314.975644, 275.045824, 395.080107, 394.855148, 273.842108, 274.564513, 314.605427, 395.440873, 354.455933, 354.983613, 274.553494, 274.954262, 275.129274, 315.353696, 394.49689, 355.307037, 275.051868, 314.892818, 275.199192, 315.146945, 355.31612, 395.07602, 435.377475, 315.16894, 395.1195, 274.984274, 274.49187, 341.052085, 467.520467, 468.781366, 468.332389, 468.574992, 467.383042, 466.89768]
sync delay = 262.318002685
out notify interest = 29695.0
out data interest = 50344.0
out bundled interest = 0.0
out data = 51417.0
out bundled data = 0.0
collision rx = 1027.82352941
collision tx = 74.0588235294
cache hit = 14782.0
cache hit special = 774.0
retx_notify_interest = 7506.0
retx_data_interest = 35488.0
retx_bundled_interest = 0.0
state sync duration = 261.641950388
data availability = 1.0
[98.117486, 98.263316, 98.466201, 193.676997, 193.617819, 193.691418, 153.925479, 153.881191, 193.843553, 194.092692, 194.18127, 193.958331, 194.235634, 154.119761, 194.110869, 194.098409, 193.570987, 233.753946, 233.726796, 194.065035, 233.711397, 193.72512, 233.981212, 233.993726, 193.614793, 233.792345, 193.852274, 233.81647, 193.648698, 193.899328, 233.835062, 239.325093, 239.481172, 239.984769, 239.517709, 240.011192, 239.916222, 239.744264, 203.842595, 203.978361, 203.879929, 243.945436, 163.545925, 244.101216, 284.289176, 284.215851, 204.14965, 124.01402, 204.153923, 164.755713, 284.335577, 284.379334, 284.391289, 244.515179, 123.761917, 164.503846, 284.539239, 284.551465, 204.345796, 124.411665, 164.362961, 204.619385, 124.505028, 125.095699, 164.714942, 244.693645, 244.829412, 164.545206, 284.728416, 124.893421, 244.754623, 244.988374, 124.532378, 164.987399, 204.02704, 164.798622, 205.189766, 244.839589, 245.109818, 204.984223, 205.191795, 245.178912, 165.535891, 165.042451, 285.159222, 125.404118, 164.576934, 205.364277, 205.13651, 245.553043, 165.719716, 205.320269, 165.371801, 125.781287, 285.471401, 125.376489, 165.684157, 285.44645, 285.506004, 285.664113, 205.930973, 206.699729, 205.237255, 325.559309, 206.711778, 326.070023, 126.179655, 366.318643, 366.576653, 286.230949, 366.84232, 287.075043, 207.116219, 327.141176, 246.211844, 127.603631, 287.502629, 287.402117, 208.055213, 127.377346, 167.491401, 327.58541, 207.321334, 287.829447, 207.843291, 288.070755, 287.687761, 328.192005, 248.843614, 368.268208, 208.581815, 128.964278, 288.751107, 249.019943, 248.808295, 287.66344, 248.924651, 328.658708, 249.156407, 209.335285, 249.668576, 209.178755, 129.950181, 129.231876, 170.047766, 329.59877, 369.423914, 289.609271, 329.26182, 249.765808, 369.604651, 209.704425, 250.483188, 209.626407, 330.023529, 169.622914, 329.849706, 209.310535, 290.161076, 290.439977, 170.76147, 250.658817, 290.59498, 330.351717, 249.341828, 170.240228, 250.582658, 210.518162, 210.523182, 250.526451, 329.981933, 210.908989, 251.227908, 170.786544, 250.405759, 171.486153, 130.665963, 171.27326, 259.856606, 300.225684, 180.895695, 340.726375, 140.967602, 340.180312, 181.345852, 301.143766, 181.000448, 301.098529, 261.927735, 301.5214, 261.279731, 341.387672, 341.377818, 301.241512, 182.172105, 261.746374, 262.001797, 301.479265, 341.403766, 261.462159, 222.362218, 261.719851, 301.726769, 342.072409, 221.766562, 342.232022, 261.783863, 222.722027, 262.091613, 142.316967, 183.049648, 236.728021, 197.39911, 156.85395, 197.478003, 117.429051, 197.04269, 157.597795, 237.405196, 237.117418, 116.8495, 197.149162, 157.64343, 197.156929, 117.561879, 237.609184, 117.254802, 158.417237, 236.803813, 237.239808, 157.505516, 197.887256, 116.670056, 237.942937, 117.137409, 118.597202, 196.849192, 157.462334, 118.035279, 117.997396, 158.479375, 157.156179, 130.093318, 131.316465, 250.427131, 170.358934, 209.486306, 169.814263, 170.36262, 130.242803, 171.266009, 290.359071, 130.6659, 171.416745, 171.159858, 290.757423, 210.519322, 171.229149, 250.051115, 291.105901, 250.635461, 251.554386, 170.219266, 250.631084, 170.781669, 171.128943, 210.332856, 171.022799, 131.351133, 130.429305, 130.97315, 291.198293, 211.890626, 211.893909, 290.621626, 251.359174, 211.850599, 170.644989, 130.630378, 132.074998, 210.792485, 171.305775, 171.285021, 131.00773, 211.201949, 172.007336, 250.614449, 292.017366, 131.416207, 291.255877, 211.694385, 171.603304, 211.537833, 130.791296, 172.008708, 231.453727, 311.368159, 311.601598, 350.902105, 351.381056, 351.331773, 311.697333, 311.755294, 351.572811, 231.811547, 312.101193, 311.852432, 351.871041, 391.619374, 351.811301, 311.734868, 271.805687, 352.102151, 271.507129, 244.340697, 284.283326, 244.902109, 284.612307, 244.40162, 243.860883, 283.672229, 284.000656, 244.226089, 243.84737, 244.84921, 244.586109, 243.340039, 244.676529, 244.405069, 244.291496, 244.573099, 244.672304, 244.080115, 243.800425, 243.349721, 244.971381, 244.676066, 284.02195, 244.01712, 284.699202]
sync delay = 226.318695268
out notify interest = 29364.0
out data interest = 70363.0
out bundled interest = 0.0
out data = 58527.0
out bundled data = 0.0
collision rx = 1750.73529412
collision tx = 113.470588235
cache hit = 17219.0
cache hit special = 820.0
retx_notify_interest = 7186.0
retx_data_interest = 52325.0
retx_bundled_interest = 0.0
state sync duration = 224.295678438
data availability = 1.0
[94.337192, 94.327328, 94.624606, 94.538771, 94.774091, 94.656307, 94.626721, 94.855076, 95.756036, 95.878695, 192.324674, 111.826242, 192.710711, 192.533694, 152.645924, 112.399774, 152.521741, 112.755218, 193.057007, 193.187372, 153.18533, 193.639141, 153.712096, 153.912146, 193.711677, 153.628446, 153.711098, 113.584368, 193.797496, 153.993893, 114.410971, 194.139362, 154.033521, 153.938708, 114.424543, 194.059893, 194.179906, 194.111043, 154.449074, 114.601176, 154.832957, 194.936511, 114.717672, 114.594679, 155.005661, 194.9584, 195.099406, 195.157631, 194.930386, 194.967525, 155.150074, 114.640218, 195.021105, 195.259408, 155.578444, 115.429231, 154.931833, 155.26031, 155.131709, 195.262844, 155.709288, 155.090792, 154.943607, 195.30179, 115.832336, 155.084283, 155.975632, 155.05964, 155.582921, 195.51982, 155.638767, 155.259714, 195.533737, 151.423898, 190.836891, 202.749926, 202.904151, 202.425385, 161.689321, 162.006172, 162.741914, 202.374393, 162.96852, 123.05793, 162.572524, 123.140227, 203.534415, 203.182127, 123.278817, 163.096701, 123.363179, 123.368195, 162.960313, 163.522933, 163.54603, 163.871503, 163.592456, 202.92818, 203.461219, 123.021858, 163.866646, 123.149416, 123.623191, 203.25972, 163.621783, 123.85015, 163.34849, 122.670698, 124.563498, 123.695796, 123.062644, 364.693808, 324.627775, 324.363388, 324.769142, 365.140547, 326.626005, 247.451948, 207.784384, 287.947692, 367.790393, 208.883425, 207.750676, 208.026522, 328.255562, 288.22257, 328.069965, 208.789399, 208.519811, 128.586063, 368.715788, 249.13917, 169.240826, 249.053804, 248.163684, 168.734459, 169.204536, 329.316124, 248.309721, 208.942815, 249.225353, 329.840704, 289.374777, 329.368838, 290.552426, 289.106866, 369.185468, 249.590513, 129.350179, 129.564269, 288.659174, 129.036762, 329.51011, 289.419254, 289.539213, 289.643701, 209.120219, 169.560771, 249.604712, 209.341117, 289.745352, 249.460771, 131.057535, 129.851744, 251.208873, 329.471938, 209.918896, 329.892175, 289.321572, 210.357446, 289.643555, 250.373289, 209.458124, 250.265909, 170.285582, 210.695404, 250.883706, 130.040621, 131.442697, 91.654534, 90.523556, 90.88915, 92.075916, 90.0757, 211.003092, 90.60763, 172.299338, 250.922969, 90.185338, 209.334698, 170.597339, 171.498783, 212.526595, 370.888712, 291.250368, 137.865575, 136.238834, 138.641551, 178.294696, 217.536278, 98.617093, 98.374308, 99.635629, 178.449033, 99.426679, 139.328077, 139.269428, 139.59314, 299.593357, 99.492818, 259.729972, 180.454828, 179.14728, 180.07331, 260.310933, 180.085536, 220.912965, 141.834113, 101.211034, 182.511291, 222.400591, 142.5739, 221.54619, 261.636416, 181.814671, 182.007615, 301.883541, 102.459183, 221.657834, 101.759258, 183.504897, 141.907416, 302.630098, 302.582896, 142.36337, 183.245562, 263.083762, 143.043683, 303.04262, 142.781026, 223.598623, 183.200928, 224.525046, 142.230118, 263.742385, 304.190549, 103.725416, 143.625575, 303.825022, 142.908137, 183.330199, 143.175489, 182.177633, 223.67883, 223.676387, 103.251186, 264.533791, 103.424619, 184.029749, 144.011047, 183.742046, 104.049307, 184.224324, 223.949433, 263.473622, 183.927823, 143.925409, 145.672998, 225.38715, 104.5122, 264.693704, 225.473005, 265.813736, 105.392289, 265.582669, 104.599517, 145.732228, 265.759652, 105.708657, 106.061492, 186.045678, 266.536579, 107.387279, 186.453081, 185.598139, 146.337814, 266.089538, 106.441281, 186.217987, 265.730084, 146.218314, 186.952073, 226.596377, 145.691583, 226.26928, 266.135074, 145.614552, 107.15816, 146.866676, 227.057221, 107.160189, 106.775173, 226.108501, 187.044878, 106.479808, 227.170399, 186.582516, 148.312967, 147.703966, 186.799099, 108.274234, 226.928145, 148.025951, 148.019564, 148.6647, 149.054788, 148.274412, 148.198355, 149.245985, 215.852567, 215.572005, 175.680395, 175.629844, 215.514923, 216.289973, 176.007342, 175.454319, 176.588767, 215.980662, 216.693643, 176.996935, 175.962886, 176.855193, 208.437613, 208.572657, 209.135775, 208.115824, 209.669676, 210.260651, 208.608585]
sync delay = 186.582084871
out notify interest = 28067.0
out data interest = 89171.0
out bundled interest = 0.0
out data = 61469.0
out bundled data = 0.0
collision rx = 1670.52941176
collision tx = 381.882352941
cache hit = 30053.0
cache hit special = 1052.0
retx_notify_interest = 5670.0
retx_data_interest = 68433.0
retx_bundled_interest = 0.0
state sync duration = 183.458156074
data availability = 1.0
[91.974216, 92.125994, 92.363008, 92.300991, 92.505785, 92.542973, 92.532908, 92.435101, 92.520461, 94.14902, 94.233097, 94.225479, 152.241268, 152.051845, 192.086662, 111.7376, 152.494479, 112.645403, 192.870416, 192.884514, 193.075777, 152.936289, 193.004072, 193.434711, 153.450771, 193.477346, 153.813292, 114.135197, 113.237168, 193.840996, 193.692297, 154.003673, 154.31991, 113.755757, 194.00269, 114.722164, 194.14465, 114.102203, 154.061026, 154.212788, 154.293591, 194.427228, 194.353768, 114.582653, 154.82556, 154.579689, 154.923021, 114.87348, 194.787589, 155.506381, 155.134259, 115.91403, 115.216324, 195.61321, 115.696075, 155.66805, 155.784056, 195.810445, 115.554796, 115.85688, 155.950952, 155.870736, 195.998824, 116.225909, 155.850108, 155.319663, 195.872579, 195.865134, 156.235742, 155.876727, 195.954502, 155.707441, 155.865893, 196.395658, 196.20258, 156.076261, 156.603428, 175.124365, 135.630831, 135.431326, 135.006758, 136.117475, 135.627401, 175.794057, 136.52472, 136.347351, 136.058436, 136.085666, 176.258151, 175.917381, 176.475604, 176.441029, 136.660293, 176.700715, 97.020497, 136.216585, 136.983848, 96.64558, 176.2644, 96.875442, 136.054855, 95.941965, 176.673342, 136.364057, 176.759546, 136.367587, 96.487776, 96.727012, 97.192812, 136.532233, 136.841329, 136.662317, 136.752158, 96.718442, 176.313406, 176.214892, 96.257326, 96.574191, 96.876584, 96.728544, 136.63097, 96.576698, 136.630909, 197.768415, 106.042999, 185.743945, 105.561046, 145.198435, 184.977624, 105.7576, 105.7214, 105.933324, 145.492077, 144.188902, 184.664798, 145.305907, 184.986422, 145.277284, 185.846864, 185.59919, 145.989353, 145.034398, 185.363068, 164.977551, 124.95211, 324.893826, 125.593195, 165.404571, 325.915058, 325.905243, 286.280107, 127.051911, 206.471626, 207.066941, 206.431576, 206.961386, 286.590994, 167.855479, 207.248143, 208.037715, 287.580742, 247.440995, 167.970791, 287.42501, 128.367553, 88.090554, 327.472909, 88.139092, 127.819672, 167.996394, 89.047373, 88.374688, 249.829543, 89.887435, 210.033379, 249.279094, 289.838654, 130.333623, 169.622193, 129.5594, 209.442754, 169.791909, 329.959016, 130.205379, 130.320582, 170.548708, 171.117394, 170.411115, 170.289258, 330.402146, 250.975693, 131.051071, 210.78069, 170.878538, 171.903056, 211.702622, 171.205956, 172.200704, 171.248645, 172.497519, 212.095422, 92.510603, 211.422662, 92.125409, 132.519634, 132.183348, 172.423875, 252.156679, 171.936001, 132.645864, 132.904889, 251.964701, 292.063967, 212.296583, 211.840712, 131.893763, 132.809039, 132.064086, 173.076076, 133.127976, 55.371927, 54.791527, 54.883589, 94.873142, 54.856429, 56.005379, 55.829511, 55.582428, 93.634462, 135.805037, 134.354095, 214.744387, 134.984722, 136.237665, 215.455498, 135.820683, 94.845972, 177.386876, 97.505302, 136.450054, 96.595277, 136.659281, 136.450097, 175.859096, 137.836396, 97.711744, 136.920073, 97.823432, 95.948509, 176.961848, 177.863777, 137.286567, 217.48255, 137.675905, 218.382007, 138.604293, 218.995268, 218.059973, 177.441405, 98.698297, 137.771771, 138.736602, 99.16185, 178.808274, 217.591383, 179.476896, 98.848583, 218.95115, 178.922643, 98.415434, 178.645584, 98.754269, 138.847154, 139.946944, 139.804449, 182.069186, 102.285569, 182.660087, 102.895065, 182.662991, 102.575967, 142.949764, 102.352362, 223.524017, 102.848503, 222.851316, 102.514878, 222.966159, 103.437073, 142.741816, 143.415261, 103.001948, 223.246143, 183.382611, 143.336912, 103.019538, 223.470357, 183.581174, 103.551798, 183.602681, 143.304141, 223.275423, 143.092608, 263.321799, 223.249981, 103.792373, 144.285431, 102.816099, 184.120621, 105.250158, 143.641269, 104.439985, 183.813565, 143.981411, 139.430313, 140.804239, 140.060157, 140.67705, 138.969467, 139.013616, 140.284676, 214.569246, 174.770174, 174.796428, 174.736258, 174.90398, 174.351878, 214.576982, 214.549971, 214.541652, 215.115392, 214.698586, 175.137224, 207.086256, 206.870283, 206.180075, 206.82088, 207.805109, 207.5948, 207.464868]
sync delay = 157.283508141
out notify interest = 26954.0
out data interest = 103105.0
out bundled interest = 0.0
out data = 65903.0
out bundled data = 0.0
collision rx = 1652.58823529
collision tx = 350.705882353
cache hit = 28075.0
cache hit special = 819.0
retx_notify_interest = 4451.0
retx_data_interest = 79979.0
retx_bundled_interest = 0.0
state sync duration = 154.658832329
data availability = 1.0
[84.51691, 84.824339, 85.064597, 86.133564, 89.943752, 89.925604, 89.895736, 90.069537, 90.454312, 90.704001, 90.785022, 90.734869, 189.671137, 149.898183, 190.067637, 150.389419, 190.291686, 150.792689, 191.021257, 150.956327, 191.136345, 151.091567, 111.661231, 111.640674, 191.930946, 191.884678, 191.914698, 152.067061, 152.17849, 112.162536, 192.132479, 192.117478, 111.792375, 152.320557, 192.312195, 152.260594, 192.324809, 112.430451, 192.406493, 112.610154, 153.191649, 152.956692, 152.678147, 152.776038, 192.634347, 112.417396, 153.274377, 112.870351, 193.155405, 113.153828, 153.36521, 152.906607, 152.735602, 153.166678, 153.380841, 193.586133, 153.744007, 193.74134, 114.111323, 193.936361, 113.582999, 193.783886, 154.204447, 154.287375, 114.258556, 114.037806, 114.724498, 154.226107, 154.094543, 154.249795, 194.557224, 194.52611, 154.322702, 194.731571, 114.542654, 154.503914, 154.845045, 94.924924, 134.705768, 135.107052, 134.68911, 94.541386, 135.209113, 95.211263, 95.364712, 135.329999, 134.922574, 96.093352, 96.123938, 95.095929, 134.825302, 95.380953, 135.870013, 134.981424, 95.665182, 95.530274, 136.037478, 96.460404, 95.414012, 135.95264, 95.304016, 136.60301, 95.641659, 96.184801, 136.355462, 96.766472, 96.046393, 96.430262, 95.918139, 96.616447, 96.274773, 94.237033, 94.164597, 53.909317, 94.471864, 94.271847, 93.923615, 94.240583, 94.60449, 93.839286, 95.396723, 95.415451, 94.327131, 94.021034, 54.162762, 94.090856, 96.674681, 97.525381, 176.035505, 96.351949, 96.133361, 176.147843, 96.226487, 136.27758, 176.017303, 136.455033, 176.649514, 136.085697, 136.159919, 96.448148, 95.88278, 96.132578, 135.988094, 176.185364, 176.377206, 136.411209, 176.267167, 136.134512, 105.509074, 95.914435, 95.821409, 97.147839, 96.095725, 95.850275, 96.032314, 95.921596, 96.287017, 185.648682, 146.116756, 146.260404, 106.28374, 187.113708, 306.760444, 307.337253, 307.485667, 188.064346, 147.451057, 147.775102, 307.688937, 267.792535, 108.193983, 148.553062, 228.865576, 268.749592, 228.622479, 188.989454, 148.554365, 150.03207, 149.090138, 149.907112, 110.11786, 190.107098, 149.763782, 149.759089, 310.549791, 230.324731, 191.079909, 150.851142, 191.099173, 231.610005, 110.801804, 150.98724, 151.459969, 311.345431, 152.123526, 111.130796, 72.928957, 191.256587, 112.033075, 272.232786, 113.250421, 112.230991, 272.577612, 192.292181, 192.486149, 112.294, 113.803049, 194.04409, 233.246214, 153.332356, 113.73333, 114.084737, 233.497491, 154.343021, 193.67092, 112.649403, 193.265678, 154.007314, 113.916132, 153.789303, 113.420349, 153.56055, 153.557785, 194.646089, 114.820932, 154.873536, 154.201941, 274.691366, 74.127683, 114.964597, 274.486991, 114.73751, 83.46515, 43.456272, 82.354324, 84.252694, 84.549137, 83.719328, 44.20517, 45.196874, 44.279651, 43.415673, 84.139813, 84.353228, 44.051266, 44.360391, 131.160059, 92.444611, 131.435282, 132.173256, 172.291456, 93.216816, 92.362875, 173.464533, 133.319334, 93.912171, 173.387355, 92.661228, 94.113726, 133.358692, 93.704772, 93.608552, 133.870341, 134.023686, 95.117232, 134.657236, 134.220107, 135.180062, 174.517758, 134.444027, 94.552183, 94.660425, 135.309307, 135.096924, 135.456317, 174.902033, 174.413729, 174.807625, 135.906808, 134.752846, 135.724935, 175.104029, 95.366367, 180.8225, 140.09347, 140.005466, 141.004886, 101.466373, 101.256962, 140.768295, 101.202424, 180.974425, 181.543944, 141.571722, 181.346496, 101.743734, 101.886118, 101.874794, 101.708068, 141.532783, 140.869761, 142.075005, 101.405864, 182.257028, 141.403324, 101.915906, 102.218037, 101.67156, 142.130058, 142.280793, 141.42584, 101.205613, 101.187199, 100.533729, 102.072345, 102.436075, 101.877276, 101.674277, 142.435254, 141.880353, 181.997814, 102.208128, 181.607177, 101.368994, 142.580098, 182.239779, 134.483327, 132.974826, 133.551222, 134.535024, 133.918742, 133.63197, 133.403231, 204.823913, 205.237633, 205.653228, 206.642217, 205.475951, 205.842207, 205.597463]
sync delay = 138.450326688
out notify interest = 25889.0
out data interest = 98038.0
out bundled interest = 0.0
out data = 63601.0
out bundled data = 0.0
collision rx = 1413.97058824
collision tx = 295.705882353
cache hit = 23956.0
cache hit special = 883.0
retx_notify_interest = 3263.0
retx_data_interest = 75911.0
retx_bundled_interest = 0.0
state sync duration = 135.978404456
