data availability = 1.0
[142.959034, 142.963087, 143.076425, 144.050304, 103.854636, 143.823598, 143.780532, 143.812905, 143.839475, 143.815265, 144.297371, 104.347107, 143.972964, 176.298077, 137.170452, 177.403708, 177.394214, 177.561755, 177.517117, 177.717762, 137.555611, 176.475251, 136.455953, 177.073281, 176.950206, 217.139606, 177.061008, 217.064563, 217.295259, 177.46744, 217.172548, 176.987406, 217.070232, 217.042646, 217.08475, 217.317555, 177.015915, 137.444433, 217.171074, 217.185114, 217.257743, 177.216711, 217.271387, 177.262179, 217.287532, 177.13795, 217.470797, 177.279496, 137.549961, 217.269652, 177.411519, 217.507211, 177.578391, 217.508364, 177.739081, 217.738549, 177.808162, 217.52226, 177.700353, 216.533194, 176.453877, 216.925355, 217.319425, 177.072903, 177.196251, 257.438405, 217.572427, 257.494177, 257.84716, 217.798453, 217.797609, 258.176808, 257.953131, 218.191134, 258.263857, 218.333925, 178.469332, 257.994696, 218.156572, 257.9754, 218.212574, 179.552034, 209.512004, 169.639711, 168.586568, 169.649747, 169.434275, 210.19647, 170.348743, 209.535961, 154.041757, 233.150522, 192.686933, 152.674847, 154.125709, 273.316815, 233.145585, 193.182089, 153.448324, 273.323079, 233.485547, 193.313789, 153.144098, 273.289396, 233.585062, 193.823349, 153.793705, 273.684358, 233.361423, 193.549688, 153.458312, 273.818612, 233.721142, 193.6507, 153.917706, 273.950339, 234.046574, 193.98083, 154.094811, 271.261489, 231.304451, 190.706605, 232.024447, 192.099019, 273.181102, 233.119386, 193.664258, 314.048989, 274.329729, 314.5565, 274.704925, 194.898064, 314.414668, 274.487395, 314.729592, 275.066291, 235.468945, 195.415445, 315.211024, 275.224203, 156.201907, 316.119305, 276.011512, 236.012793, 195.531743, 275.716164, 235.979687, 235.879916, 195.944611, 156.184201, 276.550351, 237.158497, 275.956146, 236.01598, 276.221926, 236.510518, 237.080917, 197.112681, 316.68415, 276.864268, 236.751314, 156.833283, 277.393351, 156.769685, 118.204576, 156.600427, 116.297972, 277.531737, 237.730617, 317.474208, 277.309758, 277.831933, 277.927857, 237.837442, 241.166815, 201.051911, 161.353915, 201.350047, 161.001878, 161.932989, 161.919615, 162.064292, 202.141262, 201.231407, 202.154617, 161.980985, 121.967451, 161.327312, 201.3779, 161.369063, 161.630582, 162.148336, 202.74337, 201.496232, 193.692643, 317.127324, 276.804618, 236.663844, 196.978697, 157.194908, 317.371561, 277.533436, 317.716494, 277.586977, 318.216064, 278.044252, 317.844339, 278.059769, 358.207261, 318.201004, 358.566759, 318.743899, 278.822325, 318.311258, 278.270035, 318.569569, 278.736993, 239.116482, 318.948465, 279.201064, 238.984049, 198.99138, 359.207751, 318.897615, 278.816414, 238.704207, 279.117021, 239.319049, 279.527801, 239.184426, 199.065578, 159.095629, 239.503136, 319.568266, 280.029349, 239.776478, 200.122151, 203.383352, 243.60604, 203.480511, 242.890016, 243.933157, 204.026519, 163.552215, 243.531725, 203.730872, 163.240393, 242.704109, 202.599148, 163.160487, 243.439104, 203.303784, 202.964366, 162.795559, 163.934601, 164.542238, 243.333146, 203.259515, 203.022272, 162.858812, 244.141459, 204.062586, 163.031294, 123.324764, 243.77062, 203.610015, 164.130556, 203.713502, 163.563886, 244.967036, 205.215818, 165.048488, 243.576395, 203.694572, 163.626004, 163.920586, 244.41492, 204.632353, 244.750751, 205.058091, 165.553901, 243.777498, 203.696543, 163.976032, 166.954709, 167.366193, 166.348636, 165.92217, 167.346252, 167.535056, 127.500925, 126.98221, 128.126133, 185.781421, 226.074151, 186.314916, 146.30317, 106.052969, 147.177847, 144.812881, 105.115212, 186.499342, 146.350412, 106.023187, 224.828483, 184.931012, 144.92775, 225.238911, 185.091746, 145.134916, 157.180876, 117.623597, 156.837494, 238.543024, 198.632911, 174.589727, 134.596558, 133.178187, 174.384091, 133.440282, 191.373273, 351.303737, 311.149773, 271.127604, 231.14586, 191.411406, 311.733118, 271.973614, 232.028129, 192.071064, 152.049256, 431.273369, 391.511439, 351.685261, 312.028662, 271.931865, 232.108914, 192.111928, 431.852071, 391.908507, 352.156537, 312.018947, 272.009808, 232.286212, 192.017477, 271.818467, 231.914912, 191.877415, 432.367191, 392.361645, 351.996147, 312.422185, 272.430119, 232.453685, 192.22269, 432.148035, 392.284932, 352.169096, 312.122148, 272.027545, 231.967471, 191.752418, 432.270685, 392.400583, 352.447551, 312.479003, 272.272672, 232.414718, 193.00613, 273.163743, 233.454186, 193.619457, 153.366297, 152.592089, 193.116133, 292.517357, 252.336999, 212.319126, 172.50026, 292.324205, 252.699302, 212.973591, 172.848133, 212.663591, 292.818848, 252.700258, 212.251185, 172.427335, 293.443864, 253.644653, 213.376158, 173.657288, 292.989017, 252.69749, 212.86582, 172.85163, 294.44842, 254.297672, 214.577128, 174.441864, 173.941658, 191.699148, 190.71686, 281.591782, 280.209457, 280.54252, 240.554276, 279.996005, 280.146471, 279.783214, 239.610924, 286.27408, 246.099002, 286.71096, 246.637402, 287.084498, 247.344079, 287.592567, 247.507321, 287.309387, 247.408877, 285.50028, 245.44518, 246.111697, 247.801494, 246.27736, 246.677505, 247.053276, 246.709105, 246.189308, 246.0947, 266.34407, 266.000407, 300.528861, 406.599041, 406.945891, 407.427464, 406.117626, 408.615572, 368.828798, 406.364168]
sync delay = 226.603551308
out notify interest = 48834.0
out beacon = 0.0
out data interest = 16777.0
out bundled interest = 0.0
out data = 19810.0
out ack = 46369.0
out bundled data = 0.0
collision rx = 291.454545455
collision tx = 0.590909090909
cache hit = 20828.0
cache hit special = 3173.0
retx_notify_interest = 20128.0
retx_data_interest = 949.0
retx_bundled_interest = 0.0
state sync duration = 226.603551308
data availability = 1.0
[126.107805, 126.202956, 126.124275, 126.747539, 126.681538, 136.814296, 136.951187, 137.190489, 143.905251, 103.868922, 143.66347, 143.749628, 144.077008, 103.880569, 103.942109, 143.740035, 143.732207, 104.247144, 143.802397, 143.818222, 148.211404, 151.189758, 151.211691, 151.204781, 151.225522, 151.469328, 151.57065, 151.311769, 151.290293, 174.999012, 134.945187, 175.577625, 135.775292, 215.424519, 175.374648, 215.473213, 175.4656, 215.45685, 175.613234, 215.462843, 175.232616, 215.697871, 175.803678, 215.652818, 175.624061, 215.67565, 175.971224, 176.077579, 216.330057, 176.499619, 216.46369, 176.712116, 136.847616, 216.303194, 216.576902, 176.749967, 137.301544, 216.778809, 216.762103, 216.753761, 216.886259, 176.752352, 217.020746, 217.2747, 177.484994, 137.580578, 217.174793, 217.290451, 177.043071, 138.09913, 139.118346, 174.639364, 174.844299, 174.967428, 215.505916, 175.683903, 135.872469, 215.517827, 175.739334, 135.706989, 215.466154, 175.332685, 176.059183, 215.910782, 175.918305, 176.058317, 216.443687, 216.284818, 176.251652, 215.987585, 217.051325, 177.17941, 216.51744, 176.521071, 216.148193, 176.287788, 216.466736, 216.476475, 217.129577, 177.331635, 216.801304, 176.686059, 217.269369, 177.028692, 217.197125, 217.758538, 177.746045, 217.477099, 168.609158, 168.760779, 169.220519, 215.306785, 214.687219, 175.485427, 215.168346, 175.639055, 135.585341, 176.471449, 136.508211, 217.13355, 217.257151, 176.971613, 176.864577, 136.854014, 216.836248, 176.95185, 177.418635, 217.400431, 177.276696, 178.361219, 216.855994, 178.73419, 138.754076, 150.528244, 150.74863, 189.528008, 190.231431, 189.770697, 189.89987, 150.354452, 189.936698, 190.589437, 150.854638, 190.379016, 150.409352, 190.998818, 151.382548, 191.197311, 151.173257, 150.942565, 190.354029, 149.981454, 151.363349, 151.937333, 190.762494, 150.232898, 191.003542, 150.991601, 190.955468, 151.23812, 151.544844, 191.80565, 271.327813, 231.387544, 191.171418, 151.182152, 271.330817, 231.028959, 152.01254, 271.090926, 230.775179, 190.366143, 150.555668, 191.680075, 151.51655, 190.898995, 150.903726, 152.538222, 271.445793, 231.379248, 191.349532, 151.6154, 271.696349, 231.245615, 191.453937, 151.308364, 271.663092, 231.721947, 191.917569, 151.824457, 162.216111, 123.919521, 162.218645, 122.542447, 161.881376, 161.987579, 162.561294, 162.848859, 147.028539, 187.305985, 228.606911, 188.749329, 148.268721, 268.248479, 228.169879, 268.966607, 228.623921, 268.630573, 228.692196, 268.677945, 228.95696, 268.819062, 228.909025, 268.574947, 228.533153, 155.414563, 156.557073, 155.738884, 115.618824, 156.138673, 116.423956, 156.097907, 157.533329, 196.457964, 196.709628, 196.406506, 196.070586, 196.324665, 196.759982, 156.479467, 157.138482, 155.944507, 196.523952, 155.469031, 156.411032, 156.640572, 117.219706, 156.511133, 157.10757, 156.586634, 208.884954, 168.840589, 130.445376, 170.40146, 210.631799, 171.808944, 170.928995, 172.42526, 171.376492, 131.180821, 171.721159, 212.098468, 172.016822, 212.260428, 172.069428, 212.445733, 172.373682, 211.695488, 171.671262, 235.846205, 195.869199, 155.835407, 236.648775, 196.496808, 236.233986, 236.888483, 317.544295, 277.757051, 237.739921, 197.557225, 157.883496, 197.508202, 198.136497, 158.517202, 199.395572, 237.90619, 237.519628, 197.862853, 238.175556, 239.24478, 238.322817, 237.701728, 201.808333, 161.975308, 161.397197, 121.548506, 122.078534, 162.615642, 162.165547, 122.475816, 242.197458, 202.343016, 162.376892, 241.954207, 201.922803, 161.922541, 242.190222, 202.102782, 162.305137, 202.392656, 162.491279, 122.005791, 123.15593, 241.610172, 201.46795, 161.388598, 241.930911, 201.945346, 162.065048, 162.4988, 163.692433, 123.900974, 242.962586, 202.950064, 162.847879, 162.57969, 163.107553, 162.614455, 243.7641, 203.920175, 164.163442, 124.475202, 243.744723, 204.286475, 164.031693, 123.846614, 163.329815, 163.36581, 163.341343, 164.113342, 124.307996, 164.410613, 124.142992, 144.314646, 224.463279, 184.437486, 224.329457, 184.365785, 144.280723, 223.581444, 183.465097, 143.581068, 184.007482, 143.948057, 224.740447, 184.754086, 144.779415, 185.781392, 146.045888, 106.141744, 104.647599, 224.322579, 184.27842, 144.398303, 225.724636, 185.487773, 145.327868, 144.424589, 223.81471, 183.758497, 144.338308, 104.734247, 145.158517, 224.602909, 184.818793, 225.035809, 184.763714, 224.316725, 184.500253, 144.725557, 104.560816, 224.698384, 184.813324, 224.063841, 184.031548, 185.713282, 145.886331, 223.986993, 183.877754, 143.66989, 104.558621, 145.340312, 105.369898, 117.713244, 118.206619, 131.987144, 131.347012, 131.835578, 132.86064, 171.875538, 132.429805, 172.461449, 132.807134, 172.587507, 132.401196, 171.982084, 131.909335, 171.963287, 131.779906, 172.46402, 132.446368, 172.928184, 179.903108, 179.918595, 219.201814, 219.476586, 219.361049, 218.915595, 180.574643, 179.880773, 178.705449, 179.419552, 219.836278, 219.677807, 179.846993, 178.812361, 191.136404, 191.200112, 189.987939, 189.64319, 190.283054, 190.70527, 190.034305, 190.09608, 279.733171, 279.965634, 279.606464, 240.808071, 280.421637, 279.819566, 279.463423, 239.471945, 279.894497, 268.875223, 267.814705, 267.693406, 268.075061, 268.573899, 267.875657, 268.037667]
sync delay = 183.738015686
out notify interest = 47072.0
out beacon = 0.0
out data interest = 16319.0
out bundled interest = 0.0
out data = 20469.0
out ack = 48082.0
out bundled data = 0.0
collision rx = 308.613636364
collision tx = 0.909090909091
cache hit = 22134.0
cache hit special = 3635.0
retx_notify_interest = 18225.0
retx_data_interest = 993.0
retx_bundled_interest = 0.0
state sync duration = 183.738015686
data availability = 1.0
[125.668697, 125.670387, 125.778906, 126.626087, 126.712022, 126.986482, 127.032043, 127.281047, 135.084714, 135.071694, 135.302915, 135.193231, 135.527918, 95.069323, 135.184498, 135.517071, 135.427443, 95.388243, 135.310226, 135.534406, 135.318254, 135.260515, 95.69748, 135.277646, 135.522454, 135.397649, 135.869204, 95.644312, 135.64819, 95.985566, 135.65338, 135.645677, 135.982715, 96.069204, 125.804559, 165.80224, 165.555008, 165.571621, 165.686018, 165.568213, 165.605335, 165.640849, 165.757704, 125.789589, 165.636325, 134.347417, 174.58641, 134.659029, 174.79704, 134.802629, 174.683614, 134.811438, 175.013521, 135.005469, 214.901201, 174.936961, 215.024838, 175.206134, 214.936744, 175.344708, 214.960954, 174.777455, 214.923498, 174.829463, 175.122671, 134.981712, 175.249049, 214.954666, 175.275458, 214.999883, 175.02227, 137.37331, 137.437071, 213.537514, 213.687722, 173.840103, 214.309965, 173.833452, 213.495676, 173.456494, 213.783492, 173.976423, 214.046852, 174.277599, 174.863153, 174.35268, 134.325771, 135.142631, 214.389207, 174.449605, 134.036051, 214.387602, 174.63939, 174.676857, 214.441849, 174.45382, 174.437977, 214.436822, 174.511624, 215.033704, 175.425083, 214.618438, 174.431989, 214.70444, 174.760097, 215.45603, 175.748664, 215.415783, 175.817606, 175.882142, 175.906313, 135.292023, 176.414373, 136.458974, 215.950123, 175.895476, 176.292107, 216.185403, 176.392936, 136.646304, 168.014156, 168.091929, 174.758858, 134.67485, 174.605854, 134.395317, 174.489876, 134.715976, 175.173398, 135.660671, 175.228682, 175.861218, 135.889166, 175.422605, 135.658692, 135.355904, 175.180731, 134.982794, 175.528483, 135.253338, 175.596727, 136.035729, 136.234632, 175.199611, 135.203124, 176.129039, 136.839694, 176.700885, 136.820129, 177.456506, 137.48641, 269.406942, 229.472822, 189.250034, 149.533442, 149.329634, 150.027988, 110.108756, 190.07792, 150.111869, 269.848975, 229.970832, 190.018943, 150.342866, 269.756648, 229.945485, 190.053293, 150.121883, 270.145304, 230.095463, 189.991111, 150.110021, 270.022318, 230.241779, 190.558515, 150.548468, 110.699804, 270.000093, 229.460063, 189.467069, 149.414092, 191.019618, 150.861318, 150.373584, 150.195019, 191.293089, 151.422432, 151.286542, 190.28905, 150.39305, 190.265477, 150.221518, 190.63327, 150.41342, 191.610026, 151.516637, 190.592278, 150.708802, 190.46407, 123.217715, 123.050247, 123.301496, 123.892783, 122.706233, 162.817242, 123.066661, 123.908704, 124.116928, 122.602825, 146.125669, 105.300579, 186.527737, 146.498745, 266.694428, 266.791433, 226.774205, 266.565231, 226.150579, 226.387585, 186.764268, 146.878545, 266.494026, 226.247727, 107.59273, 266.484743, 226.583378, 227.278647, 267.338538, 227.365912, 155.294074, 195.71834, 116.288714, 156.053897, 115.624436, 155.305977, 195.820465, 196.279404, 155.939582, 156.263853, 116.208857, 195.759983, 156.071538, 156.018707, 116.105654, 156.167866, 155.872315, 156.3374, 155.783498, 195.890811, 195.910621, 196.48804, 169.104269, 128.920615, 168.862717, 128.560321, 208.779013, 168.408159, 128.57481, 130.29826, 170.275773, 169.704632, 170.540487, 210.801942, 170.638019, 130.23257, 211.149917, 171.150924, 131.495318, 210.607816, 211.363321, 171.597033, 131.800553, 211.155384, 170.844335, 130.91168, 170.783971, 130.883784, 236.241755, 196.893775, 156.892718, 116.775156, 197.103489, 156.965402, 196.04942, 155.908083, 197.0579, 157.299529, 156.550905, 196.39857, 156.372135, 195.78327, 155.974262, 116.252396, 235.999697, 196.319221, 156.426229, 116.758997, 196.513114, 156.265794, 116.490398, 196.984199, 156.926642, 156.650053, 116.413198, 196.517861, 156.550284, 116.424114, 195.762797, 155.595459, 115.805582, 237.132002, 197.040839, 157.057395, 117.054507, 117.470259, 197.07325, 157.078842, 237.839609, 197.705747, 157.400807, 117.771965, 237.703108, 198.200925, 158.148592, 118.219398, 237.469139, 197.446756, 157.516434, 117.578241, 197.973207, 236.559992, 196.349324, 156.058193, 157.318952, 116.852389, 77.422906, 158.397767, 118.411708, 236.900722, 197.109288, 156.619451, 197.813885, 158.268026, 157.578967, 197.422123, 157.812837, 236.864108, 196.609675, 156.682544, 158.338949, 118.228093, 78.448245, 237.61309, 197.789531, 157.837958, 117.682461, 237.58113, 197.354718, 157.547147, 157.658925, 117.671091, 237.675466, 197.870081, 157.76695, 117.644321, 199.087086, 159.053723, 118.92146, 237.896135, 197.976218, 157.602852, 117.736653, 158.26739, 118.241465, 118.156072, 95.772729, 135.468013, 133.974491, 95.820473, 135.007612, 134.879196, 134.6804, 95.197876, 135.289334, 95.178303, 95.183583, 174.688188, 134.43181, 96.065254, 108.61471, 147.359214, 147.630216, 148.156432, 108.034025, 147.802703, 148.96703, 108.850972, 108.210771, 148.353061, 108.493355, 148.049969, 108.375371, 107.336196, 149.442775, 109.536908, 109.2489, 148.798308, 109.110786, 108.345471, 145.72159, 146.18917, 146.336376, 146.747722, 169.713222, 170.862669, 170.542736, 209.67701, 170.381089, 170.798663, 211.018036, 211.253302, 170.519599, 210.377602, 211.961851, 171.392705, 210.547912, 171.550865, 171.08543, 191.42784, 190.658328, 189.748236, 189.879762, 188.894967, 190.687862, 260.181049, 260.932926, 260.424585, 259.7604, 259.61142, 259.742519]
sync delay = 166.95508453
out notify interest = 45273.0
out beacon = 0.0
out data interest = 16026.0
out bundled interest = 0.0
out data = 20756.0
out ack = 49517.0
out bundled data = 0.0
collision rx = 318.727272727
collision tx = 1.13636363636
cache hit = 22822.0
cache hit special = 3901.0
retx_notify_interest = 16309.0
retx_data_interest = 977.0
retx_bundled_interest = 0.0
state sync duration = 166.95508453
data availability = 1.0
[123.987768, 123.983135, 124.078626, 124.444984, 124.330149, 124.469014, 124.542185, 124.443221, 134.262962, 94.384876, 133.93982, 134.190445, 94.313355, 133.932025, 133.923598, 134.157941, 94.166562, 134.274295, 133.990549, 133.940896, 134.174422, 133.979324, 134.210637, 133.922898, 134.307156, 134.079651, 94.236623, 134.071759, 134.114464, 134.445669, 94.232126, 94.112161, 134.119831, 134.080762, 94.523616, 94.474441, 134.378016, 125.861832, 166.252061, 125.814442, 166.166966, 166.158585, 166.142334, 166.204416, 166.200525, 166.485635, 126.540144, 166.26273, 134.056804, 174.361593, 134.337094, 176.023308, 135.993685, 135.997901, 135.869414, 95.796723, 95.786415, 175.951178, 135.682899, 176.405186, 136.52613, 175.89413, 135.997097, 216.038651, 175.957096, 216.100943, 176.005411, 216.105161, 176.380548, 216.202467, 176.034308, 216.107476, 176.17764, 176.794513, 216.122371, 175.818805, 216.150811, 176.286123, 138.56728, 137.883758, 178.391825, 138.42328, 98.282445, 138.936725, 98.69422, 138.834345, 178.489706, 178.259469, 178.12502, 178.190802, 178.499652, 178.098856, 98.543303, 139.156414, 173.835892, 214.343765, 174.313937, 174.299366, 173.843226, 174.122389, 173.740195, 173.884017, 173.484274, 174.213817, 133.970631, 173.620041, 174.715543, 134.650869, 134.099199, 214.593204, 174.370919, 214.51646, 174.950767, 214.362025, 174.220373, 214.601177, 174.500382, 214.76762, 174.477261, 135.766681, 176.178531, 215.286738, 175.182098, 157.202484, 156.62351, 116.552076, 156.819805, 116.865559, 155.948555, 116.475507, 156.843665, 116.94409, 116.268821, 156.25637, 116.336921, 156.76845, 116.39187, 156.920822, 117.090646, 156.34527, 116.373505, 157.286828, 156.341556, 116.301715, 156.860217, 156.163888, 116.22371, 156.491587, 116.444496, 116.22206, 156.144366, 116.314957, 116.819063, 156.033924, 116.109312, 196.56185, 157.348575, 117.45082, 156.399924, 116.847674, 116.694345, 156.590554, 116.754071, 156.713588, 156.39694, 116.340154, 156.925553, 197.159377, 157.202549, 196.802304, 156.755451, 197.041956, 157.144837, 157.133117, 117.175618, 116.810111, 196.933933, 156.855656, 197.611646, 157.622561, 126.606956, 86.526606, 85.788619, 126.089052, 85.832276, 126.291824, 125.283987, 126.173825, 85.681691, 98.821075, 97.852651, 107.779897, 107.558456, 148.56547, 108.459495, 108.001073, 147.918782, 108.03347, 267.99971, 228.078588, 188.202171, 148.322417, 108.353987, 188.122275, 148.335736, 268.129241, 228.23159, 188.366969, 148.528905, 108.286731, 267.822837, 227.892731, 187.66198, 147.57575, 107.987001, 267.524609, 227.215841, 187.52963, 147.542963, 107.895004, 268.109968, 228.308112, 187.962232, 148.037556, 108.113979, 267.818801, 228.019613, 187.73553, 147.555158, 107.76903, 107.562118, 107.497011, 107.337077, 107.989838, 108.366529, 107.972023, 108.335478, 108.013664, 105.274478, 104.796031, 104.123551, 153.913801, 113.973166, 154.643924, 114.660669, 194.272094, 154.435634, 114.381368, 114.331242, 194.522379, 154.008569, 155.206791, 115.433912, 195.063977, 194.975611, 195.57908, 195.144922, 195.574432, 168.321602, 127.688091, 168.642102, 128.624444, 167.576324, 127.534301, 208.6607, 168.762124, 128.684329, 208.058647, 167.838969, 128.064823, 208.736572, 168.55366, 128.342058, 208.401886, 168.208045, 128.211923, 208.446802, 168.565914, 128.76993, 208.624238, 168.370105, 128.177428, 139.47634, 233.740612, 194.140129, 153.99505, 236.525852, 196.453676, 156.363744, 116.705154, 194.736597, 154.868606, 114.913719, 156.102392, 196.028941, 156.050332, 115.763592, 195.838326, 155.827623, 115.955307, 156.101993, 116.354027, 76.470838, 235.76888, 195.42325, 155.163219, 115.263293, 235.317339, 195.759667, 194.979773, 155.862632, 154.842453, 115.067934, 115.920864, 75.849242, 155.735821, 115.86531, 235.374762, 195.137147, 155.317362, 115.220358, 236.271629, 235.093944, 195.051354, 196.037573, 155.03153, 156.268188, 116.341657, 195.704981, 155.481992, 115.480066, 114.773814, 195.688967, 116.022143, 155.851895, 115.840971, 156.305011, 116.221671, 195.437576, 155.421227, 115.339583, 115.683405, 194.941649, 154.965285, 115.025523, 195.939331, 156.004201, 196.356283, 156.293059, 116.518532, 156.101732, 116.082076, 116.337096, 115.088167, 116.39347, 76.604396, 196.600353, 156.588601, 116.779804, 196.122955, 156.242898, 116.472534, 195.878798, 155.864382, 195.817239, 157.4222, 117.294189, 196.948549, 156.818752, 196.765774, 156.708486, 156.693832, 116.604352, 197.006802, 157.047449, 197.420245, 157.894654, 236.77977, 196.842232, 156.633585, 116.289015, 197.414954, 157.17034, 156.345202, 116.760757, 76.622782, 134.270856, 93.287548, 93.895903, 93.416266, 94.032458, 94.145154, 93.432693, 134.505553, 94.445242, 92.999072, 93.274502, 134.441613, 94.715524, 134.819157, 94.721902, 133.696115, 93.35087, 94.588643, 134.024093, 94.034964, 134.057489, 94.309717, 133.365202, 93.387647, 134.13685, 133.819001, 94.532124, 94.619985, 94.785218, 133.845835, 134.087423, 133.584832, 94.276847, 134.360006, 166.163683, 166.731255, 166.887898, 167.009345, 167.025762, 165.753647, 166.381948, 166.703149, 167.353403, 165.964896, 166.08117, 166.162523, 165.819989, 170.96974, 237.534402, 237.295095, 237.095383, 237.393414, 236.657886, 237.611202]
sync delay = 151.968569834
out notify interest = 41756.0
out beacon = 0.0
out data interest = 13634.0
out bundled interest = 0.0
out data = 20896.0
out ack = 37839.0
out bundled data = 0.0
collision rx = 237.75
collision tx = 10.6363636364
cache hit = 23406.0
cache hit special = 5762.0
retx_notify_interest = 12567.0
retx_data_interest = 467.0
retx_bundled_interest = 0.0
state sync duration = 151.968569834
data availability = 1.0
[123.790863, 123.555471, 123.564786, 123.561627, 123.805233, 123.621688, 123.87871, 123.664568, 123.933062, 123.649426, 124.29491, 124.270218, 124.366837, 124.479107, 124.418348, 124.431015, 133.124845, 133.162367, 94.457593, 94.983866, 94.428222, 94.705621, 134.849713, 95.184003, 134.527571, 134.482433, 134.896661, 94.927451, 94.900543, 134.509785, 134.751294, 134.521714, 94.821667, 134.548656, 134.542452, 134.805675, 94.648569, 134.587252, 134.63804, 134.852119, 94.977391, 134.625473, 134.837694, 94.927802, 134.610048, 134.621619, 134.647179, 134.899102, 94.969411, 112.151495, 152.11902, 111.820593, 112.442323, 72.421011, 112.15769, 112.172077, 71.954014, 152.190767, 112.494037, 152.255547, 112.475224, 152.259237, 112.222971, 152.250482, 112.367444, 152.370101, 112.581694, 152.286227, 112.101646, 72.349614, 112.220308, 72.792752, 72.518876, 98.999568, 98.984474, 98.909032, 94.538457, 93.784314, 98.658425, 177.793343, 137.698708, 138.198247, 177.517859, 137.58145, 178.306688, 138.487699, 98.432513, 177.698912, 137.321622, 98.128883, 177.984897, 137.869814, 138.76033, 138.034947, 97.998132, 98.001738, 177.960527, 137.874845, 97.943467, 178.002, 137.881407, 138.05215, 97.933958, 138.32152, 137.878757, 97.744331, 98.044319, 154.636431, 114.474065, 154.797282, 114.984881, 155.347504, 115.394733, 155.089068, 115.088153, 154.926723, 114.720166, 155.300232, 115.207118, 93.286225, 173.288508, 212.870586, 172.773948, 132.533395, 134.022739, 173.588463, 133.82002, 93.251405, 133.524812, 173.284093, 133.253104, 173.458742, 133.178965, 93.196481, 94.065164, 213.315023, 173.457052, 133.641472, 213.365391, 173.288666, 133.255721, 213.679049, 173.541586, 133.691141, 213.800774, 173.58384, 133.932356, 213.624698, 173.75986, 133.94099, 213.505691, 173.559159, 133.522375, 104.449539, 104.176655, 103.609996, 103.706699, 103.705471, 104.659364, 103.911155, 104.053856, 104.741052, 104.468777, 155.814447, 115.694138, 155.697245, 115.771881, 155.566075, 115.725056, 155.588, 115.748583, 155.758715, 115.554565, 117.01601, 155.381904, 115.398906, 156.069127, 115.97995, 156.117128, 115.844542, 124.850589, 84.682005, 125.155227, 85.490375, 125.115638, 85.157741, 86.037688, 124.725918, 124.386395, 84.516614, 97.029518, 96.726117, 266.471993, 226.244136, 186.234794, 146.185203, 106.302881, 107.218649, 266.517517, 226.202715, 186.332498, 146.230491, 106.082682, 266.527532, 226.520593, 186.217915, 146.52103, 106.765214, 146.781812, 106.510595, 187.135158, 146.123531, 106.299579, 106.363413, 147.232371, 107.06056, 266.846236, 226.721234, 186.787539, 146.655469, 106.388844, 68.41249, 266.774023, 226.665707, 186.377448, 146.339993, 106.096602, 266.772142, 226.792394, 187.00571, 147.18208, 107.107825, 107.161763, 106.654307, 106.403941, 107.178654, 107.195941, 106.649316, 106.987932, 107.37326, 144.901726, 184.514221, 144.54235, 144.516499, 104.533426, 144.513195, 145.757726, 105.739248, 104.529988, 105.948141, 184.865298, 144.901608, 185.161487, 145.180801, 185.139507, 145.46427, 185.269154, 144.939847, 105.719549, 185.415718, 145.075692, 185.532988, 145.707272, 114.810452, 114.619737, 127.405072, 87.54315, 167.320647, 127.505308, 87.146064, 167.65573, 127.489578, 87.244133, 167.227284, 127.117087, 168.155459, 167.633521, 127.635754, 87.626068, 167.964612, 128.227006, 87.689954, 167.258319, 127.177268, 87.31906, 128.160848, 88.25122, 167.625272, 127.801137, 87.420332, 168.446906, 127.945924, 154.163164, 113.816913, 234.344551, 194.442894, 154.426882, 114.30133, 234.101167, 194.302405, 154.43296, 114.508432, 154.437197, 114.561082, 194.389183, 154.148943, 113.943025, 234.733248, 194.513104, 154.697948, 114.729693, 234.384644, 194.273924, 154.148119, 234.564141, 194.878016, 154.925543, 115.188214, 114.505095, 115.373325, 156.653371, 75.322926, 116.761666, 235.937696, 195.905364, 155.906702, 116.177868, 196.014486, 115.519268, 156.330316, 116.318038, 196.253319, 196.638428, 156.426551, 116.707349, 156.900891, 196.151907, 116.893894, 235.927285, 156.523538, 195.812065, 116.731978, 155.754681, 115.794962, 156.568411, 197.122592, 116.651841, 156.888234, 116.781936, 76.834791, 76.987503, 195.821589, 196.344441, 156.260925, 156.741309, 116.371965, 195.947533, 156.291896, 155.975147, 116.309263, 195.337029, 115.749126, 196.636603, 155.120929, 196.040586, 155.909939, 196.550087, 156.425269, 116.126718, 158.125888, 118.136531, 78.035086, 195.637676, 155.674925, 195.720756, 155.735703, 196.949103, 157.108195, 116.939719, 195.88891, 155.810654, 115.828789, 196.032146, 157.135076, 156.562383, 117.511348, 77.323019, 116.585127, 196.566914, 156.487616, 196.732624, 156.654299, 116.472428, 156.865434, 116.589038, 93.352143, 93.630815, 94.027612, 92.486285, 93.422912, 93.271419, 92.495267, 132.568999, 92.407809, 132.555018, 92.462647, 133.975448, 94.070953, 93.627804, 131.873917, 91.988785, 133.627098, 93.864731, 93.407959, 93.389432, 92.810384, 133.342566, 93.33968, 93.726749, 93.778744, 166.422864, 165.388693, 165.757659, 166.689096, 165.964751, 166.55248, 166.541817, 166.868511, 165.486173, 165.954976, 165.350133, 166.135589, 166.553391, 169.372989, 235.734942, 235.356101, 235.488065, 235.276945, 235.023356, 235.98625]
sync delay = 140.730212991
out notify interest = 40200.0
out beacon = 0.0
out data interest = 13800.0
out bundled interest = 0.0
out data = 21754.0
out ack = 39738.0
out bundled data = 0.0
collision rx = 273.5
collision tx = 13.3636363636
cache hit = 23544.0
cache hit special = 5617.0
retx_notify_interest = 10856.0
retx_data_interest = 491.0
retx_bundled_interest = 0.0
state sync duration = 140.730212991
data availability = 1.0
[85.807087, 85.916257, 85.981119, 85.998946, 123.554831, 123.689096, 123.536256, 123.580199, 123.608298, 123.734456, 123.640587, 123.816422, 123.935847, 123.650591, 124.098921, 123.759632, 124.081345, 123.787931, 124.041107, 124.007206, 123.785115, 124.210755, 124.206063, 124.318486, 124.252181, 124.265062, 123.939292, 124.141702, 123.920581, 124.356728, 124.32413, 92.162372, 93.320254, 92.973413, 92.995531, 93.030058, 93.060046, 132.926178, 93.236423, 132.942633, 92.900844, 132.968626, 132.981646, 133.291968, 93.409292, 132.967945, 133.001389, 93.923954, 93.669503, 94.122542, 111.826798, 72.13816, 111.974817, 72.181342, 111.624564, 71.228592, 112.034464, 72.099669, 151.898177, 111.702415, 151.969532, 111.766752, 111.928516, 111.853435, 111.880447, 111.783309, 112.013076, 72.316602, 112.24461, 72.605103, 111.906107, 72.056, 72.100825, 152.555885, 112.592473, 152.532127, 112.64827, 112.331594, 112.767798, 152.555205, 112.500441, 152.568891, 112.716287, 113.612303, 113.564494, 114.333402, 114.043005, 113.724446, 113.895682, 113.844872, 113.750234, 114.025626, 114.476587, 114.024998, 113.8948, 114.081902, 92.874085, 93.276123, 93.530269, 93.015882, 92.909918, 92.762306, 93.67263, 94.235937, 94.44975, 112.208398, 113.001772, 152.221544, 112.318638, 152.922022, 113.199883, 153.050786, 113.252102, 152.881789, 112.989527, 152.634881, 112.410046, 153.157931, 113.552336, 86.814697, 86.797603, 86.734215, 86.922185, 86.873075, 92.248108, 172.96607, 212.355994, 172.44567, 132.582846, 92.641783, 132.471896, 132.186112, 132.608723, 172.568295, 132.741416, 92.90457, 132.849522, 132.786002, 132.595921, 92.853364, 132.404722, 92.466476, 173.291525, 133.221907, 133.392734, 93.362931, 173.285164, 133.376322, 133.135494, 213.065778, 173.235317, 133.275862, 93.069815, 213.085915, 173.450867, 133.166346, 93.045841, 213.299014, 173.441785, 133.160484, 93.076374, 213.172015, 173.212017, 133.234622, 93.333305, 93.765026, 93.023798, 132.94755, 93.250188, 213.108179, 173.347723, 133.399061, 93.102001, 213.238454, 173.071161, 132.951672, 92.501229, 113.451768, 114.008303, 75.017394, 115.488392, 75.742114, 115.346112, 115.51408, 115.85128, 75.231642, 76.163168, 114.925549, 116.076341, 83.564748, 83.472076, 83.697478, 83.907116, 83.388068, 84.034139, 104.525098, 64.578257, 65.072693, 104.989594, 104.872284, 104.950528, 65.493386, 145.717769, 105.967434, 105.762439, 65.550831, 105.571956, 145.129172, 105.517001, 186.129554, 145.965364, 105.867507, 65.764287, 145.166068, 105.424006, 265.662266, 225.598976, 185.473781, 145.427585, 105.56019, 265.613304, 225.744073, 185.437383, 145.618568, 105.34572, 265.858214, 225.771319, 185.914781, 65.903824, 265.495863, 225.534608, 185.847936, 145.971018, 105.875149, 265.923609, 225.958981, 185.622845, 145.918837, 105.391511, 145.997989, 106.178002, 105.838218, 146.704341, 106.52795, 105.877333, 146.705868, 106.547864, 106.172298, 105.341541, 266.023837, 226.23681, 186.241289, 146.141551, 105.941432, 145.800171, 105.813412, 146.223885, 106.1446, 147.34505, 107.671006, 146.645933, 106.697309, 106.270444, 105.184802, 105.408628, 113.574941, 114.155206, 165.434004, 125.04817, 165.87679, 126.049018, 166.300767, 126.452657, 86.748604, 126.316458, 86.366305, 167.074893, 127.2648, 167.341724, 127.461103, 87.483141, 86.191229, 168.146492, 127.861391, 87.626931, 166.924594, 127.151094, 87.36217, 167.373854, 127.297304, 87.532839, 167.011265, 127.262748, 87.204915, 180.846879, 140.800895, 181.381684, 141.224034, 101.562279, 141.26918, 101.044857, 60.99128, 181.426081, 141.888046, 181.869874, 141.835704, 102.366674, 62.384901, 181.145436, 141.248353, 101.376713, 221.736794, 181.955175, 141.648693, 101.42724, 61.273533, 181.047226, 140.832007, 141.497619, 101.879528, 181.249012, 141.572768, 102.844151, 62.754895, 181.476952, 141.699738, 182.172369, 142.239819, 102.132197, 62.136512, 181.724191, 141.871742, 181.806645, 141.766502, 101.821236, 221.355415, 181.507321, 141.7655, 101.902212, 142.583398, 102.54059, 222.214469, 182.248993, 142.064502, 102.347624, 181.961639, 141.84278, 102.1194, 222.115297, 182.558708, 142.514141, 102.337989, 222.489659, 182.64478, 142.914235, 103.194283, 141.683616, 101.920712, 142.571709, 102.799153, 181.917018, 142.205608, 101.919609, 142.081418, 102.13334, 62.125289, 221.498116, 181.461908, 141.122185, 101.115267, 101.370848, 182.3792, 142.819562, 222.078586, 181.769756, 141.739177, 101.53019, 102.672856, 142.365818, 182.232881, 102.528313, 142.365689, 102.613732, 143.274473, 103.242541, 63.213326, 182.843439, 142.802607, 182.268944, 142.552756, 101.897986, 182.453707, 142.408958, 102.185526, 103.089568, 142.42928, 102.431319, 92.216705, 91.800218, 92.582097, 92.557668, 92.847511, 93.081116, 92.113488, 91.173443, 132.32652, 92.221701, 131.885926, 91.698228, 133.15981, 93.124264, 92.244585, 92.166836, 131.802949, 91.631933, 132.196341, 92.118139, 91.362323, 131.905747, 91.723073, 148.099326, 147.431873, 146.834451, 148.933646, 148.427633, 147.161814, 147.986046, 148.370232, 148.54776, 147.878407, 148.091016, 147.441984, 147.812401, 169.308618, 168.156467, 167.920734, 168.971599, 168.93511, 169.387333, 168.99736]
sync delay = 128.958172384
out notify interest = 39052.0
out beacon = 0.0
out data interest = 15029.0
out bundled interest = 0.0
out data = 22786.0
out ack = 46613.0
out bundled data = 0.0
collision rx = 514.295454545
collision tx = 22.9090909091
cache hit = 22221.0
cache hit special = 4666.0
retx_notify_interest = 9437.0
retx_data_interest = 763.0
retx_bundled_interest = 0.0
state sync duration = 128.958172384
data availability = 1.0
[38.208372, 38.242991, 38.169673, 38.314105, 38.186599, 38.968914, 38.961444, 38.855989, 84.002394, 84.030035, 84.024929, 84.259951, 84.151659, 84.071326, 84.34663, 84.104227, 84.097902, 81.987422, 81.893121, 122.188979, 82.066618, 82.15493, 121.970245, 82.101074, 82.552666, 82.483947, 121.975831, 81.673257, 121.921341, 81.932752, 122.236248, 82.225737, 122.035005, 81.94344, 122.088307, 82.30793, 122.337848, 82.557874, 122.340927, 82.36169, 122.119682, 81.866228, 122.117294, 82.089056, 122.36846, 82.327965, 82.592235, 122.1103, 82.107814, 122.360715, 82.187042, 122.154024, 82.294391, 122.52635, 82.300465, 122.218427, 82.302103, 122.221248, 82.399432, 122.564373, 82.903617, 122.241096, 82.739901, 122.651454, 82.535568, 100.729523, 60.935833, 60.858299, 100.357332, 60.00063, 100.943398, 61.187089, 61.339947, 60.819185, 61.176451, 60.59242, 100.726833, 60.882696, 100.855703, 61.331382, 61.229477, 60.796808, 60.848914, 60.846478, 60.733072, 60.853388, 61.593612, 60.979577, 60.955682, 60.921846, 141.17056, 61.649838, 107.815867, 68.0198, 147.639225, 107.8381, 67.78385, 147.706091, 107.785911, 68.078712, 147.721041, 107.356429, 67.780393, 147.727084, 108.061258, 68.498773, 147.761371, 107.976484, 67.865954, 73.211396, 72.860095, 72.788734, 72.592128, 73.12404, 112.462295, 91.211335, 94.195459, 94.34096, 94.871671, 93.585366, 94.206104, 93.999169, 94.502761, 93.927578, 94.259577, 94.208897, 94.028207, 94.979806, 94.054039, 57.504584, 58.27178, 57.844913, 97.343852, 58.08065, 98.096902, 58.151805, 137.603395, 97.833496, 98.007923, 137.763215, 97.959689, 57.854101, 58.693303, 98.023128, 137.91179, 97.593778, 58.144871, 98.019402, 97.92488, 98.235297, 97.980117, 138.102421, 97.972945, 57.916335, 138.060646, 98.161774, 58.395292, 137.825808, 97.656815, 58.022653, 138.092973, 98.46918, 58.493723, 138.176119, 137.818391, 97.575272, 57.489415, 138.39646, 98.246602, 58.463358, 98.268818, 57.760074, 82.512974, 82.7277, 82.30599, 82.121322, 82.716598, 73.826773, 113.992008, 73.973811, 74.780013, 114.072644, 74.028347, 113.822661, 73.712735, 74.843454, 114.414806, 74.623143, 114.775555, 75.036866, 114.733338, 74.493138, 114.6216, 74.667391, 114.918551, 74.851642, 241.549361, 201.327803, 161.288797, 121.554228, 81.810599, 120.911145, 81.250149, 241.365205, 201.472868, 161.584204, 121.488213, 241.63406, 201.699819, 161.9007, 122.020842, 82.702523, 81.606286, 82.29322, 241.510442, 201.233411, 161.512132, 121.680464, 241.973994, 201.834415, 161.822519, 122.146135, 81.635271, 82.728774, 241.874036, 201.577619, 161.500506, 121.78436, 121.452336, 122.295224, 162.19846, 122.011309, 81.779688, 122.078025, 121.831998, 122.460674, 122.898143, 122.018393, 101.766027, 61.657283, 101.903243, 62.248923, 101.175926, 60.981334, 61.793392, 61.430186, 102.006044, 141.798515, 101.807275, 62.021826, 102.69463, 102.632304, 102.298696, 102.524551, 62.132804, 102.664978, 61.871743, 63.295362, 102.297518, 102.698671, 102.620663, 101.882083, 101.63121, 61.460041, 102.475954, 103.179325, 62.514418, 102.392943, 102.88977, 63.076668, 102.368104, 102.437234, 103.28584, 103.818073, 102.718132, 102.801039, 112.138302, 71.908489, 70.591833, 71.237859, 114.944554, 113.999534, 115.130113, 75.280888, 74.164369, 115.605354, 75.521788, 113.877151, 73.983405, 113.927327, 74.097347, 75.124234, 74.300273, 40.165719, 42.02684, 58.11509, 57.055601, 56.778278, 58.06252, 58.561779, 57.001441, 176.685988, 136.777708, 96.925917, 177.607542, 137.550043, 97.54866, 57.84648, 137.594924, 97.26795, 57.473863, 136.924149, 96.810568, 177.302189, 137.084903, 135.972329, 96.279668, 56.455654, 96.847598, 56.753129, 177.388406, 136.848656, 96.897342, 57.029993, 177.00919, 137.161295, 177.971556, 138.283778, 98.282838, 58.871838, 176.43714, 136.637405, 177.302666, 137.288427, 97.503795, 57.73611, 177.15508, 137.43968, 177.653943, 137.307371, 97.224401, 57.111396, 136.726318, 96.394836, 177.009176, 137.043021, 177.745622, 137.689544, 98.067325, 177.654313, 137.74607, 97.672437, 136.619644, 96.623516, 177.00786, 137.215179, 97.065672, 177.212813, 136.913307, 96.773029, 177.054417, 136.835486, 97.061967, 177.44894, 137.26103, 97.191049, 138.671919, 98.530424, 58.617508, 177.717077, 137.633998, 97.654233, 137.943215, 97.984931, 177.680637, 137.795675, 97.703182, 177.425291, 137.339871, 97.207323, 96.395586, 56.202051, 177.616594, 137.600028, 97.376113, 138.014837, 98.357687, 58.570419, 177.123549, 137.396372, 97.521491, 177.974131, 138.060845, 97.848544, 177.660678, 137.898851, 97.866799, 178.223834, 138.126857, 137.326047, 97.142116, 58.414263, 59.969341, 59.623471, 58.644264, 59.097066, 58.753936, 59.047572, 59.961361, 131.677425, 91.686799, 89.700236, 92.461897, 131.246829, 91.152596, 130.930004, 91.27931, 90.594339, 132.137783, 91.910442, 91.444619, 131.261551, 91.289863, 131.657171, 91.449516, 91.150732, 90.856387, 91.682688, 91.267164, 91.316622, 91.000904, 91.673586, 91.94401, 91.765184, 130.064266, 131.436948, 130.697929, 129.828466, 130.942628, 129.917248]
sync delay = 103.752583957
out notify interest = 36446.0
out beacon = 0.0
out data interest = 15477.0
out bundled interest = 0.0
out data = 24284.0
out ack = 46787.0
out bundled data = 0.0
collision rx = 338.636363636
collision tx = 79.5909090909
cache hit = 25451.0
cache hit special = 4233.0
retx_notify_interest = 6321.0
retx_data_interest = 778.0
retx_bundled_interest = 0.0
state sync duration = 103.752583957
data availability = 1.0
[38.238231, 38.209245, 38.305816, 38.298181, 38.070343, 38.19278, 38.335053, 38.354317, 38.345672, 51.647327, 51.894998, 51.782954, 51.927896, 51.701628, 51.984113, 51.738268, 51.729037, 51.790275, 76.071586, 76.184534, 76.520312, 77.007811, 119.807586, 79.358347, 119.928416, 80.418027, 80.0003, 120.257772, 80.595259, 40.380021, 119.939275, 79.999516, 120.174168, 79.74345, 120.199205, 80.346249, 80.17582, 119.936881, 79.574196, 120.23978, 80.466326, 120.293626, 80.562701, 120.549057, 80.237726, 120.294412, 80.982453, 41.0064, 80.903368, 41.1992, 80.868152, 80.811807, 80.776352, 80.816325, 80.812379, 120.874876, 80.784367, 120.61399, 80.564361, 120.954101, 80.882142, 120.754444, 80.530916, 120.792223, 80.862645, 121.134954, 81.09793, 120.815068, 80.984402, 120.964684, 81.074176, 120.815301, 80.815484, 120.818131, 80.869084, 121.057789, 81.237136, 121.034304, 80.995987, 121.053533, 80.992572, 121.076717, 80.882718, 121.098736, 81.217365, 59.545764, 59.48055, 60.077487, 59.373131, 59.602102, 59.604188, 59.888087, 60.215426, 59.554655, 60.076363, 59.885986, 60.22218, 59.663396, 59.572062, 59.744843, 59.836518, 59.647747, 59.985945, 60.276085, 60.089816, 59.840362, 60.41886, 59.978051, 60.380531, 60.324164, 60.798543, 72.396235, 72.478576, 72.64901, 72.350561, 72.126018, 72.517801, 72.510958, 157.845315, 117.748853, 77.775313, 78.005912, 158.03961, 117.96346, 158.334362, 118.28012, 158.222683, 118.201889, 78.246286, 77.956132, 158.253715, 118.1267, 78.176565, 78.582865, 78.646268, 158.278653, 118.381562, 83.577387, 83.841321, 83.80544, 83.798129, 84.12985, 83.972307, 46.219621, 46.034694, 125.946775, 85.722046, 45.819965, 127.874903, 88.401893, 126.724817, 48.215535, 86.556739, 127.706537, 87.506215, 47.574068, 127.312183, 88.025778, 87.260037, 127.318659, 87.346451, 128.164758, 88.133082, 87.543222, 127.97978, 88.013073, 88.460614, 48.356841, 87.211118, 128.07831, 87.329539, 88.025813, 87.329913, 87.37924, 87.665979, 49.792693, 49.590697, 49.546825, 49.372674, 49.661189, 50.53129, 49.490971, 50.413854, 50.214895, 51.59495, 51.441002, 50.480883, 51.585202, 51.112336, 52.290969, 52.223667, 52.187492, 52.350471, 26.26537, 25.630229, 26.191353, 125.367732, 85.241709, 45.929347, 45.061935, 125.459648, 85.257131, 125.598867, 85.44099, 45.533324, 125.713162, 85.806065, 125.574049, 85.592954, 125.882974, 86.015138, 46.127958, 86.071776, 85.972508, 46.196713, 125.769184, 85.877546, 86.030265, 86.259808, 86.012452, 85.854681, 85.810133, 86.390603, 52.883788, 51.744015, 51.807092, 52.333329, 91.955002, 52.237469, 91.458347, 51.289275, 92.062606, 52.305383, 52.427938, 52.597964, 91.327673, 51.334998, 51.572519, 52.51324, 92.164482, 52.072967, 88.206822, 48.425321, 88.329442, 49.090346, 88.202492, 48.086808, 89.412546, 49.386886, 89.060669, 88.937598, 88.103361, 48.065379, 88.438802, 48.549126, 48.607786, 49.255746, 87.826143, 47.778928, 88.518098, 48.450746, 88.709151, 48.362075, 89.14665, 49.132667, 88.689997, 49.342205, 48.881349, 48.728847, 49.189171, 49.546543, 89.202495, 49.020796, 49.075671, 48.971222, 88.98359, 48.84707, 87.768563, 47.711216, 49.750022, 88.807068, 48.677322, 89.244006, 49.452226, 88.310976, 48.625633, 89.255641, 89.411186, 89.286667, 49.2457, 49.99136, 89.131537, 66.586711, 75.687017, 76.223915, 76.325839, 76.511474, 75.143352, 75.255896, 75.472849, 75.892636, 76.040422, 59.412187, 59.718828, 58.585145, 58.214695, 59.446989, 58.563145, 58.943062, 59.095185, 59.819825, 59.139717, 59.586372, 59.302962, 59.369382, 59.278214, 57.845554, 59.712516, 59.060303, 60.366822, 20.200071, 58.447673, 19.669937, 19.552154, 60.114356, 20.509715, 60.791392, 18.948289, 18.968662, 22.58909, 24.335518, 69.40316, 29.709589, 68.89372, 28.760702, 69.840496, 68.98123, 69.805322, 68.576444, 69.669248, 29.610995, 68.85384, 109.355922, 69.278834, 29.090872, 109.730448, 69.691097, 29.550755, 69.581971, 109.286785, 69.317097, 29.238555, 109.057278, 69.413315, 29.421995, 109.927171, 69.683389, 29.588725, 109.698462, 69.598953, 29.548652, 94.8803, 54.63162, 134.154361, 94.253491, 54.467202, 135.011206, 95.218481, 54.983302, 94.685841, 54.998772, 95.242135, 55.297486, 94.305612, 54.504402, 53.350637, 55.37709, 94.52526, 54.852277, 54.825817, 55.087846, 94.341364, 54.347264, 94.035319, 54.136649, 94.982911, 54.965852, 94.836643, 54.70896, 93.934059, 53.704743, 56.073895, 54.866836, 95.216505, 55.371482, 93.281217, 53.159194, 95.603973, 55.450146, 55.372107, 94.75148, 54.601749, 94.510373, 54.587786, 95.078686, 55.08109, 94.348957, 54.200735, 55.312944, 95.673163, 55.877075, 54.534278, 134.981898, 95.089624, 54.770172, 55.583045, 135.579652, 95.509393, 55.614539, 54.068762, 134.316209, 94.196899, 54.479667, 95.677339, 55.571786, 135.380209, 95.098674, 55.471019, 133.945212, 93.901772, 53.902391, 135.074237, 95.171787, 55.455535, 130.568645, 130.314186, 130.41711, 130.508527, 131.004816, 130.973329]
sync delay = 75.8282574523
out notify interest = 34918.0
out beacon = 0.0
out data interest = 14173.0
out bundled interest = 0.0
out data = 23521.0
out ack = 52758.0
out bundled data = 0.0
collision rx = 402.931818182
collision tx = 77.4090909091
cache hit = 26865.0
cache hit special = 5606.0
retx_notify_interest = 4038.0
retx_data_interest = 841.0
retx_bundled_interest = 0.0
state sync duration = 75.8282574523
data availability = 1.0
[29.970623, 30.196183, 30.012741, 30.130975, 30.018045, 30.258065, 30.022446, 30.261559, 30.297304, 30.072149, 30.089691, 30.3293, 30.367392, 30.266022, 30.372351, 30.238644, 30.280137, 30.315628, 75.972404, 35.844407, 76.121172, 36.108125, 115.579286, 75.644612, 75.920572, 35.882252, 75.657131, 35.727992, 75.616693, 35.508026, 75.929649, 75.718229, 76.160682, 35.949403, 75.654644, 35.746438, 76.030128, 36.224488, 76.095077, 36.134412, 76.186954, 36.168405, 116.517837, 116.750113, 76.710341, 76.543819, 116.542453, 76.688211, 116.776284, 76.719726, 116.827999, 76.928582, 36.927036, 116.827639, 76.544938, 116.756012, 76.785549, 116.6108, 76.367278, 116.626349, 76.273308, 116.539405, 77.689995, 117.682244, 37.926204, 77.835725, 117.848075, 77.71621, 117.522028, 77.306709, 37.316145, 117.511355, 77.737797, 37.931792, 117.531687, 117.975815, 77.694514, 118.210887, 78.519538, 40.427718, 79.942576, 39.880976, 120.111044, 80.184988, 40.323718, 119.908903, 79.380156, 120.074783, 80.261276, 119.855549, 79.856186, 39.833392, 119.887955, 80.167641, 40.102407, 120.082874, 80.361673, 120.122846, 79.820568, 120.114551, 79.927445, 56.077374, 56.162723, 55.936924, 55.889465, 56.215855, 56.319493, 56.031452, 56.087165, 55.847692, 56.461713, 95.963063, 56.177269, 96.213467, 135.958556, 96.094687, 96.24761, 96.699001, 96.946605, 95.730568, 96.442173, 56.880886, 136.795248, 97.020199, 56.69895, 136.556412, 96.621504, 136.687351, 96.724942, 57.056419, 136.672224, 96.563179, 136.671881, 96.447641, 56.910163, 96.853704, 96.875812, 56.724066, 57.21782, 56.623191, 56.671313, 56.471984, 56.821277, 70.137092, 70.134987, 70.746297, 70.905673, 70.526455, 71.167704, 70.329857, 70.207896, 70.570488, 70.638681, 72.087885, 71.404383, 71.38037, 71.205853, 71.835517, 71.397558, 71.542317, 71.930577, 71.050625, 71.268069, 71.479981, 71.455879, 71.650997, 70.670196, 70.869564, 71.290264, 41.802811, 42.534327, 42.952119, 42.57151, 43.050187, 42.506274, 43.302068, 43.384916, 44.191987, 43.590966, 43.191028, 42.526292, 43.041668, 43.447723, 43.436945, 43.412172, 43.684506, 43.255833, 43.396611, 43.581204, 44.249013, 43.274128, 43.861716, 43.03623, 48.016926, 48.895858, 48.168293, 48.644397, 49.405208, 10.326526, 9.755899, 9.169687, 89.104024, 49.293592, 9.204384, 10.134307, 9.808, 89.065207, 49.383958, 9.592806, 10.163255, 10.081384, 9.627442, 89.223439, 49.218551, 9.643891, 50.189132, 10.083417, 90.042366, 49.765184, 9.821606, 10.357885, 11.533821, 10.537372, 11.322502, 90.997682, 51.327483, 11.554775, 91.225077, 50.954476, 11.075179, 91.445336, 51.298165, 11.194925, 51.247665, 10.84971, 51.236876, 11.188365, 51.528494, 11.50901, 51.1224, 11.431254, 11.366037, 50.987785, 50.784672, 10.541378, 11.119808, 51.080687, 10.687388, 17.94399, 18.708703, 17.561139, 18.618838, 18.408566, 17.852486, 18.418018, 17.724841, 25.957906, 25.807761, 26.121805, 26.112705, 26.169033, 51.323395, 51.213856, 51.403216, 26.011917, 27.034567, 26.359345, 26.406656, 27.119546, 25.475718, 26.570246, 26.512495, 26.548649, 26.650041, 26.625621, 26.077823, 26.802106, 25.851503, 26.216545, 26.49669, 27.171302, 26.873512, 26.475991, 26.363713, 25.929613, 26.732724, 26.343126, 26.057447, 26.408228, 26.795965, 25.543406, 26.740659, 25.689836, 26.345929, 26.814297, 26.334101, 26.814028, 25.392134, 27.010234, 52.615018, 52.406995, 53.205976, 52.827935, 52.316053, 53.085402, 52.647458, 53.082188, 52.220209, 17.83387, 17.654605, 18.326813, 17.506447, 34.040781, 34.171695, 33.945498, 33.652449, 34.257875, 34.056425, 34.038106, 34.59878, 58.146832, 57.781719, 17.960069, 16.933294, 57.500061, 57.748911, 18.066934, 58.001432, 57.911108, 58.389958, 18.347711, 18.213483, 58.15577, 57.352101, 58.14603, 18.339452, 57.677073, 58.31376, 18.844287, 18.676686, 59.34451, 58.67737, 19.564292, 59.409178, 19.366551, 60.38189, 20.817691, 20.40702, 58.508634, 18.223629, 59.580973, 19.746156, 59.114933, 19.05893, 59.826614, 19.681444, 60.839884, 21.051729, 60.621461, 20.720441, 59.711168, 19.919765, 21.595567, 60.013828, 19.980188, 61.02308, 60.421928, 20.65946, 21.963355, 61.627962, 22.079475, 21.701433, 62.000819, 22.3275, 67.918226, 27.667922, 66.737291, 26.629637, 67.7415, 27.813569, 66.846177, 26.679308, 51.678603, 91.428124, 51.373146, 91.049028, 51.212446, 51.218292, 90.900497, 50.693413, 50.433296, 51.7075, 51.30012, 91.169116, 51.352839, 51.565493, 51.63234, 50.860445, 90.354889, 50.284246, 51.156868, 90.789451, 50.634761, 91.193999, 51.356946, 91.201351, 51.413011, 90.788994, 51.159368, 52.393215, 49.734877, 91.145269, 50.903377, 51.339178, 91.702496, 51.624599, 51.702938, 90.723376, 50.845113, 51.211265, 50.673086, 51.322473, 51.587494, 50.851249, 51.888389, 91.561699, 51.600598, 91.378212, 51.239012, 52.362999, 52.004974, 51.89372, 51.582642, 50.713542, 129.346278, 128.330153, 128.22536, 129.402611, 128.2556, 129.581003]
sync delay = 55.0988148023
out notify interest = 34690.0
out beacon = 0.0
out data interest = 12761.0
out bundled interest = 0.0
out data = 23013.0
out ack = 59255.0
out bundled data = 0.0
collision rx = 539.431818182
collision tx = 87.6818181818
cache hit = 28752.0
cache hit special = 7232.0
retx_notify_interest = 2737.0
retx_data_interest = 1051.0
retx_bundled_interest = 0.0
state sync duration = 55.0988148023
