data availability = 1.0
[161.489953, 161.817286, 121.729826, 161.496413, 161.748277, 121.617184, 161.482915, 161.600163, 161.83276, 161.732791, 161.939551, 161.927976, 162.253364, 185.444768, 145.656672, 185.52028, 185.760382, 185.880805, 145.824599, 186.132676, 209.697154, 177.212022, 177.228396, 137.026919, 217.470369, 177.27316, 217.483905, 217.715463, 177.572395, 217.590649, 177.553591, 217.493023, 217.474286, 217.487365, 217.509747, 217.742148, 177.894378, 138.128162, 217.577282, 177.56298, 177.598261, 217.801672, 177.709485, 217.78894, 177.813024, 217.908144, 177.878497, 218.024903, 177.85562, 217.809965, 177.524489, 218.039828, 178.03483, 137.945171, 217.824914, 177.812141, 217.880927, 177.791312, 217.883498, 176.282366, 216.09616, 176.10011, 216.516792, 176.600462, 176.705734, 256.582984, 216.506814, 256.626447, 216.449068, 217.348844, 177.206781, 257.078125, 216.88251, 257.285341, 257.068694, 217.113899, 257.381132, 217.545093, 177.380836, 257.213982, 217.261927, 257.191479, 217.289951, 179.470584, 168.716977, 169.402067, 208.994651, 169.344436, 169.191924, 209.137832, 169.030665, 209.348265, 152.864226, 233.348302, 193.853421, 153.577781, 152.178454, 273.158888, 233.397325, 193.489615, 153.633926, 272.612258, 232.45422, 192.38314, 152.377228, 272.782594, 232.520686, 192.685884, 153.034723, 272.869977, 232.926775, 192.820363, 152.464597, 273.060414, 233.202612, 192.898033, 152.758306, 273.022702, 233.046069, 193.07064, 153.236943, 234.718912, 194.95869, 235.415776, 195.597633, 315.156849, 275.091016, 235.05305, 194.999548, 235.252494, 194.752162, 315.135861, 275.359561, 315.360892, 275.564909, 315.843837, 156.707118, 116.741569, 156.312888, 275.868303, 155.687169, 115.786412, 315.949517, 276.204894, 157.251039, 156.635744, 155.801436, 156.423058, 155.946296, 156.521023, 156.967131, 116.839872, 276.430437, 236.646499, 196.367949, 157.119646, 316.782665, 276.52247, 277.314544, 237.378587, 197.568812, 276.895274, 236.592285, 196.408352, 237.16396, 196.919467, 156.958882, 276.905404, 236.85199, 197.051846, 277.038488, 237.182008, 197.02091, 277.56524, 277.912058, 237.972575, 198.088957, 237.699589, 197.460074, 277.847784, 237.975575, 198.209572, 319.339605, 279.605772, 198.782022, 158.799231, 319.45499, 279.663172, 239.145111, 199.293165, 158.978896, 239.410599, 199.577201, 159.861535, 192.98644, 317.722385, 277.495868, 237.609978, 278.271171, 238.255301, 278.183992, 238.102374, 197.695836, 157.788861, 318.102598, 278.197479, 238.303885, 198.321447, 238.333331, 198.419599, 158.485744, 318.593726, 278.424245, 358.935805, 318.989815, 279.042724, 318.623615, 278.517254, 318.806039, 278.943685, 198.528615, 238.56515, 198.45323, 158.480031, 319.272429, 279.251445, 318.852248, 278.839941, 359.038629, 319.479706, 279.445475, 239.51456, 359.064857, 319.358835, 279.28779, 239.358047, 199.469268, 359.508792, 319.648904, 279.624842, 239.873255, 360.162179, 320.302378, 280.224331, 239.918184, 319.585807, 279.421893, 239.733028, 321.156854, 281.248666, 241.156467, 201.318148, 360.417245, 320.240905, 279.970412, 240.001738, 360.431552, 320.183885, 280.336084, 240.30046, 360.466066, 320.273212, 280.072574, 239.805986, 163.03988, 123.071199, 203.025723, 162.962114, 122.653421, 203.62589, 242.678737, 202.939755, 203.228404, 163.424116, 123.484802, 203.294341, 163.41545, 163.820859, 124.008524, 243.241571, 202.89312, 243.878179, 203.848145, 244.062524, 204.298682, 243.496624, 203.535846, 243.889944, 204.063478, 163.491599, 242.984401, 203.019649, 163.704668, 204.183438, 164.184988, 164.175092, 243.14867, 203.379291, 163.381619, 244.38227, 204.375842, 164.054831, 244.706783, 204.842816, 164.631955, 243.957362, 203.996934, 163.946847, 243.376919, 203.38295, 163.073227, 244.032643, 204.540067, 164.420379, 244.015226, 204.303805, 164.574464, 165.157063, 165.515074, 165.793481, 165.35701, 167.484532, 127.440209, 126.425867, 167.57545, 127.786894, 166.058955, 166.762316, 126.522047, 144.836803, 105.158744, 185.264925, 144.952077, 224.813662, 185.04015, 144.958835, 105.140036, 184.568926, 144.322648, 104.526364, 224.205813, 183.840541, 143.603673, 225.36919, 185.404225, 145.409756, 224.640594, 184.750614, 144.543144, 224.949993, 185.050013, 145.055117, 224.717866, 184.955932, 144.875542, 224.719433, 184.600172, 144.965014, 184.740716, 144.484356, 104.321409, 105.950809, 145.089753, 159.364539, 159.050327, 238.907964, 198.710237, 120.240642, 118.791691, 172.870515, 132.479101, 133.756953, 173.706763, 133.069439, 170.898768, 292.203571, 252.258122, 212.304814, 172.223157, 292.893544, 253.124168, 212.88997, 172.778827, 211.523998, 291.962773, 251.720019, 211.555776, 171.474697, 291.744866, 251.827905, 212.375233, 172.693843, 292.088781, 252.242893, 212.284863, 172.564629, 293.063702, 253.153636, 213.353592, 173.38505, 190.957646, 192.913813, 281.783751, 281.134021, 281.22966, 280.337606, 241.433471, 281.478675, 241.138103, 281.448974, 280.017313, 286.490835, 246.401642, 286.743096, 246.657203, 286.560558, 246.267247, 287.099838, 246.959292, 286.506835, 246.304779, 286.723739, 246.718457, 247.082428, 246.806638, 247.525089, 245.544637, 246.643904, 247.274133, 247.354444, 247.245746, 301.661232, 301.196034, 301.060916, 408.247152, 407.475323, 408.170941, 406.595446, 408.931706, 407.963434]
sync delay = 219.083038132
out notify interest = 5211.0
out beacon = 20973.0
out data interest = 16459.0
out bundled interest = 0.0
out data = 19641.0
out ack = 8330.0
out bundled data = 0.0
collision rx = 117.886363636
collision tx = 0.818181818182
cache hit = 20802.0
cache hit special = 3331.0
retx_notify_interest = 741.0
retx_data_interest = 845.0
retx_bundled_interest = 0.0
state sync duration = 219.083038132
data availability = 1.0
[126.074079, 126.070051, 126.112019, 126.05009, 126.290844, 135.927104, 136.235172, 136.160132, 143.320045, 103.493818, 143.324083, 103.32468, 143.355998, 143.380649, 143.732284, 103.96873, 143.426289, 143.403563, 143.712787, 104.129508, 148.394888, 150.896226, 150.937404, 150.94508, 150.967366, 151.213204, 151.314974, 151.066387, 151.031459, 175.990954, 135.705479, 175.796157, 176.583852, 216.744691, 176.819468, 216.715326, 176.998016, 216.952537, 176.979672, 216.856033, 176.693733, 216.961719, 176.988851, 216.863973, 176.77791, 216.850835, 176.841151, 217.083297, 176.745549, 136.903683, 216.906283, 176.778887, 216.819588, 216.834353, 216.815216, 217.089898, 177.272554, 137.346938, 216.865146, 216.969304, 176.909508, 216.86794, 217.122247, 176.926686, 216.911644, 217.025989, 176.999153, 170.976689, 174.895147, 175.208611, 175.000253, 215.627865, 175.749275, 135.726371, 215.976327, 176.037437, 135.944974, 215.788667, 175.692613, 176.87801, 215.790858, 175.697968, 216.042731, 176.110424, 216.080668, 176.125205, 176.57047, 215.929141, 175.731335, 216.07526, 176.086336, 216.289313, 216.4398, 176.357368, 216.178217, 216.126493, 216.596747, 176.906924, 217.03177, 176.856093, 216.648122, 216.704092, 176.626637, 217.025563, 216.84471, 167.015973, 168.266934, 209.28579, 169.260787, 209.382664, 215.375253, 175.650463, 175.477527, 135.749694, 215.914377, 175.967701, 216.05141, 216.022971, 215.707662, 175.981404, 215.433068, 215.588476, 215.809724, 176.76228, 136.721548, 178.363789, 138.434886, 217.26185, 176.896492, 177.019152, 177.288, 137.323301, 177.207517, 189.497776, 190.481663, 189.915059, 189.907791, 189.768388, 189.948604, 189.855408, 150.259723, 150.208631, 149.722267, 150.5457, 151.146834, 150.351829, 191.118001, 191.03004, 150.786449, 190.832415, 190.964687, 150.989964, 150.962601, 151.424411, 190.514119, 150.768175, 270.664081, 230.643403, 190.831501, 150.947592, 270.799692, 230.924675, 191.115052, 151.262147, 271.083949, 230.944902, 190.996448, 151.042383, 271.336402, 231.270222, 191.487696, 151.311292, 271.584687, 231.524516, 191.358886, 151.642245, 151.590447, 271.57694, 231.554044, 191.943612, 151.811123, 163.543657, 163.295936, 163.463694, 163.910302, 163.211877, 163.351942, 123.973577, 123.376194, 147.691534, 187.676568, 229.4694, 189.950106, 269.720497, 229.812879, 270.025585, 230.119085, 269.558248, 229.541938, 269.473766, 229.367127, 269.207297, 229.359705, 269.591054, 229.742535, 156.50699, 155.63187, 155.913819, 155.456, 196.829786, 156.466393, 196.43814, 116.768688, 156.472988, 116.478621, 196.144468, 195.818772, 197.103769, 196.889458, 156.579071, 156.786133, 157.1155, 158.046184, 118.231106, 156.906866, 197.060014, 157.017971, 157.329095, 157.1397, 170.297086, 170.7329, 171.257805, 132.474364, 172.639401, 172.710806, 132.8499, 213.554121, 173.590871, 213.904569, 174.133629, 214.641808, 174.897523, 213.748591, 173.978788, 213.535102, 173.481845, 214.146002, 173.749947, 315.992779, 275.886363, 236.499238, 236.254056, 196.408914, 156.474378, 276.852142, 237.087736, 197.087278, 237.149079, 238.668146, 198.871363, 158.800986, 317.675875, 277.685813, 198.181192, 158.149925, 197.887751, 238.183867, 277.985825, 238.058426, 198.41643, 238.117986, 317.861956, 278.050542, 238.07001, 317.995501, 277.924815, 237.607736, 238.501368, 278.857251, 239.20864, 198.196316, 238.693578, 162.299556, 122.615122, 202.717847, 163.068019, 123.165251, 163.085274, 202.372604, 162.354159, 122.250456, 242.836333, 202.785904, 162.704875, 242.480745, 202.504206, 162.950306, 123.257324, 243.096284, 203.63475, 243.217829, 203.289427, 242.835013, 202.990365, 162.893433, 243.274731, 203.673082, 164.365103, 163.672131, 162.444216, 243.166841, 203.219565, 163.240433, 244.587626, 204.407439, 163.262872, 165.178748, 164.514955, 164.318114, 164.219635, 164.904899, 124.978348, 163.867854, 164.298117, 164.127164, 164.205293, 165.456523, 125.261213, 124.145346, 165.599084, 125.669438, 146.576959, 106.64318, 226.06066, 186.215628, 105.540643, 186.041654, 145.85653, 225.563413, 185.537712, 146.826683, 147.223955, 145.520947, 226.661647, 186.67423, 146.797322, 106.983486, 226.364762, 186.277858, 147.318431, 226.083755, 185.997946, 225.491846, 185.716906, 145.931985, 226.434999, 186.27989, 146.276119, 225.33621, 185.795238, 145.751594, 225.985812, 185.572722, 145.368382, 226.171858, 186.146933, 146.078302, 226.166754, 185.784827, 145.472999, 226.703287, 186.810037, 147.06497, 226.232482, 186.254672, 148.347679, 146.582387, 106.547801, 106.898394, 186.237964, 146.196659, 186.719041, 147.000592, 107.007356, 119.259849, 158.44488, 118.51274, 134.069631, 133.089654, 133.304215, 133.112536, 172.813822, 133.073709, 173.570526, 133.589945, 173.366335, 133.249581, 173.396907, 133.653643, 173.738321, 133.689575, 173.779098, 133.809684, 171.795706, 179.524426, 179.665742, 181.092572, 178.724091, 180.739658, 179.872831, 178.944485, 220.025799, 220.917332, 219.740686, 220.534535, 220.146784, 220.589555, 181.952004, 192.384658, 191.205966, 192.0143, 190.321117, 192.264438, 191.938014, 190.927551, 191.311372, 278.771419, 279.122064, 279.779321, 241.042502, 280.358926, 279.723052, 239.795748, 263.266725, 263.531483, 263.81898, 261.684998, 262.773241, 261.921434, 268.272373]
sync delay = 187.25743067
out notify interest = 5710.0
out beacon = 20978.0
out data interest = 16223.0
out bundled interest = 0.0
out data = 19717.0
out ack = 9173.0
out bundled data = 0.0
collision rx = 122.363636364
collision tx = 0.772727272727
cache hit = 21863.0
cache hit special = 3571.0
retx_notify_interest = 782.0
retx_data_interest = 848.0
retx_bundled_interest = 0.0
state sync duration = 187.25743067
data availability = 1.0
[125.764304, 125.740381, 125.865152, 127.341692, 127.334388, 127.581979, 127.674833, 128.020073, 134.821483, 135.068195, 95.155556, 134.795552, 135.029664, 134.840091, 135.075478, 134.943017, 135.279871, 135.091002, 135.425197, 95.105261, 135.0783, 135.31061, 95.377961, 135.024693, 135.510442, 95.229231, 135.190388, 95.674079, 135.400418, 96.127923, 135.377533, 135.505583, 135.73087, 135.60345, 124.905805, 165.554565, 165.334852, 165.464869, 125.629223, 165.333725, 165.379639, 165.506032, 165.392494, 165.417751, 165.444074, 134.81728, 174.685343, 134.527229, 174.746866, 175.01397, 135.139233, 174.679746, 135.00756, 135.356764, 215.0705, 174.726328, 215.185269, 175.04395, 215.282003, 175.472593, 175.374737, 135.498696, 175.749795, 215.316065, 175.423636, 215.359876, 175.450377, 215.471271, 175.382588, 215.562207, 175.429698, 137.341018, 137.937147, 174.497774, 175.546095, 135.89177, 135.289574, 215.326396, 175.388915, 215.687157, 175.87127, 135.87673, 176.252668, 136.136898, 216.432312, 176.304519, 136.384226, 216.050922, 175.756575, 215.967946, 176.024169, 215.699055, 175.582944, 216.1935, 176.318578, 215.953463, 175.98908, 135.937972, 216.080728, 176.202571, 176.472892, 216.496242, 176.62407, 176.851763, 215.86765, 175.46422, 176.349541, 216.437835, 176.54658, 216.600013, 176.584568, 177.326609, 137.160984, 216.149646, 176.343858, 216.47949, 176.655245, 216.608692, 176.679684, 216.231657, 175.997923, 167.908965, 167.08957, 135.94191, 175.158382, 135.249785, 174.653714, 134.708288, 175.2977, 134.854327, 174.942788, 134.903485, 175.071032, 135.156113, 174.550427, 134.641863, 175.518256, 135.423614, 175.241691, 135.105166, 175.552281, 135.891902, 176.094171, 175.559312, 135.594832, 135.970143, 174.672124, 134.597821, 176.274355, 136.152107, 135.58887, 151.230724, 111.198796, 270.548076, 230.743901, 191.008788, 150.959733, 190.977132, 150.521971, 150.243692, 270.853282, 230.925384, 190.686311, 150.718603, 111.002117, 270.064516, 229.960277, 189.894847, 150.103925, 270.73168, 230.53869, 190.413207, 150.644424, 270.51626, 230.279434, 190.366495, 149.963558, 270.441815, 230.707238, 190.754537, 150.477852, 190.822653, 150.896656, 191.303811, 191.451752, 151.451742, 190.817023, 150.970754, 190.86036, 150.756586, 190.94186, 191.458728, 191.148768, 151.237605, 151.691876, 151.869445, 151.561924, 122.715165, 122.640516, 162.602102, 122.855996, 122.45237, 122.32236, 122.402243, 161.831981, 162.499687, 123.030573, 123.189985, 146.848279, 107.563505, 188.346523, 148.254534, 107.507237, 228.319259, 188.523421, 269.096905, 229.365371, 149.713946, 268.749688, 228.939674, 269.514368, 229.651568, 268.860836, 228.684395, 269.590025, 229.2324, 269.327843, 229.103766, 195.76035, 155.585643, 154.714823, 155.31982, 155.098154, 115.257088, 115.303027, 155.342652, 154.911526, 155.627983, 115.687339, 155.484788, 154.56159, 115.430199, 155.096543, 194.969467, 195.778073, 195.748677, 195.651967, 196.117582, 196.784597, 170.317229, 170.023035, 171.273271, 131.833131, 171.504934, 131.427319, 172.529145, 132.597221, 212.124936, 171.840607, 131.728262, 211.554309, 171.417035, 131.624827, 212.824916, 172.814618, 133.170744, 211.95943, 172.004817, 131.982091, 212.736669, 172.784439, 132.929773, 212.065149, 172.002583, 132.014851, 195.831485, 155.576642, 234.314343, 194.852595, 155.118184, 115.133291, 196.066879, 156.005812, 115.883529, 195.720181, 156.080504, 235.870785, 195.95786, 155.89956, 115.525115, 116.003535, 195.468622, 155.418389, 196.18788, 156.308164, 156.616081, 196.32646, 156.444601, 156.455087, 116.196574, 195.241176, 155.205165, 196.436396, 156.349252, 116.460822, 236.013627, 195.740273, 155.762767, 156.334123, 116.060465, 236.182708, 195.982044, 156.00534, 116.730447, 235.665464, 195.793082, 155.732372, 156.156106, 236.054427, 196.026742, 156.060724, 156.642479, 116.363996, 196.934996, 156.992599, 116.883571, 197.20821, 157.317581, 237.405076, 197.623579, 157.713558, 117.466132, 236.522097, 196.003906, 156.191741, 157.02298, 116.931024, 77.005275, 235.580121, 195.513184, 155.240065, 115.34906, 156.434101, 115.951337, 236.777724, 196.848578, 157.004383, 116.751576, 198.10538, 157.957546, 117.901867, 78.400882, 237.071836, 197.133825, 157.174733, 117.163769, 237.444173, 197.351552, 157.567405, 117.544273, 237.789732, 197.545615, 157.18991, 117.054876, 237.329602, 197.455827, 157.769532, 117.849892, 197.715708, 157.693476, 117.654546, 237.648266, 197.717625, 157.722518, 118.015438, 104.076576, 103.445855, 144.335136, 143.162217, 144.706346, 144.956375, 104.383508, 145.294229, 104.023656, 144.633098, 184.48237, 144.518115, 104.218737, 107.710167, 107.433098, 149.710437, 109.728027, 150.267859, 110.59946, 150.508601, 109.573391, 149.421799, 150.400564, 110.236611, 149.542342, 129.032899, 128.37986, 128.343352, 129.590491, 169.32698, 129.040062, 167.899683, 127.490339, 169.195028, 146.790252, 146.388407, 207.102215, 207.515765, 207.069363, 207.122591, 208.393657, 207.664464, 170.940133, 170.530982, 171.302461, 171.18379, 170.244526, 170.561128, 170.414626, 170.476592, 169.172489, 189.459971, 189.455678, 189.259865, 189.179568, 191.189758, 189.705291, 212.181496, 211.761396, 260.57412, 261.019835, 262.369646, 262.185126, 261.881076, 261.110564]
sync delay = 168.556814675
out notify interest = 6114.0
out beacon = 20991.0
out data interest = 16038.0
out bundled interest = 0.0
out data = 20343.0
out ack = 10272.0
out bundled data = 0.0
collision rx = 143.340909091
collision tx = 1.18181818182
cache hit = 23054.0
cache hit special = 3844.0
retx_notify_interest = 762.0
retx_data_interest = 934.0
retx_bundled_interest = 0.0
state sync duration = 168.556814675
data availability = 1.0
[124.530501, 124.289809, 124.533232, 124.358679, 124.615656, 124.404544, 124.395667, 125.027164, 124.965067, 125.088324, 125.050952, 124.98686, 134.471823, 94.807685, 134.209718, 134.203069, 134.43691, 94.383397, 134.234138, 134.464315, 134.249896, 134.581227, 94.705898, 134.263603, 134.216852, 134.448138, 134.5745, 134.170786, 134.555546, 94.797007, 134.231248, 94.665585, 134.227749, 134.221685, 134.444975, 134.219699, 94.713943, 134.216471, 96.197081, 96.25128, 95.994622, 136.070819, 136.102083, 125.415827, 165.442272, 165.50834, 125.951852, 165.809629, 135.389767, 135.590381, 175.294784, 135.15808, 175.488105, 135.474779, 175.297153, 135.687061, 175.129454, 135.337876, 175.644353, 215.522622, 175.789748, 215.660654, 175.65868, 215.747322, 175.655414, 175.775044, 135.778805, 215.797567, 175.952643, 215.841798, 175.886034, 215.845701, 175.784133, 215.845326, 175.974471, 96.966146, 96.777821, 136.467829, 140.220421, 140.224382, 140.80936, 100.693194, 180.714644, 140.740466, 100.693145, 140.497453, 180.380771, 180.083129, 180.372635, 180.133672, 180.499167, 180.436492, 100.608727, 140.436613, 214.612371, 174.497209, 214.264868, 174.285929, 134.471956, 134.686123, 214.530449, 174.445094, 174.946507, 214.701254, 174.976951, 214.791342, 174.678731, 214.937727, 175.205657, 175.210796, 135.356382, 174.93512, 175.127683, 135.223235, 175.022889, 175.110742, 174.931333, 215.050908, 175.513458, 175.356787, 175.493081, 175.134465, 175.766243, 156.720913, 116.535948, 116.790129, 156.726235, 157.08332, 116.582351, 156.124993, 116.758509, 156.909145, 116.900142, 156.322103, 116.232799, 156.665612, 116.9852, 156.789453, 156.38834, 116.078663, 157.04663, 117.040555, 156.492989, 116.435848, 117.111502, 157.022416, 156.452457, 116.49941, 156.607824, 116.777077, 156.581408, 116.914026, 117.244053, 156.791988, 116.516798, 156.687904, 157.029005, 117.148584, 116.720398, 197.049845, 156.812264, 117.09109, 197.165499, 157.339458, 157.1515, 117.070289, 197.211764, 156.964145, 157.416607, 117.545444, 156.701886, 116.775716, 156.929225, 117.081135, 197.41384, 157.216881, 197.292711, 157.083308, 196.830945, 156.667609, 127.099559, 86.870174, 127.158725, 87.39119, 127.135245, 126.726771, 86.889882, 126.652964, 97.997933, 98.654471, 107.877342, 268.350555, 228.181933, 187.99354, 148.080054, 108.636457, 108.964119, 148.769079, 108.77661, 148.848373, 108.711727, 108.749328, 268.337396, 228.395221, 188.132294, 148.160384, 108.325404, 188.579709, 148.374931, 267.925624, 227.918029, 187.841572, 147.822201, 268.120832, 228.239201, 187.808042, 147.689467, 268.407106, 228.684702, 188.79321, 148.85077, 109.010659, 268.610081, 228.885926, 188.812127, 148.97372, 109.144495, 107.894093, 107.978459, 108.506107, 108.687446, 108.223174, 109.132906, 108.748557, 108.451337, 104.508377, 104.102007, 105.617362, 154.168247, 114.428401, 114.715831, 195.046923, 194.452172, 154.191263, 194.552683, 194.218251, 194.830539, 194.543997, 154.228372, 114.218239, 153.942671, 154.216741, 154.829767, 114.707396, 154.493266, 194.299509, 154.53839, 114.708893, 171.546432, 131.950283, 131.684912, 172.114916, 171.803569, 131.87745, 212.190697, 172.271922, 132.278375, 211.563802, 171.310194, 132.012861, 211.723193, 171.86712, 131.86031, 211.965215, 172.025028, 131.975605, 212.699494, 172.957365, 132.905941, 212.067085, 172.371615, 132.103564, 137.840841, 194.400982, 154.524429, 114.41968, 195.069387, 154.969459, 115.036161, 154.096681, 114.004914, 195.465662, 155.336934, 195.8155, 155.933487, 194.633734, 155.008167, 195.108257, 154.830174, 115.247009, 194.720502, 154.668341, 115.00856, 235.017052, 195.086393, 155.432228, 115.258464, 194.1488, 154.127236, 154.082218, 114.33064, 74.22656, 194.190554, 154.315433, 155.014406, 114.565375, 195.511172, 155.67567, 116.029222, 195.400899, 155.458156, 115.303406, 154.672903, 114.594571, 74.70254, 194.104155, 154.368906, 114.208109, 154.979163, 114.891021, 195.687908, 155.831736, 115.872091, 195.468914, 155.666623, 115.842518, 235.12722, 195.071075, 155.552996, 115.137835, 195.271273, 155.339573, 115.346048, 194.507853, 154.328225, 114.370302, 115.650624, 155.750096, 115.838614, 235.703712, 195.882925, 155.886643, 116.195137, 155.232415, 115.327958, 236.031684, 195.873459, 156.093836, 116.112582, 196.207644, 156.037264, 116.163428, 76.279167, 235.682369, 195.577445, 155.823187, 115.878755, 235.082153, 194.733621, 154.768344, 115.124585, 196.290422, 156.08548, 116.04246, 235.315389, 195.299896, 155.552073, 115.765578, 195.785154, 155.688924, 115.921702, 235.794996, 195.873889, 155.769957, 116.074065, 134.041579, 94.932882, 94.113697, 93.991045, 94.1542, 94.900975, 93.744364, 94.471864, 133.839698, 94.509581, 133.370713, 93.211211, 134.677241, 94.981743, 135.238071, 94.864617, 134.278451, 94.038439, 133.581995, 93.759326, 134.336099, 94.29485, 93.869447, 135.054284, 94.425587, 134.211229, 133.70575, 93.752718, 133.8192, 134.282097, 134.838628, 144.512504, 145.931993, 145.116392, 145.647798, 167.712015, 169.429173, 168.508878, 167.736965, 169.150986, 168.203122, 167.064098, 169.052655, 168.785386, 168.882828, 167.956424, 168.229098, 168.700005, 170.10343, 239.420469, 239.080146, 238.346261, 239.215109, 240.073287, 239.21051]
sync delay = 152.658508248
out notify interest = 6374.0
out beacon = 20970.0
out data interest = 14175.0
out bundled interest = 0.0
out data = 22495.0
out ack = 10180.0
out bundled data = 0.0
collision rx = 196.568181818
collision tx = 11.7727272727
cache hit = 23693.0
cache hit special = 5203.0
retx_notify_interest = 476.0
retx_data_interest = 450.0
retx_bundled_interest = 0.0
state sync duration = 152.658508248
data availability = 1.0
[123.385328, 123.694328, 123.429399, 123.566536, 123.704825, 123.480005, 123.48846, 123.495575, 123.731745, 123.800479, 123.577323, 123.714053, 124.186413, 124.178777, 124.19442, 124.114647, 124.1536, 133.210854, 93.002141, 132.943978, 132.937821, 133.170317, 93.4796, 133.197717, 132.969849, 133.31479, 93.211675, 132.996362, 132.94881, 133.179508, 132.945957, 133.279084, 93.10105, 93.1704, 132.952676, 93.076512, 132.929733, 133.334467, 93.117055, 133.183149, 132.953323, 132.965695, 132.940199, 133.047668, 94.348653, 93.942741, 93.969001, 94.13597, 93.93135, 113.01206, 113.058129, 112.908019, 112.883708, 152.822287, 112.84388, 113.147538, 152.842427, 112.919317, 152.876973, 112.660458, 152.891613, 113.049552, 152.866515, 113.146433, 152.983969, 112.866566, 152.894388, 112.87765, 99.289553, 99.533427, 98.9635, 99.265195, 99.163065, 99.080289, 99.120763, 98.973067, 93.999314, 94.835764, 137.981186, 138.217094, 138.421546, 98.701916, 178.280209, 138.431282, 98.554632, 138.323039, 177.967149, 138.211168, 178.179818, 138.093423, 137.999785, 178.255768, 138.367101, 178.174844, 138.114928, 178.228324, 138.477081, 177.949468, 138.171766, 138.376443, 98.633004, 213.622146, 173.81043, 133.746006, 173.900101, 213.869387, 173.926137, 134.237017, 213.95699, 174.197202, 134.101454, 213.886108, 173.603113, 133.754533, 214.03185, 173.95495, 133.736568, 214.049904, 173.971888, 134.017456, 174.440258, 134.578719, 134.310531, 134.056064, 174.309384, 134.370023, 214.550135, 174.585996, 134.474175, 174.669704, 115.758798, 115.373683, 155.066334, 155.444702, 115.59791, 115.197339, 155.194173, 115.135733, 155.132702, 115.223829, 155.549073, 115.807559, 155.170385, 115.303407, 155.642093, 115.826517, 115.493395, 155.216593, 115.481146, 115.042577, 155.308903, 115.354856, 155.383835, 115.432301, 115.572474, 114.989322, 116.750491, 156.142152, 156.169416, 156.182507, 116.287704, 116.565828, 156.251805, 116.521694, 116.195054, 116.679968, 196.266136, 156.314161, 196.226334, 156.53135, 196.374148, 156.304963, 196.093034, 156.132695, 156.448993, 116.659394, 196.441593, 156.423283, 196.06893, 156.119014, 123.903103, 83.938029, 84.636673, 124.703345, 84.403006, 124.597287, 124.484678, 124.280907, 84.787929, 97.489198, 96.6045, 266.782364, 227.203254, 187.095005, 147.061289, 107.061729, 266.541015, 226.299625, 186.459634, 146.572509, 106.685395, 266.830813, 226.878923, 186.911232, 146.955907, 107.336145, 107.136536, 266.799214, 226.894446, 186.83026, 147.185126, 107.454953, 147.015427, 106.892034, 266.949127, 227.162595, 187.085505, 146.919269, 106.687495, 106.901713, 266.534573, 226.75008, 186.514758, 146.451903, 106.756069, 107.105741, 67.692693, 106.46957, 107.142407, 186.809567, 146.792432, 106.355758, 107.13676, 106.423041, 146.435424, 106.264351, 107.289201, 106.787302, 106.912312, 107.361646, 143.85275, 104.048835, 103.594878, 144.56579, 144.029659, 144.171907, 104.56471, 104.091482, 183.860577, 144.035575, 184.080911, 144.338801, 183.462389, 143.347176, 104.546686, 183.790127, 144.100547, 184.282279, 144.185626, 184.374575, 144.375655, 184.403438, 144.449447, 114.54026, 115.478172, 167.906187, 127.835393, 168.058565, 128.321318, 88.22897, 127.717803, 87.705277, 167.159979, 127.164369, 87.268929, 167.808621, 127.893018, 87.665351, 167.846414, 127.660152, 169.725891, 129.894553, 170.038845, 130.074793, 89.943546, 89.986023, 170.309627, 130.159286, 90.222181, 169.479648, 129.437072, 89.627099, 155.098479, 115.597446, 194.950757, 235.714294, 195.467923, 155.391324, 115.379617, 156.653604, 116.549014, 235.449145, 195.381444, 155.285216, 115.338582, 195.69869, 155.638819, 115.937248, 76.095544, 156.429585, 116.358069, 196.350762, 156.603033, 116.363688, 155.704948, 115.68593, 75.710847, 195.886918, 156.228311, 115.710584, 195.409966, 155.336783, 115.208454, 196.402248, 115.506394, 156.410532, 195.863714, 156.332922, 116.232389, 76.132086, 195.845374, 155.799887, 115.470265, 196.586333, 156.448545, 155.682703, 195.838736, 115.650801, 235.931878, 195.886574, 155.842552, 196.513108, 115.819121, 156.504236, 116.589651, 156.101764, 196.778605, 156.712132, 116.309042, 156.243909, 116.2153, 196.067779, 235.993894, 156.004664, 195.840543, 156.139876, 155.742027, 115.84851, 156.727279, 116.007612, 116.720783, 76.862556, 76.153026, 196.199106, 155.89653, 195.956487, 156.091269, 115.816918, 116.003023, 196.071206, 156.028294, 235.968726, 195.553878, 155.789827, 115.894645, 235.812368, 196.744171, 236.312493, 195.697438, 196.288798, 156.484888, 155.661491, 116.41765, 196.3209, 155.940522, 115.473116, 115.792556, 75.793881, 196.523127, 156.788371, 116.753014, 156.514227, 116.424617, 196.37411, 156.415028, 116.550337, 94.97112, 94.753434, 95.108073, 134.753614, 95.142427, 95.69773, 134.751906, 94.982596, 94.904292, 94.519913, 134.887504, 94.922557, 134.957529, 95.025963, 95.376497, 134.220235, 94.362242, 94.676738, 94.477386, 135.245379, 95.127462, 94.623987, 94.515406, 143.734382, 168.049789, 167.599599, 168.154627, 167.290495, 167.265555, 167.025687, 167.418668, 166.99093, 167.805272, 167.576974, 167.409169, 167.88145, 168.123379, 169.788938, 235.970441, 235.91768, 235.88462, 236.003099, 235.87427, 235.656265]
sync delay = 143.732967125
out notify interest = 6812.0
out beacon = 20978.0
out data interest = 13821.0
out bundled interest = 0.0
out data = 22332.0
out ack = 11047.0
out bundled data = 0.0
collision rx = 203.318181818
collision tx = 11.5909090909
cache hit = 24049.0
cache hit special = 5587.0
retx_notify_interest = 481.0
retx_data_interest = 482.0
retx_bundled_interest = 0.0
state sync duration = 143.732967125
data availability = 1.0
[85.967605, 85.913948, 85.9914, 123.083024, 123.391846, 123.13862, 123.143413, 123.144597, 123.218389, 123.351522, 123.225685, 123.359116, 123.415924, 124.257055, 124.589824, 124.564039, 124.252374, 124.525865, 124.536965, 124.275636, 124.507685, 124.305489, 124.536791, 124.280329, 124.514713, 124.606261, 124.716488, 124.628916, 124.307119, 124.684014, 124.696782, 93.263851, 93.126253, 93.283675, 93.45199, 93.3525, 133.09195, 133.105635, 133.067224, 133.084554, 93.486904, 133.429829, 93.433714, 133.103113, 133.134801, 95.005884, 94.967868, 94.66011, 94.998355, 94.815967, 110.844045, 150.666461, 110.725304, 110.797812, 70.650958, 110.717809, 70.386091, 110.919078, 70.888028, 110.867933, 150.790954, 110.625692, 150.789592, 110.995164, 150.859127, 111.048842, 150.867528, 110.900805, 150.873035, 111.047976, 111.291719, 71.450382, 71.374024, 70.756892, 70.510987, 71.043919, 114.549551, 154.0263, 113.986729, 153.768458, 113.931907, 154.230949, 114.23289, 153.939165, 114.010159, 154.52281, 114.608934, 153.256711, 113.16255, 114.4434, 114.170636, 114.608963, 154.854063, 114.991658, 114.318849, 114.654525, 93.473544, 93.48339, 92.913007, 93.243811, 93.70394, 94.010371, 94.175035, 93.02706, 93.646285, 134.095983, 94.275107, 133.789775, 93.931191, 93.855708, 93.965692, 133.752904, 93.256331, 133.530744, 93.755362, 153.200455, 112.883055, 152.871141, 112.812847, 84.52586, 84.115712, 84.300058, 84.283591, 84.28215, 93.025275, 173.523846, 212.916504, 172.797576, 132.91269, 93.089458, 133.156445, 133.112099, 132.980188, 173.451802, 133.543105, 93.265986, 132.975003, 133.347163, 132.825872, 92.615336, 132.242173, 93.784055, 173.340867, 133.395763, 133.107984, 93.159265, 173.360271, 133.11026, 133.983386, 212.864593, 172.605032, 132.390348, 92.248446, 93.617938, 93.450594, 134.107889, 94.32056, 213.512364, 173.549773, 133.469752, 93.596291, 213.092865, 173.194557, 133.376422, 93.119773, 213.591577, 173.819602, 133.908137, 93.84363, 213.758944, 173.509715, 133.534867, 93.366583, 213.624776, 173.50776, 133.089627, 93.264639, 116.409482, 76.370893, 116.05078, 75.726613, 115.805409, 115.915325, 115.641544, 116.335818, 75.72023, 76.796735, 115.952971, 114.965705, 83.741294, 84.46458, 83.938085, 83.799885, 84.393685, 84.076969, 105.273142, 65.218843, 105.358193, 65.433385, 105.494801, 66.076116, 144.480375, 104.333456, 65.052431, 264.9794, 224.876435, 105.520348, 104.721638, 103.912903, 105.541646, 65.300839, 104.900465, 144.664702, 104.980845, 185.762016, 145.709136, 105.937978, 65.759018, 104.671172, 104.890939, 185.671737, 145.248059, 105.648803, 265.791697, 225.596659, 185.671975, 145.452213, 105.465901, 265.849898, 225.519626, 185.07684, 144.910618, 105.484883, 265.667516, 225.556351, 185.066267, 145.152435, 105.13909, 146.45833, 106.557156, 106.689456, 66.793003, 266.263826, 226.099002, 186.052641, 146.075972, 106.284169, 147.195159, 107.209124, 266.445833, 226.110277, 185.934739, 145.754296, 105.598902, 147.344352, 107.12969, 146.933768, 106.727257, 146.711937, 106.795177, 146.565994, 106.508698, 146.860667, 106.361087, 102.64282, 114.120636, 114.042418, 126.943574, 167.629457, 167.85932, 127.913935, 168.569757, 128.230338, 88.069436, 128.368737, 88.468826, 167.822151, 127.970682, 87.651878, 167.865859, 127.999751, 88.344199, 167.421473, 127.313128, 87.43748, 167.584358, 127.60699, 87.799599, 168.178726, 127.913776, 88.086516, 168.152789, 128.377448, 88.208435, 223.548671, 183.367152, 143.472003, 103.573753, 63.7628, 184.287338, 144.644769, 104.759819, 183.98304, 143.925484, 103.697518, 144.440833, 104.369981, 64.216205, 183.087381, 143.685436, 144.231414, 104.035265, 183.180629, 142.985806, 183.146857, 143.178961, 182.999312, 143.009844, 183.584939, 143.686985, 184.112028, 143.999816, 103.933216, 182.509487, 142.787607, 104.217055, 64.296019, 144.513099, 104.159583, 63.948318, 183.404016, 143.764227, 103.605329, 224.229947, 184.04355, 144.178498, 104.064178, 184.556635, 144.554307, 104.219883, 184.623922, 144.515547, 104.406157, 65.613821, 224.728486, 185.094028, 144.702473, 104.58906, 144.953254, 104.45952, 225.188845, 185.217963, 145.278958, 105.230314, 225.124103, 185.258565, 145.330748, 104.874541, 145.460787, 105.209489, 225.233004, 185.338849, 145.281496, 105.295896, 144.903914, 105.064666, 145.009153, 105.068496, 184.567764, 144.395392, 104.430753, 185.664923, 145.503765, 105.590535, 184.712502, 144.802643, 104.718398, 104.54232, 184.713631, 145.168392, 105.256663, 145.732285, 105.417861, 65.15202, 145.25523, 104.995767, 184.797484, 145.087523, 105.418139, 224.003261, 184.029652, 144.052218, 104.037279, 184.113182, 143.857694, 103.923267, 132.925252, 93.223592, 93.613673, 95.120541, 94.688477, 133.725097, 94.019516, 93.953, 133.476976, 93.563432, 94.640695, 94.154389, 133.22269, 93.382866, 94.319258, 134.041398, 94.193697, 93.578711, 93.905512, 133.102834, 93.254653, 93.229069, 93.096694, 93.999513, 149.522696, 149.58621, 149.132929, 149.216079, 148.99005, 149.934242, 164.970396, 165.928408, 165.098176, 165.718977, 165.793558, 164.297893, 164.422093, 169.75395, 168.946611, 169.791302, 169.154372, 169.150084, 169.664077, 169.946056]
sync delay = 130.256503618
out notify interest = 7666.0
out beacon = 20966.0
out data interest = 14885.0
out bundled interest = 0.0
out data = 23230.0
out ack = 13344.0
out bundled data = 0.0
collision rx = 389.363636364
collision tx = 20.8181818182
cache hit = 23389.0
cache hit special = 4838.0
retx_notify_interest = 815.0
retx_data_interest = 788.0
retx_bundled_interest = 0.0
state sync duration = 130.256503618
data availability = 1.0
[37.980369, 38.050886, 38.044727, 37.915921, 37.936834, 38.049634, 37.983511, 83.590678, 83.587524, 83.578432, 83.712251, 83.597836, 83.615675, 83.892296, 83.596329, 122.652405, 82.730447, 122.395222, 82.214155, 122.367143, 82.812442, 83.098428, 83.130525, 83.046532, 83.058161, 123.03244, 82.918523, 122.901426, 82.831411, 123.251998, 83.752653, 123.00343, 82.867188, 123.247634, 83.333977, 123.094413, 83.256844, 123.094682, 83.194567, 123.350511, 83.477625, 123.105525, 82.991434, 123.356616, 83.249213, 123.080809, 83.589029, 123.522049, 83.729051, 123.346673, 83.459154, 123.127101, 83.338962, 123.160679, 83.143301, 123.506765, 83.337824, 123.208836, 83.176555, 123.551212, 83.442671, 123.244426, 83.338851, 123.586298, 83.635036, 61.757436, 61.70846, 61.810355, 68.997254, 69.091826, 109.131831, 69.093979, 109.053228, 69.351271, 71.447665, 71.815241, 71.279324, 71.362426, 71.271957, 70.730875, 70.939987, 71.424511, 111.731474, 71.989237, 71.106417, 70.961122, 111.186315, 71.441196, 71.216317, 151.26765, 111.232959, 71.381223, 151.267625, 111.383136, 71.795461, 151.244357, 111.310351, 71.43598, 111.634274, 71.741689, 151.269194, 111.356725, 71.351743, 151.285024, 111.381161, 71.233043, 151.261537, 111.046468, 71.271298, 112.783527, 72.220522, 72.652818, 72.336592, 73.093157, 72.703454, 93.651742, 93.590898, 93.575766, 93.598692, 94.488408, 93.728113, 93.846539, 93.699393, 93.240049, 93.697157, 93.733263, 93.42325, 93.179858, 93.585898, 57.966409, 58.335321, 56.761197, 57.432899, 97.269096, 98.033122, 57.676376, 137.018727, 97.207978, 97.595154, 97.045993, 57.521276, 97.629239, 137.360607, 97.326482, 56.987746, 97.353692, 137.525102, 97.86383, 57.684799, 97.088513, 97.484643, 57.810897, 137.54549, 97.350222, 57.318278, 137.767581, 137.15238, 97.466436, 57.33828, 97.512824, 137.688012, 97.769208, 58.042585, 137.543698, 97.667999, 57.794158, 137.446518, 97.504489, 57.696736, 137.873876, 97.766335, 57.986151, 84.709472, 84.049494, 83.662056, 83.938257, 84.225717, 112.453919, 72.5662, 72.746069, 73.879816, 112.763053, 72.697487, 73.668072, 112.468105, 72.469763, 112.880142, 73.166112, 112.888524, 73.238596, 113.030865, 72.806535, 73.162522, 112.745153, 72.40428, 113.109349, 86.076374, 125.666707, 85.478196, 84.978081, 245.587937, 205.31252, 165.125328, 125.402948, 245.755446, 205.809969, 165.767124, 125.194148, 85.750221, 245.427636, 205.390719, 165.372672, 125.232097, 86.387049, 245.55524, 205.3164, 165.12833, 125.128924, 245.740645, 205.793482, 165.712524, 125.71796, 245.378131, 205.473512, 165.588186, 125.923906, 165.869874, 125.79343, 85.672329, 125.769195, 126.179808, 126.133426, 85.740085, 125.794243, 125.65597, 125.555152, 85.36419, 125.694225, 62.643891, 102.602525, 62.531269, 63.306346, 102.337531, 62.236127, 61.925272, 102.549929, 101.837206, 101.947625, 141.905766, 102.185104, 102.527839, 62.307917, 62.342764, 102.449414, 63.132684, 102.045342, 102.733765, 102.81263, 62.496063, 102.355884, 62.265821, 102.262343, 102.552913, 62.290637, 103.068298, 102.952242, 102.701796, 103.162358, 102.800325, 103.045987, 102.902557, 102.950072, 102.84226, 102.520606, 102.353327, 73.080377, 112.715215, 72.95464, 73.123747, 114.077321, 74.297967, 113.465365, 73.6882, 113.963688, 74.072662, 113.275141, 73.276139, 113.904251, 73.488563, 113.455734, 73.461513, 113.264918, 73.177325, 58.088998, 57.657412, 58.847749, 58.891065, 58.127507, 57.601197, 58.330132, 58.285119, 176.694458, 136.355263, 96.244262, 56.591142, 176.430299, 136.574452, 177.568533, 137.951611, 97.831305, 175.775722, 135.762517, 95.49474, 136.422563, 96.334326, 56.077034, 136.630233, 96.506988, 56.879853, 136.631702, 96.853471, 176.392142, 136.518957, 96.798951, 56.898246, 176.271408, 136.344102, 96.271663, 56.04746, 55.784074, 177.184772, 137.310734, 177.165885, 137.371966, 97.163454, 57.357967, 176.83782, 136.952194, 177.278966, 176.475614, 136.297692, 177.367961, 137.208551, 137.290711, 97.091833, 57.278462, 176.605936, 137.025437, 97.411831, 177.894269, 137.717679, 97.739618, 177.136734, 137.141342, 97.307363, 137.296721, 97.085399, 177.62642, 137.406133, 97.424025, 137.80981, 97.737851, 177.70214, 137.64774, 97.92677, 177.43355, 137.398683, 97.545092, 137.851344, 97.912609, 177.529875, 137.450003, 97.502079, 137.491392, 97.794813, 58.086943, 177.623493, 137.536238, 97.70633, 177.181348, 137.1146, 97.000726, 178.277528, 138.262015, 98.22918, 97.378647, 57.165421, 178.359978, 138.419424, 98.711422, 138.518636, 98.188306, 58.170225, 178.508632, 138.339116, 98.46964, 138.727241, 98.40464, 178.172447, 138.372701, 98.388871, 61.762853, 61.643468, 61.642086, 61.391064, 60.924085, 61.914672, 61.856961, 60.850414, 132.477667, 92.799894, 91.993916, 131.029588, 91.069192, 91.820382, 131.679655, 91.616092, 131.882001, 91.976912, 91.390812, 132.193055, 92.25895, 93.37183, 132.375093, 92.420721, 91.430696, 91.990074, 91.652142, 91.792849, 92.882932, 91.966957, 92.273962, 92.069604, 92.294983, 168.747206, 168.685513, 167.973928, 167.868111, 167.949036, 168.163912]
sync delay = 105.833335948
out notify interest = 8589.0
out beacon = 20984.0
out data interest = 15185.0
out bundled interest = 0.0
out data = 24270.0
out ack = 16343.0
out bundled data = 0.0
collision rx = 293.227272727
collision tx = 70.3863636364
cache hit = 26311.0
cache hit special = 4611.0
retx_notify_interest = 653.0
retx_data_interest = 860.0
retx_bundled_interest = 0.0
state sync duration = 105.833335948
data availability = 1.0
[37.527238, 37.501805, 37.616692, 37.597661, 37.492833, 37.615146, 37.487717, 37.580687, 37.482572, 37.599002, 37.473716, 51.39271, 51.385479, 51.359091, 51.374675, 51.668576, 51.37718, 51.421606, 76.520141, 76.753137, 116.547883, 76.53829, 76.573312, 116.78547, 76.70429, 36.746531, 116.584988, 76.889182, 80.118427, 40.373833, 80.107862, 80.16725, 80.442437, 80.420264, 40.349142, 80.012771, 80.419666, 80.067054, 80.443443, 40.352865, 120.1831, 80.094667, 119.959399, 79.909866, 120.166343, 79.940525, 120.209069, 80.262938, 120.203781, 80.073491, 120.036312, 80.248732, 120.068187, 79.99073, 120.097914, 79.859909, 120.105654, 80.261757, 120.461199, 80.788488, 120.35024, 80.668869, 120.14587, 80.057204, 120.423813, 80.78829, 120.206789, 80.213017, 120.494368, 80.473479, 120.281671, 80.171824, 120.509792, 80.704449, 120.305201, 80.099322, 120.355885, 80.128297, 120.604129, 80.484761, 120.40608, 80.851389, 120.664573, 80.894473, 120.408293, 80.780003, 57.91615, 58.673902, 58.467833, 57.851668, 58.923666, 58.387441, 58.863363, 58.666088, 58.521842, 59.970264, 59.589781, 59.116746, 59.182772, 59.655226, 60.122282, 59.914026, 59.198676, 59.747952, 59.142332, 58.945973, 59.097193, 59.499111, 59.384916, 59.849338, 59.811575, 71.982298, 72.275172, 72.497369, 71.615188, 71.636613, 71.883249, 72.278281, 71.543717, 71.164128, 157.599391, 117.294176, 77.909225, 157.772869, 117.686121, 158.260384, 118.61237, 78.269997, 157.548803, 117.612418, 158.028121, 117.687629, 158.099443, 117.877818, 78.180228, 82.954794, 83.778531, 82.591466, 82.935795, 83.056449, 83.354932, 83.757805, 83.643452, 47.310087, 47.090902, 87.787199, 87.64488, 86.823367, 87.087111, 87.430718, 128.221275, 88.260992, 87.280885, 87.776785, 47.777536, 127.821265, 87.678922, 87.179854, 127.500619, 87.318612, 127.496097, 87.217013, 126.938839, 87.184215, 127.681052, 127.540061, 87.459986, 87.515338, 127.554572, 87.747145, 127.870031, 87.976773, 49.729106, 49.968003, 49.386639, 49.560499, 49.812585, 52.169321, 52.306098, 52.209298, 52.822346, 52.509035, 52.437936, 52.665623, 52.187432, 52.645841, 52.03716, 51.648402, 51.985675, 52.177281, 51.918531, 52.060287, 24.599738, 25.836285, 24.963267, 84.781393, 44.984899, 124.528276, 84.66455, 45.5743, 45.467113, 124.786843, 84.802793, 126.063786, 86.068823, 45.745045, 124.986383, 84.720912, 124.761272, 85.149638, 125.265396, 85.258888, 125.812074, 85.990764, 45.673728, 85.805968, 84.646054, 84.941647, 84.936323, 85.110295, 85.886051, 85.567768, 52.494799, 92.101023, 51.928902, 52.415378, 53.222963, 92.017523, 52.085594, 92.101939, 52.067071, 92.272092, 52.354675, 52.891439, 91.687212, 51.246482, 91.21397, 51.113021, 52.630604, 52.358633, 52.20656, 54.304221, 54.301721, 53.936603, 48.773172, 89.140084, 49.056249, 87.8745, 47.741733, 48.701259, 48.629123, 48.279022, 49.033526, 49.182409, 87.958849, 47.668795, 89.282779, 49.223424, 88.701182, 48.912865, 49.267506, 49.072123, 87.997291, 47.987668, 48.728579, 88.509263, 48.261668, 88.43385, 48.290103, 49.218573, 48.92507, 88.750477, 48.870495, 88.642397, 48.76519, 48.462639, 88.491717, 48.787559, 88.608044, 48.805084, 88.024018, 48.312799, 88.624811, 48.537598, 87.710022, 87.574923, 88.439467, 88.847936, 88.380601, 48.522141, 48.823987, 88.408265, 76.68279, 75.19897, 76.756059, 77.178217, 76.635127, 75.703326, 76.815753, 77.804401, 76.353793, 57.035183, 58.253117, 58.163882, 58.450922, 58.45056, 57.624812, 98.758253, 58.544415, 56.975754, 58.727925, 59.011676, 58.583891, 58.682159, 57.413818, 58.155762, 58.027999, 57.769699, 58.509098, 58.463927, 58.401081, 58.503017, 58.351058, 58.734656, 97.465702, 58.025765, 58.192467, 97.507855, 97.023763, 98.155893, 98.909736, 58.20565, 58.998763, 98.107542, 19.663653, 59.929269, 20.02332, 19.966104, 20.061814, 59.774558, 19.874532, 20.253426, 20.537421, 20.41929, 59.64802, 19.409339, 60.071192, 58.541587, 58.856444, 58.39037, 59.724677, 60.116004, 59.221031, 24.465658, 23.832908, 23.837261, 24.925961, 24.003676, 23.170074, 23.116093, 23.518671, 94.284082, 54.037983, 53.860473, 93.644036, 53.910118, 133.26151, 93.101077, 52.815047, 134.191294, 94.244256, 54.286909, 54.649752, 93.077019, 53.044753, 93.608905, 53.601543, 54.44045, 94.222275, 54.195895, 92.851457, 52.728681, 53.519121, 54.275077, 92.767513, 53.31151, 53.128074, 94.80611, 54.645875, 132.292227, 92.210508, 51.838028, 133.250965, 93.328804, 53.669154, 133.823991, 94.050774, 53.819325, 94.013421, 54.426407, 133.826286, 93.901379, 53.766975, 134.166763, 94.352731, 54.531091, 94.163143, 53.986514, 54.145847, 133.643528, 93.692606, 53.497817, 54.198376, 93.978271, 53.735149, 94.391709, 54.255831, 54.024847, 94.324718, 54.53082, 94.004869, 54.080357, 93.778652, 53.688503, 93.685177, 54.113162, 54.726438, 94.608675, 54.4598, 94.092993, 54.158771, 53.859547, 94.723739, 54.802877, 130.702742, 130.667496, 130.381373, 131.566071, 131.986249, 130.739963]
sync delay = 74.6385925409
out notify interest = 9928.0
out beacon = 20959.0
out data interest = 14137.0
out bundled interest = 0.0
out data = 23299.0
out ack = 20726.0
out bundled data = 0.0
collision rx = 361.159090909
collision tx = 75.9545454545
cache hit = 27400.0
cache hit special = 5644.0
retx_notify_interest = 716.0
retx_data_interest = 849.0
retx_bundled_interest = 0.0
state sync duration = 74.6385925409
data availability = 1.0
[31.030462, 31.258077, 31.071891, 31.184731, 31.073744, 31.308707, 31.073001, 31.304879, 31.339012, 31.118008, 31.139507, 31.383358, 31.409268, 31.304115, 31.410708, 31.279818, 31.336258, 31.358868, 77.795939, 37.738736, 77.415571, 77.592423, 37.417545, 77.365009, 37.523223, 77.189749, 77.504923, 37.59782, 77.452641, 37.473674, 117.495905, 77.211462, 77.394213, 37.637942, 117.270866, 77.289916, 77.446666, 77.630209, 38.005535, 117.604342, 77.641307, 37.560347, 117.28437, 77.298748, 117.519852, 77.439802, 37.46137, 117.260621, 77.595148, 117.497273, 77.395712, 117.282749, 77.473598, 117.518399, 77.454752, 117.303788, 77.166354, 117.320819, 77.212889, 117.559661, 77.745143, 38.073645, 77.268199, 37.203507, 117.262169, 77.062975, 37.186444, 117.509495, 77.424333, 117.288053, 76.995513, 37.118958, 77.536312, 37.500591, 117.3192, 77.236406, 37.070097, 117.334119, 77.474754, 37.36838, 117.676915, 77.860313, 119.020655, 79.310997, 39.320179, 119.209242, 79.039771, 39.272447, 119.239924, 79.407421, 39.563108, 119.270682, 78.861681, 119.293833, 79.107026, 119.079192, 78.701225, 38.427896, 119.336836, 79.670092, 119.302034, 79.248446, 55.973779, 55.99859, 55.756847, 56.054891, 55.66792, 55.772931, 56.284546, 56.021603, 56.19708, 96.76653, 96.332012, 136.581464, 96.205264, 96.525487, 97.337577, 96.934418, 97.288663, 97.333598, 56.79801, 136.86493, 96.86559, 57.691204, 137.240538, 97.151553, 136.987217, 97.244389, 56.791968, 136.885555, 96.890286, 137.211417, 96.861528, 56.775438, 97.222153, 97.160233, 57.230579, 57.490474, 57.176944, 56.826074, 57.422201, 57.489981, 71.743497, 71.717822, 71.002938, 71.617483, 71.711906, 71.82089, 71.477146, 71.851157, 70.96539, 71.60897, 71.201414, 71.740202, 71.563098, 71.093382, 71.751156, 72.095049, 71.132182, 72.10519, 72.077679, 71.218967, 71.602927, 71.308402, 71.338816, 71.204563, 71.7337, 71.570695, 70.471435, 42.19241, 42.73225, 42.517275, 42.705227, 42.961889, 43.496363, 43.444819, 43.20258, 43.970244, 43.53185, 42.890214, 43.626761, 43.858203, 43.426906, 43.234896, 44.215897, 43.418485, 43.811646, 43.221951, 43.435324, 43.75037, 43.376445, 43.862857, 42.739774, 48.363068, 49.281045, 47.9151, 48.564094, 49.010134, 10.67329, 50.716639, 10.621813, 10.489355, 9.625546, 50.064617, 9.893332, 90.355671, 50.418502, 10.33994, 10.943259, 90.272144, 50.428701, 10.139241, 10.424847, 9.952112, 90.300737, 50.866351, 11.159537, 91.124675, 51.032723, 11.241401, 91.037875, 51.208096, 11.275768, 11.112677, 90.268058, 50.272709, 10.271539, 11.052487, 91.485984, 51.515159, 11.434849, 51.385732, 11.551242, 51.766876, 11.810426, 51.134161, 11.343085, 50.915002, 10.674107, 51.332008, 11.064474, 51.415487, 11.929532, 11.403829, 11.084267, 11.346496, 11.875379, 11.496996, 12.259683, 10.683246, 11.348647, 26.344342, 25.954803, 26.69471, 26.358379, 26.264892, 25.745808, 26.004695, 26.103029, 26.680835, 25.808473, 25.954513, 26.061239, 25.522244, 26.631082, 26.522808, 27.077337, 27.0173, 26.888772, 26.063908, 25.686477, 26.179642, 26.685837, 27.101484, 26.965184, 26.789047, 26.319137, 26.654061, 27.342213, 26.101255, 26.537986, 26.803783, 26.877163, 26.077756, 26.770365, 26.864989, 27.64789, 26.671686, 26.424524, 26.573626, 26.804698, 27.190424, 27.669522, 26.696217, 27.275786, 26.868511, 26.142789, 26.735761, 27.542206, 51.469561, 51.456834, 50.932897, 52.369575, 51.627981, 52.103327, 51.773251, 52.093871, 51.309051, 18.434857, 18.636071, 18.297595, 18.038889, 33.79082, 33.323743, 33.400594, 33.072544, 32.585007, 33.5693, 32.991279, 33.721768, 61.045772, 21.057969, 60.633397, 20.281203, 60.463991, 20.427616, 60.777778, 20.55042, 59.559485, 19.68205, 60.281286, 20.594943, 19.977545, 61.322726, 21.077381, 60.280444, 20.197251, 60.605193, 61.637201, 21.751152, 60.153941, 60.492432, 19.993359, 20.427692, 60.728034, 60.428371, 60.396635, 60.002684, 20.065562, 60.6587, 20.771903, 59.997476, 19.934543, 60.181889, 20.383516, 60.48667, 20.328689, 19.713649, 60.075947, 19.785381, 60.079143, 20.388613, 60.777806, 20.926569, 60.469454, 20.46717, 60.978923, 21.007803, 60.385398, 20.438979, 60.655884, 20.562891, 61.350457, 21.831001, 60.776796, 20.842501, 59.622063, 19.599622, 60.240685, 20.083896, 61.430516, 21.406165, 51.405552, 91.307181, 51.510379, 91.368307, 51.3959, 51.494747, 91.941112, 51.901431, 51.712683, 51.959073, 50.985828, 90.825875, 51.370418, 50.996492, 51.040939, 52.90452, 92.249765, 52.331306, 51.235184, 91.305804, 51.068407, 51.302285, 91.324999, 51.520251, 51.665705, 51.687632, 51.718445, 51.493954, 52.320991, 52.445658, 51.99167, 51.306669, 52.03461, 51.788769, 51.914021, 91.360676, 51.493836, 52.361492, 92.104831, 51.988801, 90.734678, 50.555228, 91.433977, 51.207922, 92.379801, 52.1476, 51.851157, 52.877957, 91.816508, 51.78667, 91.449793, 51.577012, 128.593328, 129.533047, 128.502561, 127.645186, 127.563662, 129.161027]
sync delay = 55.21751345
out notify interest = 11350.0
out beacon = 20987.0
out data interest = 12680.0
out bundled interest = 0.0
out data = 23265.0
out ack = 25304.0
out bundled data = 0.0
collision rx = 507.5
collision tx = 85.1818181818
cache hit = 29323.0
cache hit special = 7171.0
retx_notify_interest = 742.0
retx_data_interest = 912.0
retx_bundled_interest = 0.0
state sync duration = 55.21751345
