data availability = 1.0
[143.546625, 143.487542, 143.497187, 144.402281, 104.521281, 144.112281, 144.122281, 144.152281, 144.142281, 144.487573, 104.567573, 144.167573, 144.137573, 135.979511, 175.944229, 175.82021, 136.03221, 175.91021, 175.947483, 175.857483, 211.315131, 175.532706, 136.047706, 215.541706, 215.531706, 215.829872, 175.967872, 135.860872, 215.599872, 175.506872, 215.569872, 215.679872, 175.859872, 215.589872, 215.819872, 175.700872, 215.809872, 176.014872, 136.079872, 215.579872, 176.084518, 136.312518, 215.615518, 175.546518, 215.845518, 175.598518, 215.569532, 215.649532, 175.683532, 215.659532, 175.588532, 215.639532, 175.268532, 215.629532, 175.618532, 215.739532, 175.633532, 215.709532, 175.946532, 175.729062, 175.574423, 175.582423, 255.385287, 215.543287, 175.899287, 255.315287, 255.085287, 215.171287, 255.095287, 215.176287, 255.105287, 214.810287, 215.705285, 175.555285, 215.425285, 255.078987, 215.033987, 255.088987, 215.199987, 215.446987, 175.819987, 175.287815, 255.134815, 214.771815, 180.601587, 208.794903, 169.034903, 209.002602, 169.070526, 169.434171, 209.457476, 169.425592, 169.716571, 272.216183, 232.118183, 192.089183, 152.367183, 271.691183, 231.645183, 191.976183, 272.046015, 231.696015, 191.731015, 232.004015, 192.051015, 272.119015, 232.221015, 192.586015, 272.169015, 232.193015, 192.067015, 272.327838, 232.217838, 192.409838, 152.582024, 231.03051, 191.05351, 270.82551, 230.69251, 310.922719, 271.034719, 231.799333, 231.29967, 191.09967, 311.59167, 271.40167, 231.46567, 311.288266, 271.315266, 190.879932, 191.299932, 231.528932, 191.552932, 271.154379, 230.868379, 271.379379, 231.520379, 311.09851, 271.54051, 151.65051, 231.603261, 191.510261, 270.824261, 230.917261, 311.363825, 271.462825, 231.952825, 191.877825, 311.184825, 271.013397, 231.038397, 271.358397, 231.260397, 191.282397, 271.0992, 271.2862, 230.9872, 310.7512, 270.7352, 151.2269, 311.2259, 271.2899, 197.004292, 242.526344, 202.545941, 162.407328, 201.634994, 161.608069, 162.056978, 161.690389, 202.19285, 162.015119, 201.40626, 201.831466, 161.701563, 161.977429, 202.798075, 163.196842, 201.847122, 162.075394, 161.657991, 121.721909, 201.577015, 161.351222, 201.788016, 202.432827, 201.869586, 122.503198, 201.675273, 202.633767, 162.674891, 202.07443, 162.249324, 122.191954, 194.5582, 236.574054, 196.239054, 155.872054, 236.704054, 236.876496, 316.519496, 276.588496, 316.307496, 276.061496, 316.617325, 277.052325, 356.056985, 316.239985, 276.586985, 236.389985, 356.592985, 316.536985, 276.508985, 236.392985, 316.747739, 276.746739, 356.68961, 317.07261, 276.87861, 237.00561, 235.95161, 196.06661, 277.064281, 237.218281, 356.304294, 316.398294, 276.204294, 236.029294, 196.699294, 356.238294, 316.85829, 277.10929, 316.511449, 276.510449, 236.144449, 316.379449, 276.339449, 315.783602, 275.362602, 356.923157, 316.617157, 276.613157, 236.546157, 356.208157, 316.141157, 276.135157, 236.342157, 316.913498, 276.799498, 276.771498, 236.831498, 196.626978, 237.023978, 197.150978, 157.399978, 197.113661, 156.834661, 237.141661, 196.879661, 357.331175, 316.995175, 276.976175, 317.171175, 277.191998, 162.946027, 122.681027, 203.488027, 163.418027, 123.659027, 202.842027, 202.432499, 162.528499, 162.929499, 162.484499, 243.166499, 203.294499, 163.204499, 163.242499, 202.696262, 163.264262, 123.642262, 242.346262, 202.042262, 161.889262, 242.910262, 202.826262, 242.864262, 242.504324, 202.447324, 242.349324, 202.534324, 162.506324, 202.660324, 164.760301, 164.994937, 125.558937, 163.949937, 125.502937, 164.593788, 124.661788, 125.185722, 245.699521, 205.754521, 165.676521, 245.500521, 205.687521, 165.569521, 165.073521, 244.818181, 204.671181, 164.508181, 206.444181, 166.629181, 245.759181, 205.638181, 165.816181, 126.158181, 244.704181, 243.997962, 203.871962, 163.755962, 244.849962, 204.711962, 164.848962, 245.373962, 205.652962, 165.488962, 124.956962, 204.470604, 164.543604, 144.505733, 225.52721, 185.317371, 145.116417, 104.790167, 185.10838, 145.240758, 104.908338, 185.959981, 146.021648, 106.081814, 224.911373, 185.09138, 145.069259, 146.697049, 224.959648, 185.219351, 145.246274, 224.807191, 184.860781, 144.669872, 225.546758, 185.803188, 145.958253, 106.332716, 225.289643, 185.15613, 145.152362, 185.432353, 145.242545, 224.954081, 184.813493, 144.937482, 146.173938, 105.988537, 117.953376, 157.813042, 238.913114, 199.033606, 119.28969, 173.309897, 132.677897, 172.318457, 133.917787, 132.499388, 291.653905, 251.673905, 212.143905, 172.012905, 292.275905, 252.323905, 212.156905, 171.904905, 291.288924, 251.427924, 211.412924, 171.603924, 172.483924, 290.949924, 250.862924, 210.608924, 170.744924, 290.907202, 251.032202, 210.901202, 170.814202, 211.357202, 291.151202, 251.622417, 211.385417, 171.219417, 192.256891, 192.128891, 280.408206, 280.173058, 280.757015, 241.879956, 280.044223, 240.148345, 279.734142, 280.010067, 247.50639, 247.638504, 247.487798, 246.995789, 247.969002, 247.556409, 286.931346, 246.923012, 248.171554, 246.918121, 287.633367, 247.844695, 287.884253, 247.468503, 286.324419, 246.495659, 288.245679, 247.854407, 288.339385, 248.390961, 301.435023, 301.20462, 301.578382, 406.428875, 406.72918, 406.16619, 406.499795, 477.307178, 477.66468]
sync delay = 217.738060107
out notify interest = 5176.0
out beacon = 20967.0
out data interest = 6062.0
out bundled interest = 1456.0
out data = 7258.0
out ack = 8151.0
out bundled data = 1234.0
collision rx = 82.5681818182
collision tx = 0.954545454545
cache hit = 5100.0
cache hit special = 512.0
retx_notify_interest = 756.0
retx_data_interest = 222.0
retx_bundled_interest = 499.0
state sync duration = 217.738060107
data availability = 1.0
[125.510271, 125.600271, 125.644631, 125.544631, 125.634631, 135.58689, 135.59689, 135.68455, 143.444359, 103.481092, 143.462646, 143.461057, 143.516412, 143.510482, 143.866948, 104.02568, 143.537949, 103.534544, 143.836357, 103.585238, 148.520212, 150.521789, 150.831362, 150.795338, 150.582356, 150.598785, 150.598887, 150.662236, 150.693181, 174.555512, 174.439512, 134.330512, 214.618321, 174.793321, 214.598321, 174.473321, 214.588321, 174.448321, 214.818321, 174.915321, 214.608321, 174.349321, 214.528321, 214.578321, 174.505321, 214.808321, 174.728321, 134.471321, 214.526983, 214.546983, 214.643554, 174.628554, 214.723554, 174.968554, 214.673554, 174.616554, 214.590757, 214.820757, 174.813757, 135.232757, 214.588751, 214.818751, 175.051751, 134.856751, 214.708751, 174.442751, 214.578751, 174.849751, 137.957355, 137.758175, 174.66599, 174.11099, 173.887926, 213.762818, 214.118353, 213.929353, 214.462353, 174.486353, 214.685353, 174.647353, 214.023247, 174.210247, 214.369247, 214.253247, 174.208247, 213.857247, 214.716918, 174.545918, 134.403918, 213.964918, 173.800899, 214.222899, 213.872899, 173.987899, 174.134899, 214.567341, 174.433341, 214.616341, 174.455341, 134.667341, 214.622559, 173.998559, 213.956559, 174.212559, 214.604694, 174.337928, 174.662753, 169.471224, 168.750872, 169.862639, 175.010532, 135.079532, 175.338532, 175.655759, 214.694759, 175.35645, 135.40345, 175.00345, 135.31345, 214.357415, 214.547849, 174.579849, 215.369849, 174.888402, 135.069402, 215.102075, 175.042075, 215.212876, 215.070367, 214.851367, 214.956367, 174.6368, 175.085564, 150.622872, 148.969626, 189.795626, 190.085626, 189.848626, 189.866626, 190.342626, 190.470303, 150.782303, 189.383303, 189.8838, 149.8268, 149.8508, 149.7578, 189.3968, 149.2738, 190.568583, 150.456583, 189.956328, 150.181328, 150.803328, 189.826328, 149.979328, 150.404618, 189.898618, 149.808618, 190.323762, 150.236762, 150.608129, 270.628129, 230.631129, 190.657129, 150.821129, 270.314129, 230.351129, 190.305129, 150.058129, 270.508595, 230.578595, 190.676595, 150.214595, 190.726595, 150.660595, 270.619595, 270.534391, 230.636391, 190.343391, 150.062391, 151.149391, 230.525391, 190.347391, 150.584391, 270.203391, 229.952391, 189.908391, 149.82506, 163.732926, 163.010926, 163.254268, 163.528268, 163.399883, 123.878905, 162.837905, 123.605492, 146.780538, 227.209016, 187.262016, 186.234398, 267.056421, 227.137421, 146.987421, 266.932421, 227.172421, 266.990348, 226.934348, 266.871348, 226.648348, 266.809786, 226.830786, 266.901786, 227.139786, 155.677937, 156.406937, 156.198937, 156.271937, 155.776937, 155.637701, 196.164701, 155.937701, 155.298701, 156.581701, 116.752701, 156.000701, 155.806862, 196.065862, 156.340862, 156.127253, 196.102253, 196.289253, 116.468253, 156.141947, 116.136947, 196.501947, 155.098947, 195.938947, 195.691419, 209.219304, 169.516304, 209.091304, 169.307304, 169.220304, 169.631724, 169.587724, 209.309338, 169.384338, 169.6111, 209.0531, 169.2271, 129.489888, 129.806888, 209.723888, 169.531888, 209.723603, 170.044603, 169.27493, 317.510442, 277.684442, 235.807154, 236.412154, 235.755154, 196.749979, 236.084796, 276.828796, 237.127592, 197.153592, 157.195592, 236.833564, 197.006564, 237.66296, 236.912835, 196.314835, 196.918835, 236.524454, 236.920533, 196.531533, 156.609533, 236.851124, 196.518124, 156.782124, 161.570901, 121.173901, 162.348901, 200.667901, 160.981901, 120.834901, 161.955809, 162.319809, 242.461809, 202.720809, 162.069809, 163.028809, 202.792048, 162.886048, 122.696048, 241.425048, 201.482048, 241.634048, 201.845048, 242.710896, 202.949896, 163.199896, 123.372896, 241.709896, 201.748896, 162.412896, 162.568221, 241.851221, 202.038221, 162.382221, 122.535221, 162.644221, 162.460721, 122.237721, 241.998721, 201.989721, 161.866721, 162.938721, 242.71618, 202.62818, 162.39418, 162.694491, 123.42493, 163.17893, 162.479568, 163.797568, 123.768568, 162.305568, 162.770568, 162.469124, 122.943124, 123.010512, 144.862442, 104.764442, 223.977442, 183.798442, 143.751442, 223.822442, 183.626442, 143.927442, 144.510686, 145.446686, 185.029686, 145.176686, 105.511686, 105.464686, 145.332686, 105.468686, 145.84466, 103.73666, 224.75366, 184.45366, 144.79766, 184.64966, 144.50066, 224.79066, 225.156635, 185.352635, 145.149635, 146.025635, 224.763635, 184.473635, 144.782635, 225.109635, 184.767636, 144.905636, 184.934636, 144.562636, 104.685636, 118.199488, 158.347277, 118.461277, 133.63746, 133.69646, 252.98446, 213.01646, 172.80446, 132.88446, 253.09346, 213.21646, 172.94246, 132.74346, 252.939802, 212.954802, 172.898802, 132.744802, 252.130802, 211.845802, 171.915802, 132.093802, 253.249802, 213.226802, 133.405742, 252.214742, 212.434742, 172.495742, 132.302742, 134.223742, 173.207742, 133.144742, 172.649351, 220.232302, 220.068302, 220.063302, 220.656302, 220.528302, 180.391624, 181.020624, 180.605624, 179.287624, 220.981624, 180.247624, 179.430624, 179.917624, 180.934524, 189.726628, 191.037636, 191.176896, 190.606735, 191.733503, 190.421256, 190.26026, 189.860299, 280.04204, 279.468111, 239.151882, 279.478752, 280.164434, 279.348129, 279.947696, 240.270407, 269.766528, 268.489819, 268.905998, 269.284671, 268.810048, 267.56945, 269.478438]
sync delay = 183.956559452
out notify interest = 5658.0
out beacon = 20957.0
out data interest = 5608.0
out bundled interest = 1594.0
out data = 6531.0
out ack = 9108.0
out bundled data = 1376.0
collision rx = 91.1590909091
collision tx = 2.72727272727
cache hit = 5099.0
cache hit special = 635.0
retx_notify_interest = 779.0
retx_data_interest = 255.0
retx_bundled_interest = 555.0
state sync duration = 183.956559452
data availability = 1.0
[125.996818, 126.090343, 126.185327, 126.20559, 126.17559, 126.08559, 126.123089, 126.223089, 135.841398, 135.831398, 136.161398, 96.125398, 135.761398, 135.781398, 136.081398, 95.897398, 135.797696, 136.027696, 136.037696, 96.280696, 135.807696, 135.817696, 135.827696, 136.057696, 136.117696, 96.008696, 96.001696, 135.777696, 135.747696, 95.997696, 135.757696, 135.741601, 135.991601, 166.600973, 166.819643, 127.099882, 166.726119, 166.734103, 166.741307, 167.024528, 127.047853, 166.927156, 166.824658, 166.881802, 135.911396, 215.954372, 176.073372, 215.944372, 176.026372, 215.934372, 175.906372, 175.973713, 135.984713, 176.405713, 136.605713, 215.975352, 175.931352, 215.935352, 175.861352, 176.253352, 216.055352, 176.156352, 175.830726, 135.790726, 176.250726, 215.938057, 175.647057, 216.168057, 176.159057, 136.207057, 135.990086, 136.928337, 137.207015, 172.781733, 172.829733, 212.717733, 172.961733, 212.234863, 172.651863, 133.078863, 212.651528, 212.315324, 173.159893, 212.809893, 212.305543, 212.205543, 212.336029, 212.887029, 172.701029, 212.488459, 174.238239, 134.130239, 173.453239, 174.285239, 213.969731, 173.758731, 173.628949, 174.424949, 173.861183, 213.657183, 173.815183, 213.479183, 173.190183, 134.387702, 173.782702, 213.854578, 173.885578, 213.852578, 214.157018, 174.280018, 173.981018, 214.055088, 174.105088, 174.249088, 173.797088, 174.401438, 134.071438, 174.286438, 134.46025, 135.736055, 167.198701, 167.236701, 173.675725, 133.850725, 173.290725, 133.760725, 173.786725, 133.632725, 134.019134, 173.554134, 133.225134, 174.032134, 174.026913, 133.971913, 173.445516, 133.635516, 172.936516, 132.946516, 173.713446, 133.907446, 134.195606, 173.453243, 133.305243, 173.061243, 173.153833, 133.091833, 173.591833, 133.106932, 173.936932, 133.812932, 133.468932, 270.128615, 229.958615, 189.713615, 149.487615, 269.886615, 229.780615, 189.951615, 149.968615, 189.877615, 149.628615, 269.964538, 230.157538, 190.572538, 150.759538, 110.802538, 150.212341, 270.037341, 230.027341, 190.441341, 150.413341, 110.479341, 270.216068, 230.434068, 190.462068, 150.530068, 110.615068, 149.882068, 270.075068, 229.960068, 189.725068, 149.988068, 190.430142, 150.396749, 190.735497, 150.802857, 190.876389, 150.595322, 189.571818, 190.25959, 150.422939, 190.338349, 150.304296, 190.289076, 150.618836, 190.531396, 150.798429, 151.329063, 150.814476, 151.301199, 122.438674, 122.791734, 123.077188, 122.670191, 122.920763, 122.606271, 161.861167, 122.743354, 122.670265, 122.791731, 122.735161, 122.813714, 266.664884, 226.506884, 146.320884, 106.691884, 266.405901, 226.408901, 265.947901, 226.133901, 106.947901, 186.174099, 266.474053, 226.199053, 226.251053, 186.589053, 266.817685, 226.828685, 266.695067, 226.638067, 147.030067, 155.375741, 196.428741, 156.594741, 156.468741, 155.831741, 159.472847, 119.550847, 119.934847, 159.938847, 119.730847, 159.410847, 120.140847, 200.673926, 160.139926, 199.784926, 160.090621, 199.570621, 199.658941, 159.525941, 200.204941, 199.937051, 208.762042, 168.960042, 129.299042, 208.691042, 168.697042, 128.536042, 208.671042, 129.151873, 169.100873, 129.577873, 168.408736, 128.500736, 208.129736, 168.126736, 128.041736, 167.820088, 169.257324, 168.527758, 207.965522, 167.957522, 128.077522, 209.319522, 169.331522, 129.773522, 168.860825, 129.105825, 195.839837, 156.086837, 155.891837, 115.827837, 195.476837, 235.721837, 234.521719, 194.522719, 115.998719, 154.957719, 115.246719, 195.575719, 195.592187, 196.387187, 156.427187, 116.383187, 195.404187, 155.542187, 156.139232, 115.761232, 235.470232, 195.370232, 195.707232, 155.230781, 196.841781, 157.000781, 236.306781, 196.377985, 156.491985, 155.921813, 115.714813, 156.138813, 116.504813, 156.041117, 155.315117, 116.547289, 154.704289, 155.839289, 235.269327, 195.669327, 155.844327, 116.119327, 195.836327, 155.466327, 115.505327, 235.303327, 195.543327, 155.323327, 115.417327, 116.59252, 155.91252, 115.97452, 196.18852, 155.79552, 195.23652, 155.919836, 156.479836, 236.635836, 196.498836, 156.750836, 116.554836, 235.328836, 195.347836, 196.602969, 156.597969, 116.558969, 196.307969, 156.609969, 155.319969, 155.53458, 115.45858, 236.67858, 196.59658, 156.72758, 116.39658, 196.14558, 156.03458, 236.70758, 196.66558, 156.17658, 196.587952, 156.622952, 116.642952, 236.120952, 196.211952, 156.338952, 116.529952, 196.243952, 156.297952, 116.23261, 236.09961, 196.08761, 155.91061, 115.97661, 116.64061, 174.066108, 133.877108, 134.961092, 94.991092, 135.590092, 136.269092, 134.750199, 95.226199, 95.359199, 94.493199, 95.439199, 95.631316, 135.795316, 134.21364, 147.205678, 148.815243, 108.818093, 147.626178, 108.64865, 147.582163, 107.783016, 147.812986, 108.082583, 108.0295, 147.00674, 107.020057, 108.557396, 148.649949, 108.572893, 108.142508, 107.427229, 148.68818, 108.639024, 147.516114, 107.820741, 147.182633, 146.544034, 210.024036, 210.445036, 210.572036, 210.58847, 209.24747, 210.73747, 171.161198, 172.413871, 172.247267, 171.603708, 172.560278, 171.460966, 170.592248, 171.778847, 171.636385, 190.806571, 189.813294, 190.645477, 190.555037, 190.688836, 190.856066, 211.154263, 212.521935, 238.136816, 260.710678, 261.136268, 260.210334, 260.371287, 260.378059, 261.954159]
sync delay = 167.064876916
out notify interest = 6103.0
out beacon = 21001.0
out data interest = 5709.0
out bundled interest = 1573.0
out data = 6803.0
out ack = 10204.0
out bundled data = 1359.0
collision rx = 105.954545455
collision tx = 2.68181818182
cache hit = 5335.0
cache hit special = 672.0
retx_notify_interest = 805.0
retx_data_interest = 233.0
retx_bundled_interest = 541.0
state sync duration = 167.064876916
data availability = 1.0
[125.678462, 125.425433, 125.675556, 125.585556, 125.723627, 125.713627, 125.633731, 125.529103, 125.767997, 125.591696, 125.600782, 125.863007, 125.651353, 125.926684, 125.642333, 94.605035, 134.243035, 134.253035, 94.587035, 134.263035, 134.593035, 94.100035, 134.323035, 94.244035, 134.32165, 134.22165, 134.24165, 134.47165, 134.57165, 94.68565, 94.74265, 134.23165, 134.63165, 134.30165, 134.29165, 134.52165, 94.64565, 134.28165, 134.51165, 94.74165, 134.65814, 94.79114, 134.54814, 94.41414, 134.31814, 134.629872, 134.737353, 94.884616, 133.868729, 213.925453, 174.107453, 213.955453, 174.598453, 213.905453, 174.027453, 173.772453, 133.909453, 173.46753, 134.05953, 213.966594, 174.281594, 173.997594, 213.946594, 173.750594, 173.792378, 133.751378, 214.088382, 173.994382, 174.228382, 134.132382, 134.37876, 214.01176, 174.05676, 174.293637, 134.017637, 96.574385, 135.567532, 96.191532, 140.104366, 180.043482, 180.034493, 180.283256, 140.71643, 180.136394, 180.145351, 180.174064, 140.450275, 100.432593, 140.278273, 180.48515, 141.076184, 101.150039, 140.226015, 100.763771, 174.559706, 214.389722, 174.399722, 214.487722, 174.616722, 175.097722, 174.192343, 174.204343, 214.495816, 174.660816, 214.400816, 174.247816, 174.302523, 174.729523, 134.438523, 214.785523, 174.691523, 214.568854, 174.654854, 174.436786, 175.089786, 135.139786, 214.9064, 174.8734, 134.5044, 174.182096, 174.789096, 134.888631, 174.65795, 157.549532, 117.684532, 160.684287, 160.582927, 120.629003, 201.540235, 161.744306, 201.230074, 161.058862, 161.342916, 121.216991, 202.07468, 161.705294, 201.922978, 162.102008, 201.002614, 160.865883, 121.685785, 201.40189, 161.328543, 161.007703, 121.080021, 161.442909, 121.654559, 121.689055, 161.712838, 161.665257, 121.894057, 161.464446, 121.60534, 161.580871, 121.941991, 161.24102, 161.323754, 121.305578, 162.022955, 122.085796, 121.344809, 161.266603, 121.431947, 161.01269, 121.337722, 121.797495, 166.063804, 125.924195, 126.711021, 166.632351, 166.18229, 126.157997, 126.45568, 165.55767, 166.590638, 126.420537, 166.672359, 126.905086, 126.995125, 166.279757, 126.461991, 127.146991, 125.834991, 126.518991, 86.705991, 126.639991, 86.792991, 86.817991, 98.553601, 98.590601, 109.059727, 268.175727, 227.702727, 187.622727, 147.817727, 108.827727, 149.289727, 109.054727, 108.393127, 109.102127, 268.454296, 228.548296, 188.287296, 148.662296, 108.668296, 268.094296, 228.440296, 188.813296, 148.522296, 108.365296, 108.775296, 108.612296, 149.010296, 109.157296, 109.269099, 108.687099, 108.229099, 109.062099, 109.024099, 188.518099, 148.457099, 268.355752, 228.557752, 188.596752, 148.141752, 108.413752, 109.009752, 268.550752, 228.694752, 188.948752, 148.814752, 268.465844, 228.713844, 188.891844, 149.089844, 109.415844, 108.899844, 144.687929, 144.122929, 144.545929, 104.494929, 185.457633, 184.749633, 184.568633, 184.543633, 105.068633, 184.635633, 105.340506, 184.024506, 144.208506, 144.155506, 184.570646, 105.158646, 144.781646, 104.451646, 104.373976, 114.80694, 115.632319, 128.584534, 207.546243, 167.410243, 127.609243, 207.719243, 167.638243, 127.529243, 207.801293, 167.760293, 127.951293, 208.052293, 167.999293, 127.845293, 126.955231, 167.280276, 127.100276, 208.711276, 168.051878, 168.511878, 168.761222, 128.414222, 207.898222, 167.937222, 127.967222, 139.286258, 193.859715, 153.739715, 113.054715, 193.692715, 153.983715, 113.594715, 194.183715, 193.363329, 153.542329, 113.730329, 194.246329, 153.987329, 113.738329, 233.771329, 193.870329, 153.644329, 113.949329, 154.080527, 114.113527, 194.255527, 154.368527, 114.174527, 193.837527, 153.734527, 113.716527, 233.800925, 193.987925, 153.972925, 113.971925, 193.461925, 153.427925, 113.127925, 233.320925, 193.469925, 153.404925, 234.788021, 194.919021, 155.006021, 114.809021, 154.599021, 114.560021, 74.797021, 153.713021, 113.709021, 194.502021, 194.319412, 154.425412, 114.538412, 113.386412, 153.627412, 113.808412, 153.974412, 114.067412, 233.054546, 193.069546, 153.156546, 113.332546, 193.363546, 153.324546, 153.692546, 193.599943, 153.706943, 113.907943, 153.687943, 113.959943, 73.636943, 194.332943, 154.173943, 114.171943, 114.753943, 154.446104, 193.780104, 154.006104, 113.929104, 74.070104, 233.704104, 193.666104, 153.865104, 113.582104, 153.707279, 113.693279, 234.711279, 194.743279, 154.966279, 114.900279, 234.409279, 193.817279, 193.498672, 153.466672, 113.814672, 193.829672, 153.806672, 153.761878, 113.692878, 194.849878, 154.957878, 115.217878, 194.221878, 154.356878, 194.104298, 154.239298, 114.149298, 93.999816, 134.470816, 134.237816, 94.586816, 94.475816, 133.582816, 93.847816, 93.999816, 93.619816, 133.71617, 134.07617, 95.29517, 134.53317, 94.53017, 94.44117, 133.67817, 134.05517, 93.55017, 133.97117, 93.547439, 93.840439, 134.055439, 94.115439, 133.282439, 93.340439, 93.826439, 134.406439, 94.084439, 94.093439, 93.766819, 94.928819, 94.396819, 135.240819, 95.115819, 134.212819, 166.805976, 168.019976, 167.861976, 166.228976, 167.337976, 167.540976, 166.935976, 167.080976, 166.844976, 166.814976, 166.862406, 167.459406, 167.199406, 171.926111, 238.192462, 238.201961, 238.779251, 238.462652, 237.857082, 238.110432]
sync delay = 151.272821523
out notify interest = 6328.0
out beacon = 20940.0
out data interest = 5314.0
out bundled interest = 1620.0
out data = 7274.0
out ack = 10160.0
out bundled data = 1785.0
collision rx = 119.090909091
collision tx = 14.5
cache hit = 5282.0
cache hit special = 740.0
retx_notify_interest = 473.0
retx_data_interest = 113.0
retx_bundled_interest = 582.0
state sync duration = 152.851707952
data availability = 1.0
[124.117438, 124.407438, 124.127438, 124.377438, 124.147438, 124.107438, 124.327438, 124.267438, 124.157438, 124.25409, 124.14409, 124.39409, 124.686345, 124.676345, 124.746345, 124.646345, 124.565075, 124.595075, 132.996316, 93.088316, 132.916316, 93.302316, 132.896316, 132.936316, 133.266316, 93.360316, 133.252827, 93.446827, 132.922827, 133.152827, 133.222827, 132.992827, 133.192827, 132.962827, 132.902827, 133.002827, 133.312827, 93.035827, 132.972827, 93.144991, 132.948991, 132.988991, 133.208991, 92.880991, 92.933131, 93.297131, 93.114131, 93.030131, 93.501476, 164.713259, 124.867093, 164.728466, 124.67127, 164.830683, 124.906927, 124.960043, 164.980643, 124.916073, 125.47218, 165.146659, 125.540171, 165.147635, 125.532425, 165.175879, 125.315746, 125.306125, 125.239975, 126.40854, 99.510952, 98.807952, 99.913952, 99.157952, 99.118952, 99.189952, 99.082952, 99.105932, 93.846453, 93.721004, 138.009595, 137.465595, 177.971595, 138.159595, 178.175595, 138.442595, 98.224595, 177.668048, 138.012048, 138.429048, 177.700048, 177.983923, 138.084923, 138.163923, 137.787003, 177.890003, 137.744003, 138.279003, 177.892003, 137.459003, 98.137003, 138.182814, 98.221814, 172.842885, 212.84066, 173.26666, 133.20166, 212.44766, 172.12166, 131.94366, 132.76966, 213.048831, 172.942831, 132.873831, 173.478528, 212.795049, 172.307049, 132.121049, 213.171049, 172.862049, 132.990049, 213.146049, 132.477916, 133.526916, 173.006243, 132.768243, 213.152243, 172.932363, 173.051682, 133.037682, 173.563146, 133.655146, 115.977344, 155.950344, 155.645344, 115.763344, 115.494344, 114.876344, 195.748379, 156.184379, 115.334379, 195.077379, 154.731379, 155.366379, 115.425446, 114.393446, 155.979446, 116.339446, 155.087446, 195.816808, 155.591808, 115.561808, 195.663808, 156.050808, 195.359808, 155.651808, 115.425447, 155.438447, 115.908447, 155.242447, 155.444029, 115.579029, 195.473029, 155.045029, 155.884029, 115.789029, 115.702029, 116.31036, 155.00836, 114.87736, 155.81436, 114.80636, 156.154472, 116.366472, 155.157472, 115.268472, 155.616472, 115.010841, 114.384841, 155.761841, 115.640841, 115.359841, 126.690332, 86.588332, 126.300332, 86.135332, 125.704332, 85.680332, 125.995332, 86.124332, 125.882332, 86.190445, 96.46504, 96.52804, 267.605262, 227.111262, 187.136262, 147.661262, 107.563262, 267.977262, 68.703641, 268.225641, 227.926641, 188.051641, 147.646641, 107.701641, 106.285641, 187.565641, 147.423641, 107.892641, 227.582798, 187.542798, 147.302798, 107.315798, 267.745798, 227.690798, 187.615798, 147.840798, 107.784798, 148.366798, 108.588798, 108.199512, 106.972512, 107.566512, 108.130512, 108.245511, 267.683511, 227.529511, 187.772511, 147.770511, 107.729511, 106.875511, 107.509511, 107.921219, 147.884219, 108.083219, 120.919538, 281.224322, 241.447322, 201.300322, 161.042322, 120.925322, 144.038002, 143.788002, 103.813002, 184.190554, 144.096554, 184.006554, 144.090554, 183.351554, 143.341554, 103.560554, 184.597554, 144.328554, 104.2694, 183.7004, 143.5804, 143.4124, 184.300869, 144.049869, 184.429869, 144.009869, 143.410869, 103.186639, 103.528639, 114.371676, 166.685899, 166.740478, 126.658478, 166.615478, 126.388478, 166.670478, 126.850778, 126.927844, 166.078844, 126.134844, 166.919532, 126.931532, 166.707268, 126.951268, 165.948268, 125.989268, 167.442866, 127.465866, 165.568061, 125.470061, 193.887835, 154.029835, 114.172835, 194.400137, 154.527691, 114.862625, 193.98477, 154.240896, 114.281986, 193.983347, 153.941501, 113.26072, 73.264091, 194.83096, 154.86743, 114.873296, 194.001029, 154.194879, 155.235991, 115.531531, 153.505445, 113.331117, 73.730988, 153.340583, 113.297421, 194.062767, 154.348411, 194.177404, 153.786831, 113.723215, 194.026972, 154.160826, 194.353954, 154.211497, 154.247184, 114.341753, 74.310383, 192.876622, 152.809846, 112.687498, 114.486883, 193.183421, 153.221924, 113.433562, 154.034349, 114.169664, 234.775469, 194.795628, 154.718927, 114.873575, 194.511313, 154.565921, 114.602456, 194.160707, 154.119343, 114.162478, 74.081535, 234.649135, 194.589728, 154.550871, 114.664472, 194.956698, 155.088948, 115.044241, 234.157435, 194.485657, 154.541492, 114.584324, 194.240283, 154.496799, 194.790931, 154.626313, 114.358897, 194.259313, 154.098817, 113.975817, 73.958575, 233.958565, 193.874038, 153.664287, 113.158202, 194.395441, 154.516754, 114.746444, 234.149839, 194.259224, 154.136454, 113.87328, 193.560646, 153.677032, 113.798742, 154.684683, 114.883722, 235.154349, 195.350771, 155.064143, 115.417168, 154.707397, 114.335763, 234.753282, 194.419296, 154.258011, 114.267391, 133.196271, 93.028169, 133.51316, 93.15885, 93.37027, 132.632927, 133.64402, 133.35063, 132.584137, 92.582995, 92.689641, 133.628275, 93.628631, 92.230442, 133.55919, 93.41278, 133.027333, 93.149917, 92.777605, 133.076195, 93.015717, 93.533068, 134.165054, 133.25798, 93.377351, 93.832015, 132.987649, 93.614054, 93.684221, 93.330653, 133.010928, 92.939637, 93.40661, 166.651699, 167.294699, 166.600699, 167.128699, 165.977699, 165.112699, 165.129699, 167.507699, 165.436699, 165.295699, 166.590103, 167.852103, 165.658103, 171.670228, 237.298858, 236.294981, 236.261548, 237.039235, 237.191695, 236.966305]
sync delay = 144.604149477
out notify interest = 6789.0
out beacon = 20988.0
out data interest = 5835.0
out bundled interest = 1555.0
out data = 8444.0
out ack = 11239.0
out bundled data = 1843.0
collision rx = 141.954545455
collision tx = 17.3181818182
cache hit = 5902.0
cache hit special = 875.0
retx_notify_interest = 521.0
retx_data_interest = 110.0
retx_bundled_interest = 834.0
state sync duration = 146.566530177
data availability = 1.0
[85.555529, 85.575529, 85.635529, 85.605529, 85.702804, 85.692804, 122.774515, 123.064515, 122.784515, 122.804515, 122.764515, 122.814515, 122.797186, 123.174796, 122.854796, 123.074796, 122.844796, 123.114796, 122.824796, 123.129974, 123.259974, 123.209974, 122.879974, 123.07759, 123.15759, 123.19759, 122.84759, 122.87759, 123.20759, 123.10759, 123.16759, 91.82635, 92.09135, 91.80435, 93.153157, 93.126157, 93.152157, 93.331157, 132.796227, 132.766227, 133.096227, 93.013227, 132.776227, 93.001227, 132.786227, 92.608227, 132.756227, 132.746227, 92.842227, 93.23766, 113.013438, 152.856438, 112.775438, 152.846438, 112.616438, 113.151438, 112.576159, 113.237159, 73.232159, 112.744159, 73.158159, 152.892159, 112.825159, 113.039161, 72.923161, 113.013161, 73.001161, 113.239161, 112.828161, 73.115161, 152.894319, 112.751319, 112.691319, 112.538319, 112.734319, 73.290319, 112.997243, 152.860243, 113.038243, 72.955243, 152.890243, 112.871243, 113.978513, 113.862513, 113.904513, 114.091513, 113.882513, 113.755014, 114.010742, 113.847742, 113.882742, 114.474952, 74.891952, 114.131952, 113.495787, 114.242787, 92.513452, 92.305452, 92.210452, 132.180413, 92.389413, 132.201413, 92.182413, 132.099413, 92.182413, 132.112413, 92.129413, 92.738221, 91.963221, 131.756121, 91.610121, 92.310121, 132.419121, 92.531121, 92.587483, 92.821483, 92.388483, 132.175379, 92.113379, 173.786206, 214.179863, 174.192863, 134.426863, 94.776863, 213.906863, 174.008863, 134.138863, 94.124863, 134.094863, 94.055863, 94.279887, 213.763887, 173.995887, 134.127887, 213.951956, 174.210956, 134.397956, 94.522956, 94.340956, 94.007678, 94.87462, 213.98462, 173.83262, 133.65762, 93.67962, 213.85062, 174.03862, 134.43062, 94.52362, 174.447985, 134.614985, 94.669985, 134.303985, 134.409555, 94.634555, 174.322555, 134.539555, 213.892555, 174.330555, 134.047555, 93.982555, 134.314152, 94.314152, 93.979438, 174.378438, 134.533438, 143.815047, 143.921047, 143.70327, 154.704473, 114.808473, 114.719473, 154.791024, 114.813099, 114.192099, 115.291204, 115.531204, 114.545204, 154.989233, 115.181233, 125.32495, 85.79895, 125.32695, 85.43195, 84.58095, 125.15395, 84.83895, 85.25995, 85.72295, 125.062321, 85.255321, 124.892321, 85.028321, 96.899714, 97.092836, 145.302773, 104.981773, 264.713773, 224.785773, 184.700773, 144.495773, 104.677773, 65.082773, 264.581773, 224.570773, 184.630773, 105.036159, 65.252159, 104.811159, 144.82692, 104.78892, 104.57092, 264.75692, 224.80892, 185.08392, 144.98992, 105.24392, 104.711675, 105.183675, 104.827675, 65.004152, 264.903152, 224.694152, 184.476152, 144.309152, 104.096152, 264.862152, 225.136152, 185.136152, 145.350152, 105.556152, 105.543152, 105.449074, 222.720853, 182.553853, 142.605853, 102.440853, 182.699549, 142.873549, 102.704549, 183.102549, 143.483549, 182.691549, 142.616549, 182.904549, 182.909301, 142.754301, 102.555301, 183.089301, 143.135301, 142.566893, 182.817893, 142.875893, 182.424893, 142.127893, 143.212893, 143.388997, 103.201008, 142.561289, 102.626289, 114.249854, 313.644568, 273.824568, 233.929568, 193.743568, 154.127568, 113.874003, 166.100306, 124.807306, 165.259836, 125.546836, 85.532836, 165.650836, 125.608836, 85.327836, 165.128836, 164.535108, 124.781108, 84.765108, 124.814108, 84.924108, 165.243108, 124.842108, 125.717578, 85.467578, 85.02307, 164.36807, 124.03707, 83.73907, 165.641424, 164.967623, 124.902623, 125.650623, 85.757623, 221.193022, 181.226022, 140.919022, 101.198022, 61.281022, 140.592022, 100.439022, 60.456022, 220.982022, 180.750022, 221.413063, 181.475063, 141.729063, 101.911063, 180.661063, 140.740063, 100.580063, 100.267063, 60.258063, 180.690063, 220.929356, 180.814356, 141.129356, 100.774356, 141.143356, 101.368356, 141.089356, 101.033356, 140.868975, 100.676975, 140.411975, 100.572975, 60.721975, 180.699975, 140.804975, 100.763975, 141.325975, 101.246975, 181.387891, 141.294891, 180.701891, 141.002891, 101.085891, 181.240891, 141.332891, 181.037115, 140.709115, 100.886115, 140.110115, 100.249115, 60.157115, 141.269115, 101.160115, 61.121115, 181.437999, 141.614999, 101.578999, 61.493999, 181.053999, 141.180999, 100.659999, 181.344999, 141.424999, 180.692198, 140.431198, 100.406198, 181.424198, 141.258198, 101.290198, 100.569198, 181.268198, 141.361198, 140.91853, 100.98153, 220.84653, 180.62553, 140.63253, 179.935237, 140.017237, 220.739237, 181.044237, 141.042237, 100.756237, 101.560237, 141.096352, 101.032352, 180.645352, 140.742352, 220.046352, 179.824352, 140.065352, 140.915101, 100.923101, 180.539101, 140.422101, 100.948101, 180.966101, 140.991101, 100.903101, 100.146308, 180.358308, 140.293308, 100.626308, 61.163308, 93.498366, 133.002366, 92.789366, 92.899366, 93.267366, 93.123366, 133.293366, 93.315366, 133.643366, 132.261881, 92.399881, 93.818881, 133.448881, 93.387881, 93.517881, 133.812881, 93.847881, 92.921881, 93.530881, 93.334133, 93.118133, 93.172133, 149.745571, 149.552571, 149.145571, 149.466571, 149.877571, 149.715571, 149.547571, 149.494571, 148.903571, 150.717648, 149.044648, 149.248648, 150.352648, 168.921318, 166.887125, 168.337932, 167.838709, 167.951913, 168.430655, 168.691566]
sync delay = 131.342121252
out notify interest = 7624.0
out beacon = 20974.0
out data interest = 5807.0
out bundled interest = 1581.0
out data = 8236.0
out ack = 13375.0
out bundled data = 1739.0
collision rx = 247.204545455
collision tx = 16.1363636364
cache hit = 6537.0
cache hit special = 964.0
retx_notify_interest = 835.0
retx_data_interest = 184.0
retx_bundled_interest = 625.0
state sync duration = 131.588082768
data availability = 1.0
[39.74297, 39.63297, 39.76297, 39.75297, 39.62297, 39.69297, 84.875677, 84.893483, 84.968618, 84.8813, 85.113696, 85.187397, 85.08742, 84.926612, 85.048813, 84.94918, 84.926588, 82.300403, 82.211403, 122.117403, 82.186403, 82.560403, 82.383403, 122.147403, 81.922403, 82.428403, 122.077403, 82.256403, 122.128164, 81.954164, 122.328164, 82.366164, 122.098164, 81.842164, 122.368164, 82.579164, 122.138164, 82.490164, 122.508164, 82.273164, 122.398164, 82.516164, 122.169355, 82.308355, 122.399355, 82.177355, 122.099355, 82.320355, 122.429355, 82.350355, 122.199355, 82.001355, 122.479355, 122.206657, 82.449657, 82.272657, 122.466657, 82.774657, 122.126657, 82.022657, 122.486657, 82.509657, 122.146657, 81.911657, 82.171657, 58.92831, 59.15631, 59.46631, 58.36831, 58.77731, 99.00531, 59.17931, 58.76831, 58.51631, 58.77931, 138.878016, 98.760016, 58.843016, 98.864016, 58.860016, 138.868016, 98.715016, 58.815016, 98.915016, 58.454016, 59.56069, 58.90669, 59.39869, 98.88469, 59.04869, 58.51069, 58.40769, 59.29969, 98.59369, 58.55869, 59.07969, 138.935453, 98.906453, 59.030453, 138.885453, 98.985453, 59.263453, 58.780453, 138.895453, 98.941453, 59.076453, 138.925453, 98.667453, 58.711453, 72.238429, 71.686429, 72.066429, 72.519048, 112.008918, 72.031918, 92.431838, 91.893838, 92.366136, 92.346136, 92.163136, 92.295136, 91.921136, 92.57644, 93.25744, 92.076871, 92.063871, 92.337871, 92.442465, 92.030465, 56.749201, 97.044201, 96.088201, 56.435201, 56.467201, 56.805201, 136.645519, 96.608519, 56.474519, 96.201519, 136.674519, 96.702519, 56.781519, 136.607519, 96.944519, 56.858519, 96.133519, 56.669306, 136.550306, 96.221306, 55.788306, 137.233868, 96.952868, 56.763868, 96.797868, 96.576868, 97.141868, 57.252868, 57.250868, 137.124067, 97.183067, 97.690067, 136.911067, 96.947067, 136.909428, 97.061428, 57.031428, 136.847428, 97.209428, 137.083428, 97.119428, 57.004428, 57.217572, 81.886654, 82.397565, 80.894565, 81.446447, 81.522746, 113.123241, 73.386241, 113.052299, 112.247299, 72.635848, 112.884848, 112.550848, 111.866837, 111.983837, 72.677837, 112.507585, 72.996585, 72.819796, 123.261692, 243.128692, 203.197692, 163.101692, 122.745692, 83.514692, 243.048692, 203.023692, 163.274692, 123.267692, 243.245692, 203.451692, 163.060692, 122.852692, 123.810776, 123.666776, 123.489776, 123.323776, 122.715776, 123.127776, 82.979776, 84.550776, 82.699776, 243.016265, 203.160265, 163.150265, 123.353265, 83.044265, 82.565265, 122.856265, 162.931265, 123.289265, 83.300265, 243.31175, 203.13175, 162.94375, 123.06975, 242.65475, 202.91275, 162.81775, 122.93675, 83.45475, 64.249836, 104.201836, 103.425836, 102.979836, 62.974836, 103.920836, 64.127836, 104.240836, 103.450836, 63.820836, 104.407391, 103.760391, 103.682391, 104.236391, 64.314391, 103.819391, 64.179391, 103.936391, 103.480391, 65.040502, 64.162502, 104.069502, 144.427502, 104.407502, 64.595502, 103.729502, 63.590502, 104.094502, 104.218502, 103.606471, 103.877471, 103.846471, 103.649471, 64.037471, 104.410471, 104.239471, 64.104471, 103.961471, 111.355529, 71.188529, 111.980529, 72.003529, 111.579529, 71.561529, 111.846899, 71.883899, 111.453899, 71.511899, 111.733899, 71.788899, 72.141004, 72.554004, 111.705161, 71.755161, 71.526986, 42.525169, 43.326169, 41.646625, 42.452625, 41.993625, 42.074625, 42.634625, 41.788669, 176.97348, 137.14448, 96.85548, 56.94648, 175.94248, 136.15748, 96.29048, 137.65648, 97.56048, 176.067208, 136.096208, 95.925208, 136.802208, 96.966208, 56.898208, 176.550208, 136.629208, 96.627208, 176.660439, 136.976439, 96.913439, 136.534439, 96.501439, 56.476439, 57.594439, 215.613439, 175.941439, 177.217937, 137.247937, 97.484937, 137.185937, 96.830937, 56.954937, 177.082937, 137.231937, 135.86028, 95.93928, 176.51528, 136.72128, 96.66328, 56.78128, 137.04728, 97.28328, 57.64528, 96.930994, 57.339994, 216.574994, 176.874994, 136.594994, 96.615994, 176.760994, 136.556994, 96.532994, 177.329075, 137.157075, 97.219075, 175.810075, 135.939075, 95.926075, 55.540075, 96.677075, 56.556075, 56.617544, 216.343544, 176.477544, 136.402544, 96.350544, 136.898544, 97.072544, 57.000544, 136.972544, 136.018085, 96.192085, 176.586085, 136.539085, 96.345085, 176.424085, 136.169085, 96.139085, 96.904094, 177.051094, 137.025094, 97.311094, 177.281094, 137.004094, 96.782094, 176.513978, 136.484978, 96.484978, 177.066978, 137.341978, 97.200978, 136.941305, 97.004305, 56.709305, 216.997305, 176.846305, 136.779305, 96.795305, 57.176305, 96.372305, 217.152112, 177.006112, 136.943112, 96.870112, 217.024112, 177.199112, 137.312112, 97.151112, 56.581589, 178.035589, 138.127589, 98.049589, 57.944589, 176.651589, 136.539589, 96.362589, 93.289945, 92.045466, 92.240547, 91.862914, 93.266088, 93.294229, 92.903061, 93.126073, 93.681161, 91.730718, 91.813921, 92.388689, 93.081207, 92.5638, 114.995391, 114.916391, 114.234391, 114.818391, 114.672391, 114.403391, 116.089391, 113.961994, 132.58788, 133.126163, 132.212164, 133.225397, 132.915705, 132.323677]
sync delay = 105.297052955
out notify interest = 8471.0
out beacon = 20986.0
out data interest = 5673.0
out bundled interest = 1493.0
out data = 8476.0
out ack = 16820.0
out bundled data = 2169.0
collision rx = 215.409090909
collision tx = 53.0909090909
cache hit = 7414.0
cache hit special = 1218.0
retx_notify_interest = 635.0
retx_data_interest = 218.0
retx_bundled_interest = 340.0
state sync duration = 105.258764384
data availability = 1.0
[37.240363, 37.270363, 37.190363, 37.340363, 37.330363, 37.210363, 37.200363, 37.320363, 51.825305, 51.881127, 51.871127, 52.071127, 51.841127, 51.951127, 52.131127, 52.081127, 51.851127, 51.861127, 76.05297, 115.88397, 75.34297, 75.80897, 75.71397, 76.05797, 115.818514, 75.832514, 116.038514, 75.903514, 115.808514, 76.050514, 115.778514, 76.166514, 36.264514, 115.798514, 75.480514, 116.028514, 76.284514, 116.118514, 75.981968, 75.979968, 76.023968, 115.788968, 75.932968, 36.306968, 115.868968, 75.943968, 76.354968, 76.091282, 115.868282, 75.856282, 116.168282, 75.942282, 115.838282, 75.713282, 116.068282, 76.180282, 116.048282, 75.999282, 76.257275, 116.006275, 76.156275, 76.479275, 76.208275, 116.256275, 76.185275, 36.445275, 116.026275, 115.848386, 75.771386, 116.048386, 76.055386, 115.938386, 75.745386, 116.158386, 76.281386, 75.999386, 116.180366, 76.248366, 116.070366, 76.253366, 115.850366, 75.711366, 76.177366, 115.940366, 75.937366, 58.645707, 57.842707, 58.280707, 58.308707, 57.961707, 58.270707, 58.765707, 58.455707, 58.594256, 58.119256, 58.504256, 58.375256, 58.408256, 58.450256, 59.009256, 58.680256, 58.775993, 57.974993, 58.621993, 57.842993, 58.231993, 58.236993, 59.044993, 58.668348, 58.916603, 71.237879, 71.600951, 70.578673, 71.746862, 71.644954, 71.095245, 70.87113, 70.876241, 70.883283, 84.171455, 85.275455, 84.527455, 84.512455, 84.681089, 84.092089, 85.171385, 85.019494, 44.717646, 45.206646, 45.385646, 45.468044, 45.344825, 49.796602, 129.970602, 90.401602, 50.497602, 130.141602, 89.798602, 50.082602, 89.722602, 90.105363, 89.561363, 89.701363, 90.180363, 130.086363, 49.929658, 169.785658, 129.789658, 89.599658, 49.560658, 50.011658, 90.173562, 50.191562, 129.823562, 89.798562, 49.487562, 89.461562, 50.548562, 129.900475, 89.650475, 49.410475, 169.730475, 129.856475, 90.017475, 129.411475, 90.416275, 169.823275, 129.884275, 130.021275, 50.573462, 169.791462, 129.949462, 89.501462, 49.851462, 49.642462, 169.741462, 129.664462, 130.346465, 90.329465, 50.295465, 90.484465, 90.373465, 50.534465, 130.349465, 90.454465, 49.96034, 129.74734, 89.75234, 49.50934, 169.88334, 129.89434, 50.81434, 50.181404, 50.869404, 27.174341, 27.225091, 26.574983, 44.894572, 45.275572, 85.168598, 85.460598, 85.072598, 85.552598, 125.548521, 85.746521, 45.791521, 84.557384, 84.696384, 85.385384, 124.874822, 84.955822, 125.036822, 85.015822, 125.182822, 125.357501, 85.411501, 44.921501, 125.284501, 85.393501, 85.401501, 45.203501, 85.255594, 125.477594, 85.540594, 52.611846, 51.585846, 52.542846, 91.794024, 51.936024, 52.093024, 92.238024, 52.443024, 52.70941, 51.782834, 91.715834, 51.798834, 91.681834, 52.648296, 52.801296, 51.788766, 52.808766, 54.572964, 55.368964, 54.019964, 54.772964, 54.287964, 54.190964, 54.864964, 55.126964, 47.215222, 47.750222, 46.288222, 47.899222, 47.272222, 46.417222, 47.371222, 47.711222, 47.579222, 46.653222, 86.895867, 86.586867, 86.521867, 87.116867, 47.509867, 86.508867, 47.957867, 87.571867, 47.027867, 46.711882, 87.081882, 47.147882, 86.489882, 46.287882, 86.528882, 46.066882, 87.025882, 46.972882, 87.264998, 47.284998, 47.204998, 46.599998, 47.299998, 87.260998, 47.297998, 87.386998, 47.203998, 47.038998, 47.590952, 87.359952, 47.602952, 87.352952, 47.353952, 66.567529, 76.922857, 76.877857, 92.1896, 90.944745, 90.843802, 91.480213, 91.911018, 91.193765, 91.298858, 58.585054, 58.534054, 57.465054, 59.246054, 57.801054, 97.924725, 98.344725, 97.748725, 98.233725, 57.844607, 58.123607, 58.605607, 58.601607, 98.948787, 97.754787, 59.413787, 59.069787, 58.175953, 57.788953, 58.671953, 58.613953, 57.691953, 58.211551, 57.572551, 59.247551, 58.647551, 58.535551, 58.774064, 57.747064, 57.818064, 58.640064, 57.633064, 59.303126, 65.377635, 65.479087, 65.273778, 66.472896, 65.922498, 65.086228, 24.913243, 25.540134, 25.352172, 26.115316, 25.03549, 65.640057, 66.628383, 26.283989, 26.474144, 25.31813, 66.974149, 26.906887, 26.57437, 29.904361, 29.878623, 29.973332, 31.268324, 30.052874, 29.947733, 30.334725, 133.691736, 93.496736, 53.610736, 93.339736, 53.351736, 52.263736, 134.391736, 94.429736, 54.563736, 93.479736, 132.889737, 92.575737, 52.495737, 133.737737, 93.635737, 53.398737, 52.135737, 132.642737, 92.759737, 52.691737, 53.107743, 93.062743, 53.012743, 52.409743, 93.018743, 52.865743, 92.752743, 52.500743, 53.225743, 53.731743, 93.029764, 53.106764, 132.835764, 92.510764, 52.539764, 133.191764, 92.676764, 52.675764, 94.106764, 54.088764, 52.739538, 93.097538, 53.332538, 93.758538, 54.039538, 53.937538, 93.401538, 53.521538, 93.541538, 53.649538, 133.6202, 93.6412, 53.7532, 53.4852, 93.6472, 53.5662, 53.4332, 94.0812, 53.8462, 93.9232, 53.804838, 92.399838, 52.369838, 92.284838, 52.039838, 53.464838, 93.955838, 53.899838, 92.999838, 53.086838, 53.870903, 93.767903, 53.395903, 134.175335, 134.821148, 135.448275, 135.420179, 134.731138, 136.739191]
sync delay = 74.5789080227
out notify interest = 9881.0
out beacon = 20975.0
out data interest = 5746.0
out bundled interest = 1636.0
out data = 9632.0
out ack = 20862.0
out bundled data = 2307.0
collision rx = 290.75
collision tx = 66.1818181818
cache hit = 9550.0
cache hit special = 1948.0
retx_notify_interest = 734.0
retx_data_interest = 276.0
retx_bundled_interest = 1253.0
state sync duration = 75.4125322824
data availability = 1.0
[31.393629, 31.373629, 31.403629, 31.413629, 31.543629, 31.443629, 31.523629, 31.293629, 31.533629, 31.303629, 31.263629, 31.493629, 31.503629, 31.273629, 31.283629, 31.473629, 31.253629, 31.587345, 115.145093, 75.048093, 34.630093, 115.135093, 75.057093, 34.954093, 115.365093, 115.332144, 75.044111, 115.370007, 75.385007, 115.590007, 115.351694, 75.591029, 35.607029, 115.396029, 75.486029, 115.376029, 75.530029, 35.707029, 75.551571, 75.201223, 35.316223, 35.65355, 115.332218, 75.375815, 35.372937, 115.568195, 75.570168, 115.349037, 75.112609, 34.978158, 115.383135, 75.204612, 115.680767, 75.536714, 35.616651, 115.465355, 75.685926, 115.766951, 75.810708, 115.69362, 75.803629, 115.472006, 75.385687, 115.469539, 75.657871, 115.705677, 75.770724, 35.938396, 115.767024, 75.58048, 115.552806, 75.426696, 115.813097, 75.377683, 75.775027, 35.770316, 75.869409, 36.039816, 75.85255, 35.90595, 75.820972, 35.742283, 75.923548, 115.612883, 75.706381, 76.110007, 36.399209, 115.664483, 75.781795, 75.959161, 36.128991, 115.622854, 75.605202, 35.718164, 75.761558, 35.803341, 75.855131, 36.157971, 75.886603, 76.248232, 36.389926, 75.747218, 55.413958, 55.561958, 55.703958, 55.702674, 56.057674, 55.907674, 55.687674, 55.914675, 55.227675, 95.683244, 96.037244, 136.293244, 96.241244, 95.636244, 56.046477, 55.792477, 56.268477, 56.098477, 56.127477, 56.445477, 96.148477, 96.10371, 95.61871, 96.43171, 96.04171, 136.119877, 95.918877, 135.781877, 95.780877, 56.115877, 136.012877, 95.827877, 96.196877, 56.013718, 56.143718, 136.134718, 96.355718, 56.202718, 136.048718, 95.848718, 69.517225, 70.350225, 70.292225, 69.238225, 69.718225, 69.525018, 69.835018, 69.240018, 69.154018, 69.359018, 69.854018, 69.627774, 70.174774, 70.312774, 69.817774, 69.757774, 69.155774, 69.37423, 69.84323, 69.95923, 70.20323, 69.45423, 70.192489, 69.509489, 68.855489, 69.168489, 69.437489, 41.556825, 41.953825, 41.703825, 41.394825, 41.770825, 41.239825, 41.820279, 41.065279, 41.812279, 41.782279, 41.042279, 41.340271, 40.588271, 41.002271, 41.241271, 42.255271, 42.069088, 41.018088, 41.139088, 41.531088, 41.626992, 41.849992, 41.073992, 41.095992, 47.404485, 47.950847, 48.130454, 48.960398, 48.581418, 8.545418, 48.368418, 7.986418, 48.709418, 7.962072, 9.078072, 87.951072, 47.719072, 7.759072, 88.285072, 48.163072, 9.014427, 48.590427, 8.827427, 8.740427, 48.300427, 8.278427, 48.694427, 8.533427, 8.569427, 8.397422, 48.527422, 8.543422, 88.277422, 48.664422, 8.698422, 88.766422, 8.505799, 8.753076, 48.963082, 8.831082, 9.153154, 8.712032, 88.717659, 48.818702, 8.799156, 88.473119, 48.474514, 8.310834, 8.538238, 9.318153, 48.658287, 8.405879, 8.462017, 48.750147, 9.027961, 9.125591, 88.863055, 48.95351, 8.888439, 19.14805, 18.386412, 18.495269, 19.317226, 18.556907, 18.288764, 19.36056, 19.57318, 26.288451, 25.651084, 25.978999, 26.18917, 26.756628, 26.867026, 25.870981, 25.528791, 45.490125, 44.482125, 45.321125, 45.659125, 45.787125, 46.218125, 45.076125, 44.915125, 45.225125, 45.547125, 45.996972, 46.385972, 46.012972, 45.344972, 45.979972, 45.872972, 45.408972, 45.104972, 45.505972, 46.148293, 44.912293, 45.662293, 45.909293, 46.180293, 44.876293, 44.722293, 45.433703, 45.196703, 45.587703, 45.894703, 45.161703, 45.658703, 45.359703, 45.884703, 45.377211, 52.338401, 51.729401, 52.149401, 51.991401, 52.946401, 51.968401, 52.074401, 52.956307, 53.096307, 17.458983, 17.453983, 16.75206, 17.55606, 33.614864, 32.56885, 32.851717, 32.783426, 33.125558, 33.314982, 33.769139, 50.282467, 54.886716, 14.994716, 55.206716, 15.076716, 55.591716, 55.577716, 56.140716, 16.120716, 56.45338, 55.839868, 15.898868, 56.366868, 16.139868, 55.737868, 15.622868, 55.247868, 15.146868, 55.170327, 55.359327, 15.375327, 54.206327, 14.010327, 55.728203, 15.737203, 55.187203, 15.230203, 55.191203, 15.236203, 54.78291, 14.52691, 55.28291, 55.91591, 56.21691, 55.19991, 55.038696, 16.943968, 16.518968, 15.019968, 16.732968, 55.436968, 15.267968, 16.310968, 16.616968, 16.964968, 56.168968, 56.406821, 16.411821, 57.123821, 16.749821, 56.792821, 16.852821, 56.609821, 16.523821, 56.659821, 16.616821, 16.236652, 56.518652, 16.496652, 56.172652, 16.248652, 55.868652, 15.702652, 90.413014, 50.216014, 91.632014, 51.874014, 90.679014, 50.610014, 90.363014, 50.130014, 51.046014, 50.207014, 50.379158, 50.220158, 49.458158, 51.278158, 51.088158, 50.557158, 49.268158, 50.103158, 50.312158, 50.859158, 89.832133, 50.082133, 50.729133, 89.938133, 50.004133, 90.177133, 49.969133, 49.664133, 90.371133, 50.149805, 50.030805, 50.880805, 50.297805, 50.542805, 89.948805, 90.277805, 50.399805, 51.246805, 51.080652, 50.291652, 90.472652, 50.520652, 51.398652, 50.793652, 90.184652, 50.279652, 91.112652, 51.126652, 91.092962, 54.261844, 53.632197, 53.182218, 129.403147, 129.022789, 129.608753, 129.910755, 129.459298, 130.184486]
sync delay = 54.9780994386
out notify interest = 11297.0
out beacon = 20964.0
out data interest = 5830.0
out bundled interest = 1493.0
out data = 10636.0
out ack = 25260.0
out bundled data = 2157.0
collision rx = 425.454545455
collision tx = 80.8863636364
cache hit = 12302.0
cache hit special = 3145.0
retx_notify_interest = 871.0
retx_data_interest = 354.0
retx_bundled_interest = 644.0
state sync duration = 55.5206263349
