data availability = 1.0
[261.782539, 221.798539, 261.552539, 221.285539, 261.612539, 261.812539, 261.551038, 221.556038, 261.581038, 221.593038, 261.811038, 221.808038, 261.571038, 221.610038, 261.611038, 261.631038, 261.641038, 261.607923, 261.547923, 221.613923, 261.657923, 261.877923, 221.784923, 261.597923, 221.417923, 209.655332, 209.607332, 289.690332, 289.720332, 249.762332, 289.585221, 289.625221, 289.605221, 289.595221, 289.665221, 289.555221, 289.635221, 289.525221, 289.535221, 289.545221, 289.575221, 289.565221, 289.705221, 289.618497, 192.00637, 271.57637, 231.66937, 271.79737, 311.958001, 271.529001, 231.768001, 271.991001, 232.044001, 191.968001, 231.815001, 192.035001, 310.493908, 270.378908, 310.492908, 270.263908, 310.598981, 270.946981, 310.786981, 270.624981, 310.7004, 271.0794, 310.2724, 270.5414, 310.605046, 270.563046, 330.734832, 290.948832, 251.250832, 370.290832, 410.64149, 370.78549, 330.77249, 291.12049, 251.47449, 370.45949, 330.63949, 290.57649, 330.090533, 290.217533, 289.902533, 370.416708, 330.390708, 290.737708, 370.518709, 330.141709, 289.945709, 291.076984, 251.052984, 370.276984, 330.564984, 290.612984, 371.022431, 330.749974, 290.863668, 466.237379, 426.54944, 386.339813, 346.232708, 306.278898, 307.112178, 467.49899, 427.352144, 387.667457, 347.571593, 307.454837, 467.555788, 427.674644, 388.223881, 348.222706, 308.168918, 348.055621, 307.980924, 468.213884, 428.367769, 388.17146, 347.757734, 307.388407, 468.370299, 428.411344, 388.751887, 348.804958, 308.941788, 469.486732, 429.557593, 389.998522, 350.237175, 309.951594, 390.867649, 350.776649, 391.444832, 351.264832, 351.263832, 311.152832, 271.048832, 231.139832, 391.162231, 350.906231, 311.092231, 271.382231, 231.586231, 350.843936, 310.759936, 270.619936, 390.918936, 350.967936, 351.234192, 391.095662, 351.002662, 390.948662, 350.980662, 312.014662, 272.236662, 390.943274, 350.857274, 331.213463, 291.266463, 250.939463, 449.701463, 409.626463, 369.691463, 329.357463, 289.760463, 249.900463, 450.364463, 410.649463, 371.091463, 331.138463, 291.298463, 251.454463, 211.511463, 210.542303, 450.318303, 410.506303, 370.657303, 330.792303, 290.504303, 250.521303, 210.378303, 370.416303, 330.353303, 290.381303, 250.600303, 371.009021, 331.234021, 291.328021, 251.097021, 210.422369, 410.753369, 371.072369, 331.171369, 291.293369, 251.176369, 450.716369, 410.959369, 370.833369, 330.775369, 290.324369, 211.394867, 370.397867, 330.472867, 290.376867, 250.541867, 290.406867, 250.221867, 210.701867, 450.865867, 410.780867, 371.165867, 331.088867, 290.939867, 249.908363, 209.822363, 370.750363, 330.448363, 290.347363, 250.400363, 251.950363, 211.811363, 250.982247, 210.868247, 370.843247, 331.038247, 290.977247, 250.884247, 450.800247, 410.622247, 370.708879, 370.451879, 330.368879, 290.430879, 250.708879, 450.595879, 410.860879, 370.528879, 330.933879, 290.780373, 251.217373, 211.226373, 407.340418, 367.070057, 326.889524, 286.417333, 246.700614, 367.09051, 327.226152, 286.886692, 246.764637, 287.025371, 366.665639, 327.016307, 287.291565, 247.670599, 365.894635, 326.030302, 285.816414, 245.982843, 366.791367, 327.346031, 287.399425, 247.55321, 366.689726, 326.633752, 286.765772, 246.848058, 326.85294, 366.627944, 326.664368, 286.741503, 246.858617, 367.642736, 327.764362, 288.005691, 287.358368, 287.824323, 286.354675, 288.38322, 287.522343, 287.372952, 346.260803, 346.194803, 386.623732, 346.426732, 619.293633, 579.150633, 538.882633, 498.978633, 459.219633, 619.744633, 579.827633, 539.908633, 500.035633, 460.434633, 619.569633, 579.759633, 540.040633, 499.960131, 459.854131, 619.450131, 579.700131, 539.444131, 499.591131, 459.725131, 460.208131, 500.279131, 460.084131, 460.832131, 619.731816, 579.843816, 539.906816, 499.793816, 459.903816, 619.507816, 579.576816, 539.529816, 499.475816, 459.491816, 620.278816, 579.971284, 539.749284, 499.844284, 459.741284, 516.333316, 476.504142, 516.337844, 476.471278, 516.042637, 476.102517, 515.919946, 476.254564, 516.501235, 476.668384, 516.966741, 477.226137, 515.873865, 475.862281]
sync delay = 345.917573226
out notify interest = 33969.0
out beacon = 0.0
out data interest = 3454.0
out bundled interest = 750.0
out data = 4338.0
out ack = 42111.0
out bundled data = 608.0
collision rx = 280.470588235
collision tx = 0.647058823529
cache hit = 2696.0
cache hit special = 452.0
retx_notify_interest = 11931.0
retx_data_interest = 221.0
retx_bundled_interest = 320.0
state sync duration = 347.147653331
data availability = 1.0
[196.006779, 195.976779, 196.00431, 196.25431, 155.94731, 196.02431, 195.99431, 196.20431, 196.17431, 156.09031, 196.03431, 261.792304, 221.662304, 261.789905, 221.664905, 261.819905, 221.827905, 262.049905, 222.444905, 261.809905, 222.119905, 261.837771, 221.806771, 261.787771, 221.729771, 207.969944, 207.013944, 287.342944, 247.617516, 207.781516, 287.279149, 287.289149, 287.409149, 287.299149, 287.319149, 287.329149, 287.309149, 287.349149, 247.140149, 207.291149, 287.369149, 287.259149, 287.239149, 287.249149, 287.269149, 287.339149, 287.229149, 287.419149, 247.518149, 207.520149, 287.405175, 247.215175, 207.444175, 190.73319, 270.326868, 230.518888, 190.57551, 271.374074, 231.655353, 191.654569, 230.598627, 190.668627, 309.388627, 269.306627, 309.738617, 269.817617, 309.972617, 270.057617, 309.630257, 269.531257, 310.023257, 230.079767, 190.278767, 309.933767, 269.946767, 309.520721, 269.419721, 229.707689, 270.216982, 230.411982, 190.252982, 230.003982, 189.871982, 369.992698, 330.466698, 290.725698, 371.919116, 331.68071, 291.979258, 372.659084, 332.719827, 292.831054, 373.082276, 333.047505, 293.173756, 373.971264, 333.871276, 293.976289, 294.195217, 375.442095, 335.15263, 295.153333, 463.542775, 423.711775, 383.892775, 343.851775, 303.918775, 463.373105, 423.387105, 383.389105, 343.125105, 303.517105, 342.807105, 302.923105, 262.847105, 304.16334, 223.824156, 344.70239, 304.771358, 264.781448, 224.679522, 344.411624, 303.991853, 264.469046, 224.343639, 345.077648, 305.079568, 265.079204, 225.323576, 344.796379, 304.918877, 264.848392, 224.791688, 344.082047, 304.251643, 264.316061, 224.498694, 464.026014, 424.318144, 384.169972, 344.18884, 304.210632, 344.554992, 304.560255, 264.570058, 224.436013, 464.476583, 424.438531, 384.8415, 345.175297, 304.884429, 344.856775, 304.887435, 264.798919, 224.852897, 464.448418, 424.660054, 384.680316, 344.749292, 305.011681, 464.62211, 424.6133, 384.787214, 344.793359, 304.694686, 429.669903, 389.431887, 349.454592, 309.644114, 269.733683, 229.590877, 189.626136, 429.635704, 389.775325, 349.273622, 308.949622, 268.922768, 228.924789, 429.557537, 389.375322, 349.100032, 309.015979, 269.247984, 229.27056, 189.28418, 189.604766, 391.115851, 351.209851, 431.399851, 391.710851, 351.576851, 391.337851, 351.520851, 312.569851, 272.609851, 232.727851, 192.641851, 190.656126, 431.376126, 391.510126, 351.564126, 311.701126, 271.676126, 231.789126, 191.707126, 311.610126, 271.811126, 231.984126, 191.983126, 431.401126, 391.238126, 350.948126, 311.126801, 271.140145, 231.320359, 191.465568, 352.959492, 312.837189, 431.864586, 392.381202, 352.497285, 312.506913, 272.454304, 232.181393, 192.253458, 392.362571, 352.552453, 352.597578, 312.624183, 273.042236, 233.297296, 392.741056, 352.769025, 313.153466, 273.064907, 233.077167, 193.153092, 392.507922, 352.578469, 391.990654, 352.003042, 352.585189, 312.473782, 272.277103, 366.574755, 326.327755, 326.247755, 366.960617, 326.932617, 286.950617, 246.901617, 366.311617, 326.605617, 286.728617, 246.744617, 367.203838, 327.251838, 286.895838, 247.267838, 287.623838, 366.429838, 326.647838, 366.873182, 327.245182, 287.451182, 247.421182, 366.742182, 326.722182, 286.953182, 246.831182, 286.627252, 246.816252, 366.701252, 326.623252, 286.221252, 245.704252, 286.010349, 286.346689, 284.724024, 285.680373, 285.639465, 284.752851, 286.007196, 343.881127, 383.788237, 343.796566, 345.454892, 498.637021, 458.846034, 619.008678, 578.600244, 538.614556, 498.474582, 458.886443, 617.920576, 577.894207, 537.864177, 497.757283, 457.703883, 619.039597, 579.244259, 539.291903, 499.44437, 459.148084, 459.536687, 618.92971, 578.836365, 538.990664, 499.210808, 459.256474, 459.761007, 618.796989, 578.68978, 538.576319, 498.685881, 458.784649, 618.507818, 578.198746, 538.245191, 498.192284, 457.839752, 619.034832, 578.839499, 538.933174, 498.677205, 458.330655, 515.243886, 475.592117, 515.218068, 475.395736, 514.797755, 474.874015, 515.86929, 475.873494, 514.412954, 474.605722, 515.87563, 475.508565, 514.925454, 474.758489]
sync delay = 333.203632968
out notify interest = 33385.0
out beacon = 0.0
out data interest = 3461.0
out bundled interest = 801.0
out data = 4862.0
out ack = 42566.0
out bundled data = 671.0
collision rx = 299.911764706
collision tx = 0.764705882353
cache hit = 2822.0
cache hit special = 482.0
retx_notify_interest = 11314.0
retx_data_interest = 242.0
retx_bundled_interest = 364.0
state sync duration = 332.729050936
data availability = 1.0
[196.388165, 196.368165, 196.358165, 196.86039, 157.05239, 196.89039, 157.04539, 196.94039, 196.694654, 196.924654, 157.249654, 196.724654, 196.714654, 261.497474, 221.358525, 261.572479, 221.821437, 261.576634, 221.590281, 261.642879, 221.624831, 261.905454, 222.032517, 261.707019, 221.767867, 261.795748, 221.371769, 206.610509, 166.594509, 286.692509, 206.718509, 286.772509, 246.950509, 246.734048, 206.98104, 207.151847, 287.733199, 287.750533, 287.833981, 247.868054, 287.890144, 287.784369, 287.796016, 287.809891, 287.871222, 287.955376, 248.079985, 287.974572, 247.939721, 287.954282, 248.232712, 288.072182, 248.467685, 208.287439, 248.178274, 208.195848, 168.055519, 288.479713, 248.526049, 288.697997, 248.591824, 208.541174, 288.841069, 249.002911, 188.612585, 268.914909, 228.715909, 188.884909, 229.579693, 189.453693, 229.527693, 189.559693, 309.483693, 269.259693, 309.129171, 269.258171, 189.062171, 309.287171, 269.471171, 229.667671, 309.417671, 269.152671, 309.164671, 269.371671, 271.543293, 231.584293, 191.602293, 310.801251, 270.719251, 368.258585, 328.017585, 287.983585, 247.931585, 207.578585, 368.593585, 328.756585, 288.893585, 249.204585, 368.149879, 328.112879, 288.004879, 247.707879, 207.560879, 288.412104, 329.416493, 289.325493, 329.698055, 289.849055, 369.443055, 329.347055, 289.137055, 249.386055, 209.021055, 210.137789, 329.640789, 289.687789, 369.359723, 329.424723, 289.722723, 249.779723, 209.763723, 329.789973, 289.698973, 329.861973, 290.101973, 369.352946, 329.285946, 289.001946, 248.875946, 208.745946, 249.578946, 209.507946, 329.634028, 289.902028, 282.283697, 242.228697, 202.171697, 162.233697, 282.151869, 242.203869, 202.214869, 162.231869, 282.389869, 242.528869, 202.461869, 282.872886, 242.692886, 202.608886, 162.224886, 162.417281, 282.514281, 242.269281, 202.189281, 162.435281, 282.325281, 242.640281, 202.585281, 162.553281, 281.884507, 241.846507, 202.051507, 161.843507, 202.128617, 242.761042, 180.29386, 219.657908, 179.668908, 180.277908, 179.984461, 180.035628, 180.455628, 428.001363, 388.126363, 348.365363, 308.176363, 267.961363, 227.832363, 187.366363, 427.786363, 387.482363, 346.740363, 427.53075, 387.48475, 347.12975, 306.89775, 267.29675, 227.50075, 187.57575, 307.88175, 267.77375, 227.74475, 187.76875, 427.71375, 387.96575, 347.85975, 307.65675, 267.68675, 427.708698, 387.812698, 347.743698, 307.499698, 267.524698, 227.454698, 187.645698, 387.671698, 347.514698, 347.499698, 307.250698, 267.272698, 227.199698, 387.713698, 227.782587, 187.860587, 427.165587, 387.185587, 347.314587, 307.474587, 267.537587, 227.378587, 187.112587, 308.419587, 268.451587, 228.603587, 188.474587, 347.816587, 307.766587, 307.901055, 268.099055, 227.977055, 188.163055, 388.066055, 348.224055, 308.489055, 428.575055, 388.251055, 348.361055, 388.651055, 348.629055, 308.686055, 387.828055, 348.537663, 308.408663, 307.218663, 267.489663, 227.667663, 187.945663, 348.648663, 308.437663, 268.748663, 347.654189, 387.865189, 347.992189, 292.9633, 332.8923, 292.6983, 365.203845, 324.953845, 284.890845, 245.119845, 365.615845, 325.430845, 285.531845, 245.656845, 365.091845, 325.156845, 285.149845, 245.354845, 285.057625, 366.318625, 326.252625, 286.318625, 365.092007, 325.042007, 285.013007, 244.803007, 364.995007, 324.690007, 284.703007, 244.735007, 365.458007, 245.822634, 324.885634, 284.880634, 244.905634, 277.804619, 277.38401, 277.88501, 277.91401, 277.75001, 277.33601, 277.788218, 343.299344, 343.232344, 384.169344, 344.054344, 498.486135, 458.358135, 578.132135, 538.255135, 498.230135, 458.390135, 458.274135, 617.755135, 578.033135, 538.062135, 498.075135, 458.424135, 618.023747, 578.017747, 537.919747, 497.837747, 457.611747, 498.978747, 458.808747, 618.016747, 578.110747, 538.088747, 497.874747, 457.614747, 458.593348, 578.437348, 538.581348, 498.607348, 458.391348, 619.012348, 579.028348, 538.932348, 498.892348, 458.743348, 578.932348, 538.885348, 498.668246, 458.367246, 472.38193, 472.767233, 472.695048, 472.80563, 473.260169, 512.513973, 472.636006]
sync delay = 306.002288803
out notify interest = 32772.0
out beacon = 0.0
out data interest = 3331.0
out bundled interest = 794.0
out data = 4360.0
out ack = 43184.0
out bundled data = 666.0
collision rx = 301.941176471
collision tx = 0.941176470588
cache hit = 2721.0
cache hit special = 462.0
retx_notify_interest = 10649.0
retx_data_interest = 216.0
retx_bundled_interest = 328.0
state sync duration = 306.002288803
data availability = 1.0
[104.430856, 104.480856, 104.490856, 196.151074, 196.381074, 156.369074, 196.141074, 196.301074, 156.466074, 196.131074, 196.115465, 196.335465, 156.118465, 196.174282, 196.134282, 196.374282, 250.114567, 210.072567, 250.094567, 209.917567, 250.144567, 209.968567, 250.134567, 210.162567, 250.364567, 210.581567, 250.354567, 250.15251, 209.87551, 250.143052, 210.011052, 241.365791, 206.314598, 206.504598, 166.738598, 206.353598, 206.636598, 246.746598, 207.002598, 246.304598, 206.136598, 286.627598, 246.713598, 206.558598, 286.53277, 246.37477, 286.48277, 286.44277, 286.45277, 286.46277, 286.47277, 286.54277, 246.56577, 286.43277, 286.49277, 246.69377, 286.50277, 246.38977, 246.40177, 206.31277, 246.68677, 206.77277, 246.19877, 206.39077, 246.44777, 206.42077, 286.522817, 246.751817, 166.673817, 246.246817, 206.176817, 246.345817, 206.706817, 286.532817, 246.910817, 246.442817, 206.359817, 166.602817, 246.115341, 206.329341, 182.43246, 181.513569, 141.367516, 181.13163, 141.179675, 141.874058, 141.667739, 187.74383, 187.15383, 367.015784, 326.927784, 286.884784, 246.778784, 206.811784, 367.415784, 327.159784, 287.473784, 247.502784, 207.519784, 366.790784, 326.806784, 286.847784, 247.059784, 206.961784, 247.110784, 207.318784, 327.435718, 287.717718, 287.385718, 367.12141, 327.18141, 287.24141, 247.08241, 207.33241, 367.164382, 327.114382, 287.077382, 247.080382, 207.289382, 326.875382, 286.799382, 207.344513, 327.643513, 287.368513, 327.955406, 287.944406, 327.558406, 287.315406, 327.630522, 287.365522, 367.392522, 327.642522, 287.544522, 247.588522, 207.477522, 280.98535, 240.794071, 200.764535, 160.502307, 201.182617, 283.142344, 243.354344, 203.671344, 163.831344, 285.577334, 245.977681, 205.783531, 165.897298, 285.330125, 245.296294, 205.501739, 165.415079, 285.248161, 245.154077, 205.081605, 165.034806, 284.499053, 244.413733, 204.399045, 164.407551, 285.79823, 246.078575, 205.81619, 166.108598, 217.075279, 177.218279, 175.793288, 177.506869, 176.810869, 178.328869, 175.882203, 176.947203, 305.324408, 265.347408, 225.071408, 184.919408, 384.920408, 344.924408, 305.165408, 385.172408, 344.802408, 304.835408, 425.528408, 385.587408, 345.646408, 425.719428, 385.601428, 345.208428, 305.137428, 264.914428, 224.840428, 184.484428, 305.127428, 265.433428, 225.536428, 185.660428, 425.135428, 385.108428, 345.299428, 305.399428, 265.266638, 225.231638, 185.340638, 425.618638, 385.483638, 345.598638, 305.215638, 265.078638, 225.298638, 185.544638, 345.696638, 305.927638, 385.443222, 345.351222, 305.279222, 345.310222, 305.048222, 264.787222, 425.436143, 385.465143, 345.319143, 305.104143, 265.265143, 224.932143, 185.083143, 425.065143, 385.34023, 345.44323, 305.55323, 385.46123, 345.31623, 305.54223, 425.33223, 385.47823, 385.305109, 345.320109, 305.344109, 265.312109, 225.117109, 185.451109, 344.943109, 304.921109, 264.708109, 225.086109, 386.123109, 346.504109, 345.440676, 305.765676, 265.698676, 225.785676, 185.563676, 305.874676, 266.050676, 226.120676, 186.287676, 306.163676, 291.054826, 251.087826, 331.810826, 291.925826, 331.084767, 291.194767, 331.567767, 291.549767, 331.920767, 291.610767, 332.356485, 292.315485, 331.954485, 292.478485, 331.936485, 291.818485, 251.777485, 284.946537, 245.002631, 284.932131, 244.757757, 285.268108, 245.063236, 286.314889, 246.52568, 285.352676, 245.187169, 365.843067, 326.116185, 286.139767, 246.284853, 284.926483, 286.121846, 246.099841, 277.938273, 276.953253, 278.186661, 277.764793, 277.311426, 278.309662, 278.112427, 341.48603, 342.572476, 342.119068, 498.956792, 458.983792, 456.937792, 577.318792, 537.365792, 497.609792, 457.156792, 458.682792, 577.858792, 537.953792, 498.219792, 458.039792, 577.483319, 537.362319, 497.814319, 457.772319, 618.138319, 578.100319, 538.259319, 498.206319, 458.258319, 578.148319, 537.984319, 498.049319, 578.340444, 538.307444, 498.419444, 458.331444, 578.244444, 537.874444, 497.678444, 457.678444, 457.509444, 458.196444, 471.398181, 470.592762, 471.248387, 472.350708, 473.067621, 470.484544]
sync delay = 292.960232929
out notify interest = 30379.0
out beacon = 0.0
out data interest = 2995.0
out bundled interest = 776.0
out data = 4527.0
out ack = 29548.0
out bundled data = 990.0
collision rx = 163.558823529
collision tx = 17.2352941176
cache hit = 2848.0
cache hit special = 671.0
retx_notify_interest = 8173.0
retx_data_interest = 58.0
retx_bundled_interest = 2902.0
state sync duration = 293.489157473
data availability = 1.0
[102.056913, 102.106913, 102.116913, 193.935976, 194.240017, 194.460017, 154.501017, 194.414579, 154.640579, 194.234579, 194.230446, 194.458276, 154.504022, 194.554571, 194.335483, 195.266851, 244.608851, 204.550649, 244.659014, 204.736966, 244.723313, 204.870786, 244.992938, 204.840952, 244.795167, 204.718821, 244.809154, 204.607866, 245.067464, 244.977429, 205.03084, 240.86008, 244.977084, 204.955084, 205.348084, 204.837084, 164.774084, 205.461084, 165.355084, 205.145084, 285.067084, 245.083084, 244.997084, 204.791084, 285.043022, 245.074022, 284.993022, 285.023022, 244.985022, 284.973022, 285.013022, 284.983022, 285.003022, 285.033022, 244.910022, 285.053022, 245.054022, 284.963022, 285.063022, 245.055022, 245.076022, 205.127022, 244.897022, 204.881022, 245.163022, 205.127022, 285.179007, 244.391007, 204.369007, 244.844007, 204.876007, 245.070007, 205.067007, 164.704007, 244.801007, 245.283512, 205.324512, 245.525512, 205.683512, 204.690512, 179.652308, 180.342978, 140.695978, 139.682033, 179.123033, 139.101033, 180.558033, 140.258033, 186.810598, 326.305791, 286.648791, 326.126791, 286.296791, 326.136696, 286.037696, 286.505696, 326.291958, 286.349958, 326.370958, 286.353958, 366.079144, 326.004144, 286.037144, 245.779144, 205.529144, 366.255144, 326.310144, 286.294144, 246.669144, 366.178496, 326.407496, 286.395496, 246.587496, 206.547496, 206.560473, 366.240473, 326.168473, 286.304473, 246.403473, 206.379473, 366.497473, 326.576473, 286.240473, 246.447473, 206.204473, 366.339634, 326.417634, 286.304634, 246.281634, 206.092634, 246.603634, 206.536634, 206.526376, 326.791077, 286.711077, 278.987573, 238.940573, 198.924573, 158.950573, 279.941619, 239.749554, 199.871924, 159.825708, 200.087216, 279.801772, 239.593521, 199.679965, 159.891339, 279.793664, 239.959858, 199.619898, 159.631781, 280.379183, 240.655626, 200.683574, 160.849471, 280.203487, 240.208051, 200.228152, 160.50975, 279.944723, 239.981738, 199.626911, 159.629144, 172.239011, 212.898011, 173.024011, 171.624619, 171.608619, 172.843506, 173.137587, 173.369175, 303.384216, 263.646216, 223.589216, 183.948216, 144.217216, 383.971216, 343.711216, 303.659216, 264.539216, 224.480216, 264.242216, 424.384111, 384.725111, 345.028111, 304.656111, 264.252111, 224.423111, 183.948111, 423.920111, 383.630111, 343.510111, 303.895111, 264.266111, 224.702111, 184.756111, 344.135111, 224.054044, 264.149044, 224.450044, 263.262044, 223.512044, 264.638044, 304.234351, 264.054351, 223.881351, 184.004351, 424.799351, 384.954351, 345.051351, 305.119351, 265.131351, 225.189351, 185.572351, 264.580351, 224.459351, 224.577589, 344.725589, 304.578589, 264.334589, 224.485589, 184.169589, 144.084589, 384.841589, 344.692589, 304.709589, 344.378589, 184.3509, 144.4179, 424.0509, 384.1909, 344.2979, 303.9809, 264.1409, 224.4729, 184.3079, 305.1109, 264.6719, 224.5649, 184.9579, 424.3799, 304.204632, 264.026632, 224.020632, 184.053632, 384.909632, 344.832632, 305.090632, 424.668632, 384.769632, 344.795632, 305.095632, 264.827632, 224.548632, 184.884632, 384.305218, 344.532218, 304.596218, 264.366218, 224.222218, 184.133218, 384.247218, 344.258218, 304.515218, 303.753218, 263.535218, 223.532218, 183.885218, 264.759899, 224.818899, 383.880899, 344.081899, 304.116899, 424.619899, 384.690899, 344.890899, 384.822899, 344.625899, 304.950899, 143.698899, 209.919537, 249.523537, 209.222537, 250.552537, 210.343537, 249.494537, 209.679537, 250.174537, 209.953537, 209.701537, 250.441537, 250.391494, 210.338494, 210.262494, 274.660974, 395.404974, 355.335974, 315.389974, 275.673974, 394.776974, 354.797974, 314.644974, 275.49935, 276.17135, 274.46135, 274.69735, 274.96035, 395.38235, 355.10435, 315.08435, 274.93235, 395.45635, 355.52235, 315.21135, 274.555615, 394.378615, 354.173615, 314.131615, 274.265615, 435.288615, 395.562615, 355.841615, 315.618615, 275.621615, 394.500615, 275.310078, 275.237078, 314.789078, 274.991078, 354.200078, 314.040078, 274.007078, 341.820249, 467.77909, 469.414162, 468.549383, 468.058173, 468.976222, 469.0281]
sync delay = 265.065631068
out notify interest = 29665.0
out beacon = 0.0
out data interest = 3329.0
out bundled interest = 793.0
out data = 5220.0
out ack = 30087.0
out bundled data = 949.0
collision rx = 166.382352941
collision tx = 15.1176470588
cache hit = 3105.0
cache hit special = 661.0
retx_notify_interest = 7462.0
retx_data_interest = 58.0
retx_bundled_interest = 672.0
state sync duration = 267.941622115
data availability = 1.0
[97.968988, 97.918988, 97.984108, 193.607943, 193.767943, 153.795943, 193.587943, 193.830625, 194.060625, 154.009625, 194.040625, 193.810625, 193.847556, 193.802063, 194.022063, 153.753063, 233.841686, 193.680518, 234.080155, 194.017926, 233.924003, 193.715008, 234.045719, 193.555025, 234.115309, 193.833085, 234.170131, 193.971599, 234.199988, 193.970299, 234.441247, 239.941448, 239.624783, 240.197783, 240.009438, 240.29241, 240.14341, 239.960593, 203.613016, 163.344016, 123.513016, 204.033016, 164.580016, 124.412016, 203.659016, 163.526016, 203.983016, 163.949016, 124.269016, 243.856016, 204.089016, 164.095016, 203.749016, 284.000464, 243.850464, 284.040464, 244.272464, 283.930464, 283.980464, 283.970464, 283.990464, 244.229464, 283.950464, 283.960464, 283.940464, 284.030464, 244.431464, 284.020464, 244.299464, 244.022464, 203.802464, 163.734464, 123.839464, 203.979464, 163.63416, 123.52216, 204.23216, 164.01716, 124.13416, 284.13916, 243.86516, 203.94216, 164.10716, 123.92216, 204.17616, 164.25516, 163.910295, 123.835295, 244.345295, 204.125295, 203.461295, 163.024295, 123.392295, 244.357295, 204.214295, 164.050295, 124.423295, 284.026295, 244.171295, 204.126295, 163.775295, 123.486295, 124.532161, 246.144675, 206.134194, 326.814105, 286.83912, 287.365078, 247.595078, 207.353078, 206.611078, 369.4298, 329.582148, 289.451619, 249.111034, 209.27413, 369.353048, 328.850388, 288.656681, 248.700321, 208.334103, 329.342902, 289.652157, 330.089605, 290.724042, 329.667887, 289.68034, 369.498689, 329.52843, 289.334388, 249.113665, 208.836843, 369.950588, 330.191271, 289.980194, 249.915402, 209.826729, 369.572763, 329.669081, 289.758909, 250.216469, 209.990121, 369.19103, 329.281119, 289.221915, 249.16168, 209.436209, 329.592644, 289.539283, 329.799938, 290.075513, 340.342514, 300.290514, 260.203514, 340.262514, 300.238514, 260.077514, 339.772048, 299.817048, 259.487048, 180.132048, 339.944924, 299.721924, 259.683924, 180.231478, 220.248478, 180.589478, 140.590478, 340.525745, 300.703745, 260.538745, 340.806745, 300.732745, 260.628745, 221.174745, 181.112745, 340.192584, 300.085584, 260.334584, 221.180584, 181.344584, 141.337584, 236.00644, 196.308582, 156.280434, 116.325134, 236.483086, 196.624727, 156.746358, 116.815416, 277.741592, 237.652651, 197.755182, 157.629006, 237.273597, 197.186901, 157.326842, 277.166984, 236.80766, 196.921252, 156.989192, 117.130706, 117.965216, 279.677808, 239.405173, 199.385292, 159.373094, 278.722917, 238.507253, 198.304485, 158.086217, 238.39396, 198.35002, 158.602555, 118.663462, 159.078736, 119.14019, 237.720143, 197.281366, 157.742739, 117.762249, 278.7297, 239.179641, 199.458331, 159.419157, 238.676706, 198.365894, 158.411124, 118.658384, 198.618525, 239.067584, 198.845679, 158.827016, 118.94408, 119.448439, 278.681153, 238.530377, 198.581243, 158.789629, 279.09843, 238.959334, 198.649264, 158.753557, 210.645881, 170.572881, 289.963881, 210.220881, 170.398881, 130.197881, 291.397881, 251.271881, 211.348881, 171.057881, 131.012881, 170.560761, 170.129761, 250.965761, 210.890761, 171.121761, 131.218761, 250.237761, 210.504761, 170.243761, 130.277761, 171.364464, 290.591464, 130.677464, 171.310464, 291.343464, 291.435464, 131.178464, 290.593464, 170.504464, 130.481464, 249.790843, 209.690843, 170.014843, 129.756843, 170.506843, 210.537843, 170.125843, 129.912843, 250.142843, 210.329843, 170.049843, 290.103908, 171.546908, 251.071908, 210.656908, 170.818908, 130.958908, 250.982908, 211.150908, 171.231908, 131.336908, 129.973908, 352.00886, 311.83886, 232.34986, 353.14286, 313.32986, 392.39386, 352.48586, 352.200044, 312.085044, 351.936044, 312.142044, 353.134169, 313.257169, 312.826169, 273.098169, 233.082169, 351.357169, 311.212169, 284.416268, 244.525268, 283.427268, 243.310268, 283.792268, 243.405268, 243.585268, 285.963268, 246.218268, 284.413268, 244.300268, 285.448268, 245.138422, 244.311422, 244.944422, 244.407422, 245.454422, 244.442422, 243.782422, 243.884422, 244.248422, 244.921422, 244.046422, 245.626422, 245.390157, 244.694157]
sync delay = 227.417308885
out notify interest = 29364.0
out beacon = 0.0
out data interest = 3358.0
out bundled interest = 755.0
out data = 5630.0
out ack = 35579.0
out bundled data = 875.0
collision rx = 359.5
collision tx = 17.4705882353
cache hit = 2974.0
cache hit special = 529.0
retx_notify_interest = 7102.0
retx_data_interest = 67.0
retx_bundled_interest = 339.0
state sync duration = 227.585899341
data availability = 1.0
[94.370735, 94.330735, 94.380735, 94.510735, 94.500735, 94.530735, 94.381346, 94.481346, 94.371346, 94.391346, 152.639471, 112.645471, 192.159471, 152.063471, 112.181471, 152.275471, 112.081471, 192.239471, 152.391471, 192.399471, 152.664471, 112.830471, 192.169471, 152.208471, 111.971471, 192.409471, 192.37259, 152.81859, 192.36259, 152.44559, 192.38259, 151.98959, 192.27259, 152.42559, 192.39259, 152.30759, 192.16259, 152.13059, 112.06759, 192.34259, 152.20459, 192.23259, 152.04559, 192.239738, 152.155738, 112.378738, 152.319738, 192.249738, 152.154738, 112.199738, 192.479738, 152.250738, 112.455738, 192.489738, 152.541738, 192.259738, 152.210738, 152.574808, 192.462808, 152.604808, 192.352808, 152.199808, 192.582808, 152.915808, 112.636808, 192.332808, 152.759808, 152.777808, 112.169017, 192.392017, 152.652017, 192.622017, 152.774017, 113.095017, 151.204938, 202.610154, 162.522154, 122.665154, 202.549154, 162.881154, 122.884154, 202.388154, 162.632154, 122.460154, 162.402154, 122.537154, 202.073154, 162.314154, 122.415154, 202.186154, 162.859637, 123.222637, 162.752637, 201.548637, 161.722637, 162.508637, 122.417637, 162.530637, 122.840637, 202.264637, 162.285637, 122.321637, 202.447637, 162.319637, 161.95061, 122.03361, 201.84861, 162.01161, 121.93761, 122.26861, 243.592989, 203.519989, 163.540989, 284.623891, 244.731891, 204.105891, 323.80459, 283.58159, 243.43559, 203.55859, 163.44559, 123.56759, 324.23959, 363.952064, 323.935064, 284.026064, 243.822064, 203.638064, 205.310064, 284.131862, 244.118862, 204.354862, 164.739862, 124.915862, 324.194862, 284.254862, 244.032862, 364.135136, 324.011136, 284.026136, 243.976136, 204.039136, 364.277136, 324.6571, 284.6001, 244.7621, 204.2411, 164.1791, 124.1351, 324.6561, 284.4071, 244.4291, 204.2601, 164.2061, 124.3281, 324.247785, 284.168785, 244.040785, 203.931785, 324.516178, 284.309178, 244.173178, 204.158178, 164.441178, 124.436178, 364.362178, 324.124178, 284.012178, 243.718178, 203.798178, 363.810867, 323.908867, 284.041867, 244.102867, 203.989867, 244.827867, 204.822867, 204.213927, 164.136927, 124.030927, 364.806927, 325.035927, 285.432927, 245.247927, 205.030927, 164.990591, 124.807591, 91.022066, 91.203066, 91.185517, 92.105517, 91.680517, 91.482517, 130.812517, 91.171136, 177.013692, 137.012692, 176.231692, 136.262692, 96.117692, 216.054692, 295.873942, 255.949942, 215.962942, 175.912942, 136.097942, 96.682942, 296.278942, 256.371942, 176.068905, 135.931905, 175.954905, 136.288905, 96.900905, 295.854294, 256.149294, 216.378294, 176.159294, 136.264294, 96.228294, 296.238906, 256.239906, 216.376906, 176.416906, 135.919906, 95.732906, 175.894906, 136.241906, 175.809906, 135.850906, 295.671431, 255.490431, 215.444431, 175.486431, 135.280431, 95.621431, 217.077431, 176.966431, 136.905431, 96.730431, 296.217793, 255.735793, 216.005793, 175.840793, 135.581793, 95.446793, 216.368793, 295.824614, 255.863614, 215.646614, 175.211614, 135.214614, 95.328614, 176.189648, 136.516648, 96.581648, 175.944648, 135.929648, 215.933648, 175.933648, 135.837648, 95.713648, 177.348597, 137.191597, 97.294597, 176.124597, 136.117597, 265.14153, 225.07953, 185.09253, 105.44453, 264.56753, 224.68053, 184.78853, 144.75053, 104.30953, 264.78253, 224.94953, 185.05353, 144.344986, 104.688986, 144.414986, 104.145986, 143.571986, 264.367261, 224.027261, 183.883261, 143.700261, 265.661261, 225.904261, 185.828261, 103.904261, 104.375261, 264.789261, 224.640261, 184.990261, 103.693802, 144.716802, 104.776802, 104.908802, 264.411802, 224.367802, 184.444802, 144.557802, 104.476802, 145.602802, 105.666802, 264.103802, 144.424475, 104.592475, 224.114475, 184.129475, 150.033961, 148.805752, 148.558752, 148.523752, 150.018752, 149.840752, 148.591752, 215.960402, 175.957402, 215.450402, 175.180402, 174.162402, 215.484402, 175.589402, 214.128402, 173.961402, 214.778402, 174.766402, 175.385402, 215.228746, 175.19276, 208.645372, 209.248792, 209.499802, 209.162532, 209.437646, 209.033275, 209.856814]
sync delay = 183.818198744
out notify interest = 27911.0
out beacon = 0.0
out data interest = 2919.0
out bundled interest = 729.0
out data = 4077.0
out ack = 31231.0
out bundled data = 1059.0
collision rx = 139.794117647
collision tx = 40.5294117647
cache hit = 3192.0
cache hit special = 417.0
retx_notify_interest = 5524.0
retx_data_interest = 73.0
retx_bundled_interest = 165.0
state sync duration = 183.818198744
data availability = 1.0
[91.899144, 92.009144, 92.059144, 92.089144, 92.079144, 92.069144, 91.954669, 92.004669, 92.094669, 91.984669, 91.974669, 91.994669, 190.786477, 150.936477, 190.666477, 150.534477, 150.879477, 110.832477, 150.997477, 110.964477, 190.636477, 150.288477, 190.684817, 150.655817, 150.787817, 110.556817, 190.724817, 150.840817, 190.944817, 150.643817, 110.973817, 190.836278, 151.190278, 190.686278, 150.695278, 110.508278, 150.424278, 190.666278, 150.025278, 109.976278, 151.244278, 111.288278, 190.846278, 150.690278, 190.656278, 150.675278, 110.838278, 190.886278, 190.777657, 151.186657, 190.727657, 150.511657, 110.560657, 190.957657, 150.812657, 190.697657, 150.631657, 110.574657, 190.927657, 150.983657, 111.089657, 190.717657, 150.991657, 151.07538, 190.77138, 150.80038, 190.89138, 150.65138, 151.02338, 110.54238, 190.91138, 150.89238, 190.96138, 151.06538, 111.05938, 110.866992, 134.209891, 134.091891, 134.248891, 174.03486, 134.17486, 174.46186, 134.61186, 173.73086, 133.83186, 133.86586, 173.74786, 133.66786, 134.434934, 133.379934, 173.860934, 133.807934, 173.557934, 133.888934, 133.738934, 95.794852, 175.601108, 135.876831, 95.743601, 96.117476, 175.336503, 135.19704, 95.297502, 175.530556, 135.572814, 95.607498, 176.35099, 136.4274, 96.827712, 175.982967, 135.967284, 95.787938, 95.976083, 175.707225, 135.773818, 95.640188, 176.231727, 136.062992, 96.103159, 95.211165, 96.139013, 175.688468, 135.545655, 95.918322, 185.601317, 145.570317, 105.644317, 185.289416, 145.398416, 106.551416, 185.839416, 145.912416, 185.641416, 145.323416, 185.442416, 145.613416, 105.921416, 185.45527, 145.64127, 184.77827, 145.01327, 162.707352, 122.846352, 322.516352, 282.711352, 242.673352, 202.554352, 162.696352, 122.476352, 162.029243, 163.201243, 123.096243, 162.891709, 163.055709, 202.854709, 202.723337, 162.697337, 202.614337, 162.762001, 161.810001, 121.870001, 322.951001, 283.282001, 242.820001, 202.554001, 162.680001, 122.243001, 202.829001, 162.479681, 202.810681, 162.610681, 322.984681, 283.170681, 203.084474, 163.068474, 162.635474, 122.871474, 203.355474, 163.437474, 322.921474, 283.031474, 242.816474, 322.695551, 282.694551, 242.667551, 202.770551, 162.292551, 122.202551, 243.445551, 203.544551, 163.551551, 123.893551, 203.270551, 203.070157, 162.695157, 122.446157, 322.942157, 283.203157, 243.378157, 203.199157, 163.369157, 123.004157, 163.571157, 123.472157, 86.771181, 126.690181, 86.545181, 125.576181, 126.132181, 86.063181, 125.793662, 85.729662, 125.940662, 85.742662, 125.762662, 85.901662, 125.981662, 86.224662, 54.344355, 54.904355, 54.729355, 53.944355, 53.820355, 54.345628, 94.025628, 53.406628, 174.43152, 134.35132, 213.827515, 134.302944, 94.309944, 214.111944, 133.485944, 134.781944, 95.008944, 133.454944, 213.923543, 173.802543, 133.901543, 93.648543, 134.611543, 95.058543, 93.443668, 213.635668, 173.630668, 133.844668, 93.751668, 137.047557, 175.985557, 135.917557, 95.520557, 215.721557, 215.410557, 216.035975, 175.935975, 136.209975, 96.029975, 135.392975, 215.692975, 175.645975, 135.454975, 95.489975, 176.488975, 136.066103, 215.729103, 175.731103, 216.045337, 176.029337, 135.951337, 95.812337, 135.554337, 135.917473, 95.669473, 135.934473, 95.952473, 182.772881, 142.971881, 102.883881, 102.815881, 223.149881, 183.036881, 262.457881, 222.352881, 182.264881, 141.813881, 101.660881, 221.727881, 143.418128, 103.022128, 141.418128, 101.476128, 102.743128, 181.790898, 221.551898, 181.587898, 142.247898, 102.409898, 101.744898, 222.203898, 182.194898, 102.006898, 222.276898, 182.204898, 102.243898, 141.731779, 101.685779, 142.575779, 102.725779, 141.753779, 101.609779, 222.268779, 182.268779, 142.279779, 102.344779, 140.251604, 140.019907, 140.284726, 140.302831, 140.216519, 139.673187, 139.591951, 213.899427, 174.572427, 215.340427, 175.191427, 213.663427, 173.785427, 214.077427, 173.984427, 214.278427, 174.613427, 214.472427, 174.618427, 207.015319, 207.78849, 208.056058, 207.691936, 206.610482, 206.949554, 206.34913]
sync delay = 155.244757326
out notify interest = 26941.0
out beacon = 0.0
out data interest = 2849.0
out bundled interest = 792.0
out data = 4084.0
out ack = 32898.0
out bundled data = 1173.0
collision rx = 157.764705882
collision tx = 47.4705882353
cache hit = 3434.0
cache hit special = 525.0
retx_notify_interest = 4376.0
retx_data_interest = 54.0
retx_bundled_interest = 198.0
state sync duration = 155.244757326
data availability = 1.0
[84.30296, 84.29296, 84.28296, 84.38296, 84.26296, 84.31296, 84.43296, 84.45296, 84.44296, 84.350276, 84.540276, 90.1766, 150.113869, 110.375869, 190.041869, 150.014869, 150.131869, 110.341869, 189.961869, 150.050869, 109.875869, 150.677869, 190.021016, 149.879016, 190.171016, 150.070016, 190.211016, 150.167016, 110.006016, 189.981016, 149.467016, 109.245016, 190.001016, 150.011016, 110.834042, 71.020042, 150.061042, 109.934042, 190.046042, 150.072042, 190.156042, 149.676042, 109.976732, 190.312732, 150.198732, 110.158732, 190.092732, 150.161732, 110.350732, 190.322732, 150.276732, 190.152732, 149.875732, 190.280949, 150.344949, 190.240949, 150.454949, 190.130949, 150.120949, 149.962949, 110.068949, 190.278648, 150.260648, 190.178648, 150.031648, 190.308648, 150.339648, 190.078648, 149.794648, 109.710648, 190.408648, 150.183108, 110.332108, 190.125108, 150.007108, 110.072108, 150.245108, 109.823108, 134.141415, 93.953415, 94.216415, 134.253415, 93.990415, 133.959415, 94.061415, 94.421415, 93.927415, 134.088415, 94.044415, 134.010023, 93.986023, 94.136023, 134.409023, 94.521023, 134.496023, 94.367023, 134.125023, 93.679023, 93.880023, 94.847877, 134.021877, 93.861877, 134.246877, 94.477877, 133.836877, 93.492877, 134.048877, 93.830877, 134.160801, 94.210801, 94.248801, 94.891569, 95.051026, 95.086162, 94.646002, 95.747971, 94.542552, 95.168898, 96.168873, 56.457149, 95.555772, 95.159618, 95.411262, 55.692598, 95.603479, 95.616326, 175.594063, 135.621452, 95.540926, 175.711898, 135.614643, 95.919301, 175.974411, 135.762785, 175.55173, 135.709862, 175.025153, 135.19864, 95.025023, 175.142584, 135.426871, 96.053558, 95.985248, 95.617989, 96.12301, 96.189246, 176.230796, 136.307683, 104.719942, 98.019264, 98.059264, 98.364264, 97.948264, 97.12547, 97.980696, 98.025696, 97.719696, 105.393219, 305.233219, 265.319219, 225.190219, 185.109219, 145.069219, 105.232219, 144.312219, 103.996219, 145.027126, 145.336126, 145.065126, 185.316126, 145.838126, 184.890126, 305.205303, 265.024303, 224.936303, 184.950303, 144.984303, 105.025303, 145.633303, 186.267303, 146.354303, 106.322303, 305.342303, 144.893274, 145.165274, 184.814274, 144.567274, 184.136274, 144.163274, 265.405, 225.307, 185.431, 145.702, 105.496, 144.266, 305.464, 265.75, 225.524, 185.596, 145.599, 105.33, 146.12, 185.746422, 145.889422, 305.365422, 265.609422, 225.541422, 185.375422, 145.332422, 105.179422, 106.209268, 185.144268, 145.021268, 185.645268, 145.848268, 105.903268, 145.629428, 305.178428, 265.342428, 225.022428, 185.271428, 145.089428, 105.361428, 111.461769, 112.489953, 110.800925, 112.821841, 111.183291, 111.565063, 112.594659, 72.653665, 73.202649, 83.894833, 82.666833, 42.862833, 81.803833, 42.036833, 43.687833, 82.345833, 42.473833, 82.617833, 83.607435, 43.365435, 84.108435, 43.971435, 42.301435, 132.448876, 92.555876, 132.014876, 91.849876, 171.673651, 131.598651, 91.515651, 170.547651, 130.643651, 90.895651, 130.449651, 90.593651, 171.437651, 131.552584, 171.749584, 131.920584, 131.087584, 131.641664, 131.387664, 91.551664, 171.785664, 131.982664, 92.287664, 131.814151, 131.782151, 92.897151, 172.128151, 132.716151, 92.735151, 92.319465, 131.976465, 171.727465, 131.834465, 91.580465, 172.914307, 132.798307, 92.936307, 181.708453, 141.656453, 101.810453, 142.155453, 102.053453, 141.600453, 101.613453, 141.908453, 101.660453, 102.836453, 141.263453, 102.086293, 181.604293, 141.816293, 101.774293, 180.748293, 141.099293, 101.173293, 181.229293, 141.286293, 101.135293, 101.473007, 141.584007, 101.296007, 181.612007, 141.832007, 101.984007, 102.673007, 141.830007, 101.674007, 181.863007, 141.848007, 181.880385, 141.626385, 101.573385, 101.888385, 181.464385, 141.495385, 101.359385, 141.944385, 101.812385, 101.559263, 102.817263, 133.718103, 133.205163, 135.470722, 133.687426, 133.119244, 134.014879, 134.842447, 206.864456, 205.723468, 204.440678, 204.693233, 204.964382, 205.65734, 206.310256]
sync delay = 136.247757206
out notify interest = 25903.0
out beacon = 0.0
out data interest = 3309.0
out bundled interest = 690.0
out data = 4851.0
out ack = 34737.0
out bundled data = 1069.0
collision rx = 190.147058824
collision tx = 53.8823529412
cache hit = 4200.0
cache hit special = 665.0
retx_notify_interest = 3236.0
retx_data_interest = 91.0
retx_bundled_interest = 163.0
state sync duration = 136.393370216
