data availability = 1.0
[126.467983, 126.457983, 126.337983, 126.427983, 126.371823, 135.925655, 136.019246, 135.939246, 143.73965, 103.53265, 103.51765, 143.46965, 143.81965, 104.20365, 143.5062, 143.4562, 143.4962, 143.4862, 103.5502, 143.4662, 148.013965, 151.261781, 151.590199, 151.337534, 151.572828, 151.354976, 151.371628, 151.44711, 151.458677, 215.237574, 175.258574, 215.157574, 174.940574, 215.117574, 215.363058, 175.544058, 135.508058, 215.103058, 215.238281, 175.207281, 215.103642, 215.387522, 175.500027, 135.789909, 215.38372, 215.437591, 175.295084, 215.517941, 175.648763, 215.862431, 176.054568, 216.286394, 176.026269, 216.406858, 176.410095, 136.788484, 216.202162, 176.241679, 216.259787, 176.603284, 216.352598, 176.360543, 176.518499, 136.903252, 177.023666, 137.179982, 216.941236, 176.904834, 137.101968, 218.281273, 174.467185, 214.091185, 173.696185, 174.387185, 214.103355, 214.002355, 214.054335, 174.080335, 214.044335, 213.852654, 214.448654, 174.500654, 214.365832, 174.437832, 214.530529, 174.303721, 214.081649, 174.274787, 214.410139, 174.237139, 214.445122, 174.043122, 134.817122, 214.699698, 174.726698, 214.738698, 174.745698, 214.620698, 174.561698, 214.791588, 174.539588, 175.070588, 134.977588, 214.312241, 173.902241, 214.221946, 174.103946, 168.803164, 168.428425, 169.371293, 175.849387, 135.983387, 175.999387, 215.443077, 175.845077, 175.079315, 135.157315, 215.61274, 215.37574, 215.63074, 175.55674, 216.512722, 215.754722, 176.209722, 176.42824, 136.52124, 176.088403, 136.048403, 215.933827, 176.057827, 215.584827, 215.625153, 175.922153, 150.403362, 189.143362, 149.752362, 149.521112, 189.932112, 190.198112, 189.961112, 189.469112, 189.497806, 189.729806, 149.886806, 190.148604, 150.202604, 150.500604, 190.217604, 150.013604, 189.87369, 149.98469, 190.10069, 150.20969, 150.56669, 150.464751, 189.586751, 149.264751, 191.005751, 151.322751, 150.557751, 189.918696, 149.924696, 150.096529, 269.989427, 230.269212, 190.458296, 150.567185, 270.437141, 230.075876, 189.842329, 149.360379, 151.115364, 271.756254, 231.707128, 191.943739, 152.3491, 271.599033, 231.690494, 191.317615, 151.298157, 191.708683, 151.755133, 271.905311, 231.782329, 192.017773, 152.076223, 272.189028, 232.354192, 192.166644, 152.451352, 163.062412, 123.552892, 162.049791, 162.46819, 122.483689, 162.344577, 163.096899, 162.857682, 266.989788, 227.016788, 267.423223, 227.407223, 147.384223, 267.005223, 227.387223, 266.857223, 226.758223, 227.392803, 187.389803, 266.968325, 227.096325, 267.730731, 227.774731, 187.526565, 196.715601, 154.686306, 156.537718, 196.918122, 157.302109, 156.627801, 116.520792, 155.93111, 156.159486, 196.845337, 157.048602, 196.738827, 197.228504, 196.770495, 197.86189, 157.926546, 157.661052, 158.289455, 117.112043, 157.580242, 117.23836, 158.293307, 157.836449, 158.178298, 157.783967, 209.716084, 210.793094, 171.342264, 172.122264, 212.916231, 172.925231, 212.133231, 131.147991, 212.031981, 172.162981, 172.471916, 171.994671, 172.504671, 212.754671, 172.658671, 171.478071, 172.463071, 132.381693, 211.573273, 171.739273, 235.317482, 195.220482, 154.981482, 235.385604, 194.752604, 195.667328, 155.565328, 196.251565, 235.517565, 195.514565, 234.691725, 194.794725, 155.673198, 235.095012, 235.192012, 194.953012, 234.295269, 235.525163, 315.192624, 275.15922, 234.864805, 235.890778, 236.212778, 161.756456, 122.099456, 201.515456, 161.404456, 121.201456, 201.288456, 161.468456, 121.187456, 161.5944, 121.4744, 243.2264, 203.2904, 163.1334, 123.0774, 163.1624, 161.507905, 121.608905, 163.127921, 242.512172, 202.46822, 162.393762, 241.889232, 162.976671, 162.934832, 162.8649, 163.548674, 163.913577, 124.250594, 243.818181, 163.630606, 124.163853, 242.934617, 202.921132, 162.9283, 243.662354, 203.394679, 163.154259, 162.911192, 122.758911, 243.96019, 204.075596, 164.163496, 164.229748, 244.360337, 204.264337, 164.149337, 205.41063, 165.780476, 143.963054, 224.456308, 184.469732, 223.969256, 183.77344, 143.807338, 223.99802, 183.678139, 143.89549, 185.596897, 145.648017, 105.58986, 103.575651, 185.061269, 145.363607, 146.068901, 224.133097, 184.043902, 144.09592, 224.299835, 184.257584, 144.507282, 224.819085, 184.314606, 144.88481, 143.622529, 103.737697, 224.675214, 184.469111, 144.567532, 104.545305, 144.295966, 145.051985, 145.55993, 144.324462, 225.390084, 185.36982, 224.670894, 184.628225, 222.557878, 182.432234, 185.245056, 144.99977, 224.575294, 184.900108, 223.17637, 183.256235, 143.053768, 104.122884, 143.984136, 224.097473, 184.227595, 144.997598, 105.106472, 117.044005, 117.610748, 130.784443, 171.347443, 131.062443, 169.682642, 129.722642, 130.844642, 132.484796, 173.955177, 133.972902, 173.106582, 133.317072, 173.637972, 133.409093, 173.10543, 133.028538, 134.018458, 173.618862, 295.869464, 256.040464, 219.470312, 218.845312, 220.139312, 219.082312, 179.560312, 179.631312, 178.370267, 179.843267, 180.118267, 179.490267, 179.401267, 179.104267, 220.290267, 220.134267, 189.350903, 191.231204, 190.562631, 189.651729, 192.014177, 190.699214, 190.886057, 190.041315, 280.345762, 240.443369, 279.743941, 239.69668, 280.35612, 279.906999, 268.271986, 268.976003, 269.802332, 270.528358, 268.872411, 268.544086, 268.472969]
sync delay = 183.24102183
out notify interest = 47022.0
out beacon = 0.0
out data interest = 7218.0
out bundled interest = 1497.0
out data = 8640.0
out ack = 47901.0
out bundled data = 1259.0
collision rx = 271.568181818
collision tx = 1.77272727273
cache hit = 6242.0
cache hit special = 824.0
retx_notify_interest = 18318.0
retx_data_interest = 373.0
retx_bundled_interest = 2287.0
state sync duration = 184.335930204
data availability = 1.0
[126.237229, 126.197229, 126.141426, 126.231426, 126.111426, 134.970281, 134.886455, 134.896455, 143.415567, 143.436708, 143.413696, 103.618036, 143.412412, 143.777884, 103.408988, 143.716284, 103.547235, 103.826513, 143.637402, 143.628067, 148.441697, 151.648684, 152.047755, 151.783458, 152.022748, 151.820643, 151.905591, 151.912149, 151.945621, 175.302548, 135.470548, 175.412548, 135.486548, 214.81081, 214.94081, 175.11281, 214.83081, 214.90081, 174.72281, 214.80081, 214.91081, 175.02781, 214.82081, 214.84081, 215.07081, 175.19681, 135.19881, 215.174536, 175.518536, 215.104536, 175.047536, 215.204536, 175.520536, 215.411394, 175.426394, 135.512394, 215.191394, 174.890394, 215.181394, 175.201394, 175.049394, 215.421394, 175.430394, 215.308573, 175.265573, 215.897665, 216.143904, 176.414544, 136.547023, 138.021921, 138.429396, 214.000072, 214.704318, 174.53806, 214.370621, 174.102841, 214.412882, 214.860372, 175.260372, 214.424053, 214.132775, 174.314868, 214.628729, 215.126193, 214.77275, 175.270924, 175.425708, 215.441717, 175.333777, 176.303541, 215.383785, 175.368928, 215.618686, 175.496012, 135.963343, 215.668273, 175.771899, 135.917888, 176.329877, 175.875563, 217.065352, 177.0096, 177.789255, 217.212353, 177.13444, 217.595119, 177.64439, 217.694961, 168.012493, 168.63745, 168.172467, 176.177197, 216.187075, 176.368075, 136.162175, 177.022175, 175.866829, 136.042829, 176.830847, 136.708847, 176.69634, 136.68834, 216.360197, 176.942197, 216.416694, 216.709694, 176.808694, 216.221985, 176.944985, 175.977412, 216.442412, 216.614412, 215.885791, 189.52082, 190.546365, 150.468517, 189.847504, 189.473726, 189.317337, 189.932969, 190.438725, 190.217692, 150.042331, 149.655996, 150.248054, 190.496268, 150.738136, 150.559026, 190.461108, 150.763503, 150.505289, 150.658497, 151.056988, 151.175957, 190.615539, 150.406822, 270.152815, 230.301815, 190.245815, 150.521815, 150.466815, 270.437815, 230.150815, 190.188815, 150.144815, 190.60259, 150.701662, 190.094615, 149.843358, 190.349962, 150.459852, 272.115769, 232.361759, 192.295796, 152.04749, 272.585028, 232.315203, 192.448062, 152.422324, 272.122347, 232.142811, 192.419592, 152.013128, 272.047203, 231.825805, 191.574268, 151.968411, 192.36186, 152.663997, 152.094334, 161.942921, 122.489618, 161.366591, 161.695084, 161.966526, 122.57764, 162.84613, 162.050347, 147.183325, 266.41348, 226.24648, 226.78348, 186.89248, 187.008219, 266.195542, 226.371542, 266.711542, 226.496542, 267.01789, 226.87489, 266.79889, 226.95389, 146.96789, 267.04989, 227.28789, 196.374799, 157.105591, 156.641107, 156.374515, 197.190547, 156.850338, 157.179665, 197.60245, 157.152124, 157.682315, 157.481437, 157.626393, 157.560584, 157.853775, 117.785574, 198.07898, 157.24803, 198.308459, 158.444792, 118.798078, 197.472736, 118.125258, 158.92402, 198.225765, 158.814985, 171.016098, 131.347127, 171.676519, 211.583384, 171.776796, 212.15692, 172.34748, 211.549882, 171.494311, 212.950943, 172.977916, 172.360458, 212.486894, 172.425635, 172.19713, 132.404823, 212.933327, 172.592624, 172.2447, 235.307297, 197.548219, 237.565301, 238.350711, 198.08559, 157.734432, 238.313784, 319.544785, 279.365785, 239.522257, 240.093573, 200.301898, 239.493646, 240.257282, 200.226344, 200.930796, 161.257199, 241.070326, 201.000315, 160.654204, 241.29353, 200.965628, 241.616201, 162.808145, 122.572145, 162.030281, 121.941093, 162.415837, 162.347425, 162.532035, 162.973549, 163.109399, 242.96959, 203.148329, 163.473657, 123.28619, 163.28277, 244.91411, 204.861399, 164.841034, 124.715814, 244.220268, 204.179904, 164.14269, 243.800986, 203.768645, 163.673727, 166.093653, 164.111492, 244.042699, 204.170126, 163.810479, 166.090487, 126.113735, 86.01017, 244.823971, 204.894271, 164.828121, 164.446931, 124.878935, 245.781374, 205.925904, 165.972947, 245.1864, 205.433066, 165.644497, 205.589045, 165.709359, 125.761516, 166.928302, 126.608907, 206.203435, 166.02668, 125.650308, 145.952511, 106.009511, 104.525511, 224.361511, 184.558511, 144.792511, 185.025511, 144.968511, 224.742511, 185.006043, 145.001043, 104.996043, 144.951043, 104.910043, 225.154043, 185.213043, 144.690043, 225.345043, 184.903828, 224.734828, 184.590828, 225.332828, 185.454828, 224.845828, 184.591828, 145.364828, 144.767828, 185.463463, 145.347463, 185.171463, 145.423463, 224.613463, 185.039463, 144.884463, 225.130646, 184.890646, 144.975646, 225.355646, 185.169646, 224.196646, 184.452646, 144.590646, 225.608345, 185.766345, 145.696345, 225.438345, 185.414345, 145.183345, 105.160345, 145.999345, 157.201197, 117.425346, 117.976283, 172.582906, 132.65288, 172.349158, 132.60134, 172.02663, 131.930427, 171.566748, 131.346961, 131.613655, 132.050144, 172.48071, 132.644961, 132.219887, 132.835008, 171.586123, 131.840856, 173.02675, 179.466192, 220.540192, 219.696192, 179.627192, 180.269192, 219.409192, 179.628339, 179.530339, 179.711339, 179.893339, 179.193339, 218.539339, 218.217339, 219.217339, 190.666439, 190.195905, 191.680281, 188.976011, 189.49688, 190.676295, 190.050405, 190.317154, 240.174477, 279.724402, 239.707859, 280.018455, 279.621138, 280.097568, 279.829024, 278.765587, 260.616413, 261.660675, 262.148392, 261.613861, 261.66813, 262.816574, 268.316489]
sync delay = 183.559242691
out notify interest = 47140.0
out beacon = 0.0
out data interest = 6930.0
out bundled interest = 1621.0
out data = 8823.0
out ack = 47777.0
out bundled data = 1403.0
collision rx = 275.454545455
collision tx = 1.95454545455
cache hit = 5535.0
cache hit special = 645.0
retx_notify_interest = 18414.0
retx_data_interest = 494.0
retx_bundled_interest = 2546.0
state sync duration = 185.71724577
data availability = 1.0
[126.254047, 126.134047, 126.224047, 126.270237, 126.170237, 134.758781, 134.768781, 134.852537, 143.644933, 103.550933, 103.921933, 143.374933, 143.724933, 103.684933, 143.391188, 143.411188, 143.401188, 143.371188, 103.322188, 143.361188, 148.611404, 151.09707, 151.50129, 215.384062, 175.463062, 215.154062, 175.197062, 215.374062, 175.551062, 135.254062, 215.144062, 174.973062, 215.730468, 215.625457, 215.878488, 176.045005, 136.16464, 215.777732, 215.833653, 175.975144, 216.035653, 175.900727, 216.055962, 176.470129, 216.20403, 216.381146, 176.511882, 216.284623, 216.444393, 176.113027, 216.404361, 216.635592, 177.068896, 137.134374, 216.428635, 176.809438, 136.608301, 176.940997, 217.131533, 176.798165, 177.344467, 177.919559, 138.214736, 138.474141, 173.870068, 174.287068, 214.549675, 174.595675, 254.005675, 214.225675, 214.462675, 254.051751, 214.109751, 254.041751, 214.268751, 174.611517, 174.126517, 214.607517, 174.408517, 254.107517, 214.100517, 214.375517, 174.551517, 214.416702, 174.712702, 134.540702, 254.143702, 214.666702, 214.325072, 174.222072, 254.4469, 214.392849, 214.587247, 174.883969, 214.811521, 174.567779, 215.993312, 175.78935, 216.632806, 176.645401, 176.326329, 216.251701, 176.218903, 176.275614, 216.921495, 176.950752, 136.643048, 170.01691, 175.272309, 135.420309, 215.398966, 175.754966, 214.971966, 215.342966, 215.673073, 175.490073, 175.305073, 135.151073, 175.844073, 135.899073, 214.875817, 215.220817, 215.908817, 175.97812, 215.54412, 175.67612, 215.46212, 175.975955, 175.598955, 135.266955, 174.832364, 190.102253, 189.409978, 189.456709, 189.390157, 190.140202, 151.01777, 189.572346, 149.829047, 150.824214, 150.341126, 189.800697, 190.494231, 149.819436, 189.88213, 149.792009, 190.600833, 150.7427, 270.4697, 230.5517, 190.6637, 150.5187, 190.258662, 150.085764, 190.623265, 151.103262, 191.511208, 151.475569, 190.92834, 151.221652, 190.577537, 271.743334, 231.813559, 191.616516, 151.799525, 271.630526, 231.898106, 191.905539, 151.495142, 271.510409, 231.52597, 191.863761, 151.863236, 271.41343, 231.605463, 191.545499, 151.530777, 271.994379, 231.925601, 191.675507, 151.501862, 191.867606, 152.069612, 161.374978, 162.111081, 163.40369, 122.990394, 163.799734, 163.568818, 163.523478, 123.47297, 163.115081, 266.865043, 226.612043, 146.799043, 227.638549, 187.508549, 267.933687, 227.459872, 267.424398, 227.388304, 267.689996, 227.364237, 187.260947, 147.572978, 195.344272, 194.900272, 274.683813, 234.713813, 275.745649, 235.604569, 156.442439, 197.006467, 157.542498, 117.503908, 117.179438, 197.365051, 196.350686, 197.193505, 196.887279, 197.192378, 198.015724, 158.214195, 158.012362, 118.465044, 157.912013, 157.354657, 158.903116, 158.071069, 160.849609, 161.274093, 160.234769, 160.142994, 209.294167, 169.287639, 210.325462, 170.204922, 209.552832, 169.291472, 171.40842, 131.322632, 171.264925, 210.713224, 170.553448, 171.812191, 172.468471, 170.756767, 211.61783, 171.303643, 195.079532, 236.813491, 316.671249, 276.676142, 236.915892, 196.700812, 237.302621, 236.868416, 237.273198, 197.719717, 236.584478, 277.401793, 237.511814, 237.188045, 197.741347, 197.856052, 157.988457, 238.071151, 197.817941, 157.961724, 278.53703, 238.33634, 239.313399, 198.978867, 159.055185, 318.476219, 278.945754, 202.009727, 162.311727, 122.319727, 162.393727, 122.525727, 202.018727, 161.959727, 121.850727, 201.475727, 161.596727, 241.842979, 201.784979, 241.792979, 201.964979, 161.846979, 161.801979, 161.68072, 241.52307, 201.567275, 242.541891, 202.5726, 162.640953, 163.014224, 162.453657, 201.875803, 162.548851, 122.977613, 123.115073, 162.785561, 162.947961, 123.01562, 162.639538, 163.313154, 243.810666, 203.931836, 163.933783, 243.224404, 203.405245, 163.403214, 163.454893, 164.178675, 203.683994, 163.688965, 125.19667, 244.198916, 204.648336, 164.863976, 165.083917, 125.226333, 245.039395, 204.903242, 164.760094, 245.27581, 205.41619, 165.153729, 124.837333, 163.76841, 165.135879, 125.03845, 244.450665, 204.554196, 164.879186, 245.382224, 205.209391, 165.873243, 164.861501, 166.228952, 126.041757, 245.679281, 205.69302, 165.768817, 145.919105, 226.23725, 186.412881, 146.296509, 225.721291, 185.611307, 145.51907, 145.179521, 226.573451, 186.885473, 147.000532, 147.014302, 186.094419, 146.213684, 106.114599, 106.377155, 225.327205, 185.59979, 145.758438, 105.578948, 226.039633, 186.548378, 146.764978, 146.581412, 106.89041, 226.326889, 186.040775, 146.391976, 106.140208, 147.546214, 186.934785, 146.665705, 226.333915, 186.094307, 146.100528, 146.346539, 106.61325, 117.786326, 118.737867, 132.228111, 172.614111, 132.766111, 131.387111, 133.205111, 172.329111, 132.333111, 171.770111, 131.812111, 131.944878, 171.890878, 131.999878, 171.008878, 130.704878, 171.231878, 131.238878, 172.520527, 219.333416, 218.545416, 220.198416, 219.241416, 179.699416, 179.889416, 179.083152, 218.497152, 179.185152, 219.931152, 178.719152, 179.648152, 179.042152, 180.407397, 191.640016, 191.043321, 191.637754, 190.67013, 189.836519, 190.370979, 190.321264, 190.676627, 240.651822, 278.431052, 279.648833, 279.24467, 279.297482, 240.476917, 279.138424, 278.667888, 266.798808, 268.299102, 267.892912, 267.847991, 267.510012, 267.157348, 268.573381]
sync delay = 186.734888882
out notify interest = 48098.0
out beacon = 0.0
out data interest = 7499.0
out bundled interest = 1752.0
out data = 9593.0
out ack = 47776.0
out bundled data = 1458.0
collision rx = 253.068181818
collision tx = 1.5
cache hit = 6077.0
cache hit special = 654.0
retx_notify_interest = 19388.0
retx_data_interest = 953.0
retx_bundled_interest = 1646.0
state sync duration = 193.870619574
data availability = 1.0
[125.056307, 125.186307, 125.146307, 125.179625, 125.089625, 134.6349, 134.7249, 134.651864, 143.605299, 103.452299, 143.235299, 143.278976, 103.520976, 143.528976, 103.385976, 143.288976, 103.396976, 143.248976, 143.258976, 143.268976, 148.060669, 152.191633, 152.566307, 152.348106, 214.408355, 174.479948, 214.751475, 174.787912, 214.76949, 174.912986, 214.772767, 175.028317, 214.892363, 174.938282, 215.103877, 175.49957, 215.107824, 174.948931, 215.134458, 175.171566, 215.377725, 175.740911, 215.6382, 176.187571, 136.012571, 215.963571, 176.456571, 136.498571, 216.085517, 217.424169, 177.831305, 217.608489, 178.213877, 217.621854, 177.876127, 138.31341, 217.778479, 218.027847, 178.145152, 217.930522, 178.975772, 138.930844, 218.919925, 139.553368, 160.155953, 170.133317, 173.589291, 173.439291, 173.321706, 253.195464, 212.892464, 253.245464, 213.307464, 253.235464, 212.930464, 172.975817, 253.286149, 213.094149, 213.757374, 173.650374, 253.450309, 213.477309, 213.774309, 173.622309, 213.78019, 213.80619, 174.01919, 213.624838, 174.519132, 215.314733, 175.422709, 215.569825, 175.559667, 215.800194, 175.568526, 215.760932, 175.852668, 176.206395, 136.092085, 216.396197, 176.304673, 220.430894, 180.714109, 221.271736, 181.350521, 221.58727, 181.706026, 168.669528, 170.118839, 170.39707, 170.631743, 175.306377, 216.019988, 215.227988, 175.989988, 177.370524, 176.900384, 137.054229, 149.291341, 189.604824, 149.148473, 190.117876, 151.041876, 189.957107, 270.561155, 230.237155, 190.068155, 150.002155, 150.462155, 270.331155, 230.516155, 190.673155, 150.539155, 270.085878, 230.009878, 190.115878, 150.188878, 189.67614, 149.960189, 151.734651, 191.55185, 151.549008, 152.679529, 272.418745, 232.34071, 192.576701, 152.720157, 272.312249, 232.21381, 192.238267, 152.093467, 272.341445, 231.990701, 192.337773, 152.216375, 161.915825, 162.40031, 266.542689, 226.63198, 147.905636, 227.981926, 187.877926, 187.686017, 267.633116, 227.695116, 191.326295, 271.369295, 271.407253, 231.191253, 191.098253, 231.538095, 271.210095, 271.713833, 231.495833, 231.167833, 232.148914, 191.747001, 151.62062, 272.263937, 231.816937, 231.850937, 191.753937, 191.916937, 232.187361, 192.383002, 153.135764, 233.229578, 193.89125, 273.991221, 234.102221, 193.970221, 234.458881, 194.379485, 235.504235, 236.213691, 275.279124, 235.387075, 195.249645, 235.344366, 276.51544, 236.597102, 196.42044, 275.522589, 235.451797, 195.226233, 195.921964, 236.311312, 196.626945, 235.484026, 195.25736, 275.440368, 235.443915, 195.275504, 197.88841, 157.871285, 197.322708, 198.250907, 158.43292, 158.531373, 118.630234, 158.280534, 157.917235, 198.330657, 198.361993, 198.808717, 158.580676, 199.383601, 159.238795, 158.383609, 118.662467, 161.71417, 161.182146, 162.378758, 161.234739, 161.758632, 161.770992, 169.027169, 169.133169, 128.721169, 169.829636, 209.380636, 169.255636, 169.238309, 209.291309, 169.161309, 169.81264, 209.67666, 169.82966, 169.70566, 129.69566, 209.255502, 169.212502, 209.748192, 209.56196, 169.45996, 169.61996, 235.003953, 235.061953, 315.48647, 275.26447, 234.832652, 195.113274, 235.812274, 195.939274, 155.935274, 234.538297, 275.081297, 235.338297, 195.322297, 236.432297, 196.853974, 236.79365, 235.621957, 236.161957, 195.416152, 235.686809, 195.953809, 156.199718, 195.727718, 161.37371, 161.17771, 121.39471, 161.847262, 161.897245, 241.588265, 201.663406, 241.653263, 201.525121, 161.228267, 241.957985, 202.359091, 241.86872, 163.088039, 123.502599, 163.449737, 163.163337, 163.039701, 163.183961, 163.031902, 123.277079, 163.609131, 163.308648, 123.479881, 123.690896, 243.106815, 203.640364, 162.836952, 123.008515, 243.498504, 203.792677, 163.838114, 123.579114, 205.674869, 165.937058, 126.00516, 243.914684, 203.803848, 165.853186, 244.579504, 204.817122, 245.484976, 205.510732, 205.71177, 165.767317, 126.109617, 145.732878, 106.011878, 224.268878, 184.345878, 145.229878, 105.734878, 224.516878, 184.320878, 144.416878, 145.650462, 226.132307, 186.045307, 145.556307, 184.822307, 144.341307, 225.217307, 185.267307, 225.091307, 185.096307, 225.049938, 184.853512, 144.840525, 186.225421, 146.380745, 106.260427, 225.466972, 185.368962, 145.426626, 105.356097, 145.897779, 105.894916, 225.755599, 185.722275, 145.473656, 225.48619, 185.07427, 144.957949, 225.713209, 185.879666, 145.919844, 187.490198, 147.548717, 266.929611, 226.838346, 186.760888, 146.865549, 106.881104, 147.41414, 226.850591, 186.745371, 227.096081, 187.443099, 116.97707, 118.010633, 132.861378, 130.786159, 172.038606, 132.111719, 132.791214, 171.910179, 131.823846, 172.698208, 132.694067, 171.612486, 131.642064, 173.335004, 133.357394, 172.316608, 132.502779, 134.178748, 248.082415, 249.244771, 249.606214, 249.039566, 249.680546, 248.254863, 171.234056, 181.017113, 180.447625, 180.711574, 180.370481, 179.295674, 180.125906, 220.862929, 220.603842, 220.950904, 220.009569, 182.130749, 221.252317, 180.653841, 221.434911, 191.320818, 191.736818, 191.547818, 191.241818, 190.320818, 190.329818, 191.177818, 191.3006, 279.481326, 279.786606, 280.037116, 240.162395, 279.832886, 279.464173, 280.191272, 240.008006, 279.801321, 261.365442, 260.950141, 261.099993, 268.951323, 269.154006, 268.376891, 268.830062]
sync delay = 191.5835385
out notify interest = 49671.0
out beacon = 0.0
out data interest = 8396.0
out bundled interest = 1985.0
out data = 9659.0
out ack = 48024.0
out bundled data = 1618.0
collision rx = 222.409090909
collision tx = 1.77272727273
cache hit = 6590.0
cache hit special = 776.0
retx_notify_interest = 20902.0
retx_data_interest = 1637.0
retx_bundled_interest = 5555.0
state sync duration = 201.419295887
data availability = 1.0
[127.078833, 128.057767, 128.282507, 128.826996, 133.016687, 135.01726, 134.93726, 135.885581, 144.686476, 144.704702, 144.72572, 144.837246, 145.23741, 146.528742, 106.56032, 106.444499, 146.664472, 106.671432, 148.272182, 152.850485, 156.895489, 117.124489, 162.141721, 216.274621, 176.169621, 136.086621, 216.074621, 176.428621, 216.044621, 176.073621, 216.094621, 176.249621, 216.104225, 216.214225, 176.208225, 177.037852, 137.149852, 217.245138, 177.38698, 217.567478, 217.779479, 218.788364, 218.558364, 218.843623, 178.815647, 138.700131, 218.791614, 218.768041, 178.853047, 219.005696, 179.137878, 179.479872, 139.77792, 179.098251, 219.31095, 219.661784, 219.713924, 220.988326, 184.435676, 213.913216, 253.777216, 213.574216, 174.678058, 134.728058, 215.10158, 175.28558, 254.661419, 214.607772, 215.653818, 176.015502, 256.233164, 216.167259, 177.49581, 260.525826, 220.2728, 260.520022, 220.59366, 264.296684, 224.39593, 225.097798, 185.225294, 187.942002, 230.958085, 191.028085, 150.884085, 200.889473, 249.074184, 251.995882, 251.917064, 212.608243, 252.583484, 212.767484, 252.711484, 212.475484, 252.018427, 212.157427, 252.970414, 213.008684, 253.371868, 253.682418, 214.570864, 254.740875, 273.041027, 273.142532, 273.283965, 233.55451, 193.664035, 153.515362, 154.070916, 274.154773, 234.104038, 194.286566, 153.958909, 194.590358, 154.442577, 255.53059, 296.123835, 256.117419, 216.265014, 176.803949, 278.672092, 280.463864, 280.020826, 239.936479, 240.784964, 281.29571, 201.47929, 241.867424, 242.614361, 202.991242, 282.678555, 242.675531, 204.015951, 283.709128, 243.946243, 203.779467, 284.047409, 244.094424, 283.917254, 245.868405, 206.29412, 249.862092, 249.86898, 250.33744, 210.517118, 170.762337, 291.114799, 250.938146, 251.677437, 292.796619, 253.234053, 213.111463, 292.709586, 252.667898, 293.309901, 294.17274, 255.053387, 294.418644, 254.653493, 215.482684, 215.743224, 216.353087, 176.270811, 297.121973, 257.253483, 217.315152, 297.163407, 256.713066, 216.177438, 178.854218, 297.857785, 257.796033, 217.900735, 298.701095, 258.742065, 219.339658, 179.464168, 179.267134, 179.831022, 259.602213, 305.648818, 265.860818, 225.782818, 266.563122, 226.694182, 265.608549, 225.515365, 185.813718, 146.160163, 305.596343, 265.646726, 306.76403, 266.70903, 228.239407, 188.105189, 348.578747, 308.579898, 268.59287, 228.514879, 188.266725, 228.466539, 230.939429, 191.174463, 192.356227, 232.387006, 152.590946, 231.714772, 191.852098, 193.247668, 192.997018, 252.278105, 212.612039, 296.253395, 256.717596, 216.750449, 176.6715, 218.766863, 184.638152, 223.984362, 184.2647, 154.168415, 194.381093, 318.316956, 278.055956, 238.309956, 238.833614, 198.97052, 239.246511, 239.506693, 280.018409, 239.967229, 199.999614, 240.467429, 320.242533, 280.089854, 240.565736, 200.576739, 160.319092, 203.651779, 245.745589, 246.512824, 206.825826, 206.737926, 166.729045, 167.055193, 247.537315, 207.625764, 167.331853, 209.348647, 208.621356, 168.608883, 168.559882, 128.454246, 249.705492, 209.831791, 169.886771, 209.341456, 169.197029, 209.723056, 250.904882, 211.116736, 171.274184, 210.898165, 170.896083, 146.590502, 225.34558, 185.35458, 145.45258, 186.866531, 204.165763, 243.917763, 168.296265, 169.337493, 129.002433, 216.964551, 176.744897, 182.934484, 352.591404, 312.286594, 272.39504, 232.370156, 192.607476, 274.16126, 234.513652, 194.530861, 234.029429, 194.108345, 393.380056, 393.331183, 353.397865, 313.31772, 272.973091, 316.086987, 276.138783, 356.991486, 317.02172, 276.852911, 237.036396, 197.078472, 357.380669, 317.462304, 277.309097, 237.415478, 197.422136, 316.961955, 277.115436, 237.078281, 197.323009, 397.430523, 357.466838, 317.308819, 277.308913, 239.789438, 200.264096, 359.122705, 319.451935, 279.643841, 239.834831, 200.096628, 160.246457, 239.865492, 199.482821, 279.785122, 239.839724, 280.669838, 240.582654, 200.728229, 160.948607, 400.708691, 360.724005, 320.954295, 281.106474, 241.359812, 282.010511, 242.366313, 202.324983, 162.028918, 401.582877, 361.630566, 321.695693, 281.759911, 241.615611, 241.357025, 201.383531, 401.643625, 361.29115, 321.303865, 281.444484, 241.089157, 242.257305, 242.436164, 202.357548, 402.386928, 362.041742, 321.852839, 282.063024, 282.775087, 242.664087, 243.809087, 203.695087, 243.253962, 243.597901, 203.509086, 365.522168, 325.875546, 286.159156, 246.047597, 205.861693, 285.015961, 245.073009, 324.525827, 284.300474, 245.620463, 286.319649, 206.909424, 245.953589, 205.819223, 166.080067, 171.368117, 211.711551, 292.75342, 171.686015, 252.766616, 212.819539, 173.146607, 253.84258, 214.02112, 174.086481, 214.043417, 174.45281, 176.794869, 175.440829, 255.749785, 215.771492, 175.762646, 179.00838, 218.295973, 178.369287, 217.743022, 182.358619, 227.166977, 190.938353, 192.809783, 195.287476, 197.839588, 213.489113, 214.180235, 279.002681, 239.681552, 279.498447, 279.952308, 278.080565, 279.632221, 239.807038, 280.199153, 246.927399, 247.560787, 287.220941, 247.10153, 247.463376, 247.23219, 247.038036, 248.134148, 288.617198, 248.517478, 247.995611, 247.754712, 288.517707, 248.723488, 286.986386, 246.733893, 289.702579, 249.637683, 270.802526, 348.541605, 476.922365, 476.2912, 475.014101, 476.8839, 478.435553]
sync delay = 233.605811593
out notify interest = 57861.0
out beacon = 0.0
out data interest = 14509.0
out bundled interest = 5300.0
out data = 14935.0
out ack = 49445.0
out bundled data = 3547.0
collision rx = 160.568181818
collision tx = 1.22727272727
cache hit = 11624.0
cache hit special = 1620.0
retx_notify_interest = 28459.0
retx_data_interest = 5927.0
retx_bundled_interest = 15239.0
state sync duration = 268.209399992
data availability = 1.0
[126.708646, 126.588646, 126.678646, 126.618646, 144.391248, 125.748948, 167.146062, 173.28516, 202.121022, 202.251022, 216.857501, 216.867501, 216.962198, 217.894816, 177.872816, 218.054816, 218.888892, 219.439068, 220.059409, 222.86566, 224.853637, 230.706076, 190.843076, 235.932994, 235.942994, 236.618314, 258.595874, 222.932032, 227.490778, 229.292976, 232.566994, 192.972466, 193.136556, 278.292758, 278.636255, 280.442958, 240.273958, 244.297203, 204.468741, 286.775226, 249.060466, 296.859362, 300.745261, 260.756781, 182.854861, 302.986774, 262.826388, 263.025334, 227.081947, 307.480638, 267.895498, 267.792404, 228.14493, 274.524538, 275.142695, 317.347765, 277.074311, 279.8377, 320.08666, 240.0967, 280.219374, 283.117326, 242.996326, 202.905326, 248.529802, 353.824186, 313.724186, 353.700325, 355.339748, 238.550932, 365.211115, 325.210115, 285.315115, 364.981115, 325.232115, 325.642911, 285.957914, 340.127094, 304.564695, 264.492695, 224.601695, 304.39094, 264.94094, 224.85594, 344.36094, 304.47394, 304.890574, 265.023574, 265.419848, 224.719848, 184.466848, 345.264534, 304.900534, 306.850141, 346.333289, 306.72266, 266.915865, 226.83051, 307.798475, 308.163836, 270.234151, 230.621657, 190.972176, 151.409807, 356.207099, 315.977099, 275.757099, 235.830099, 195.790099, 278.532796, 398.066796, 358.132796, 318.457796, 358.026796, 318.180796, 398.396796, 358.530796, 285.480817, 245.42544, 366.339961, 326.243918, 247.019872, 286.694796, 366.870796, 326.793796, 286.926796, 246.725796, 327.873508, 287.819508, 248.132508, 368.017717, 328.053717, 288.487717, 248.115717, 288.161967, 248.146967, 368.50563, 329.506113, 370.021589, 340.492115, 300.549115, 260.454115, 340.468477, 300.415477, 420.652443, 380.861443, 340.713443, 420.636082, 380.703082, 341.067082, 300.562449, 260.876449, 421.014449, 380.991449, 264.765412, 307.613702, 391.281129, 273.019252, 273.510271, 236.582713, 196.820516, 318.029886, 399.608316, 359.507613, 359.965986, 319.895697, 320.339731, 279.858949, 280.199431, 360.244068, 361.050659, 361.386239, 321.467303, 282.362975, 330.380337, 290.394039, 250.613322, 333.602128, 333.963833, 294.10291, 334.386171, 294.635084, 254.26444, 296.905363, 296.110734, 255.934375, 257.110368, 340.310863, 264.631257, 223.966257, 183.739257, 384.800195, 425.806944, 267.151684, 266.807112, 387.177598, 347.20189, 307.027867, 266.963751, 389.866433, 313.191151, 273.18161, 319.536187, 284.440876, 288.598493, 271.849779, 232.321721, 192.447534, 314.602328, 274.672752, 435.503945, 396.050704, 356.26641, 317.278489, 318.400961, 449.60279, 409.297344, 369.29728, 410.254654, 450.241653, 410.461064, 370.559502, 330.792428, 290.759172, 371.186333, 255.524984, 216.086393, 415.912663, 376.05399, 335.899446, 376.034247, 415.965227, 297.356847, 337.866136, 299.658143, 300.0558, 382.272879, 263.930022, 224.357983, 342.783042, 302.972031, 345.653797, 349.791521, 269.256535, 271.671414, 275.895627, 235.969732, 441.54458, 442.859789, 324.832197, 284.799738, 407.802939, 367.799044, 327.783044, 287.954044, 367.942044, 327.922044, 287.658044, 328.608097, 289.116037, 249.259487, 209.174819, 369.432309, 328.778922, 288.965922, 249.344922, 329.870876, 289.597876, 329.361876, 289.490261, 289.576625, 370.179625, 369.372854, 329.471854, 289.301854, 329.090854, 289.303854, 290.054637, 329.346631, 289.511631, 250.086631, 370.087631, 330.217631, 290.268631, 212.99169, 254.548792, 214.661699, 335.722736, 375.410599, 335.783331, 295.674406, 255.752377, 416.466152, 498.171655, 458.450854, 418.971273, 337.980679, 298.114816, 381.036409, 341.060687, 220.405842, 221.396761, 261.875058, 381.679171, 304.052795, 264.378449, 422.384048, 382.373833, 342.385745, 302.46602, 342.754033, 302.989007, 263.126018, 265.849111, 225.825352, 386.348774, 346.65204, 307.004036, 267.018473, 227.134632, 345.708958, 305.717258, 265.84547, 466.952852, 426.960046, 387.223346, 347.436919, 386.122602, 346.299147, 306.324686, 267.545501, 227.323179, 467.714476, 310.331308, 510.258308, 470.259308, 429.874308, 390.020308, 271.449943, 270.851518, 234.029059, 353.647082, 313.274701, 272.917056, 273.634483, 353.136988, 314.145017, 274.15374, 273.523487, 433.791061, 315.189469, 274.019976, 474.495402, 434.714703, 394.815055, 354.255884, 313.890884, 277.177459, 236.881515, 395.770706, 355.750998, 316.869562, 276.679866, 237.2778, 237.96347, 358.258004, 318.308524, 278.228464, 317.881058, 278.115105, 238.93457, 239.418821, 400.127567, 360.017652, 320.614324, 240.850062, 400.732478, 360.668168, 320.658104, 282.359411, 444.159114, 404.915286, 365.728628, 287.464515, 247.601515, 248.281515, 247.866515, 249.655873, 287.950435, 248.145886, 329.324914, 289.657449, 304.075569, 386.076569, 345.659569, 305.454569, 265.410569, 265.771569, 384.996569, 344.838569, 304.924569, 308.382934, 389.199934, 349.439934, 309.620934, 269.565934, 389.653934, 349.922934, 309.847934, 269.496774, 270.015774, 269.326774, 270.805318, 429.683318, 389.923318, 349.590318, 309.613318, 269.316318, 270.709318, 269.942318, 271.954674, 276.383654, 277.320049, 330.671963, 330.891034, 294.497696, 300.346727, 299.106101, 299.855488, 300.940776, 329.281721, 373.391765, 342.152116, 472.148381, 515.992076, 476.268958, 478.769399, 477.90209, 518.672001, 478.714094]
sync delay = 307.084040561
out notify interest = 68547.0
out beacon = 0.0
out data interest = 17638.0
out bundled interest = 9348.0
out data = 13858.0
out ack = 47126.0
out bundled data = 4453.0
collision rx = 78.4545454545
collision tx = 0.772727272727
cache hit = 10580.0
cache hit special = 1117.0
retx_notify_interest = 38520.0
retx_data_interest = 9409.0
retx_bundled_interest = 21178.0
state sync duration = 346.17643121
