data availability = 1.0
[197.419352, 197.84038, 157.725863, 197.80235, 198.010881, 197.818402, 197.830519, 158.076757, 197.995058, 199.347148, 199.578037, 221.803703, 261.933082, 222.015831, 222.341503, 221.84716, 261.966728, 262.021934, 221.565391, 222.253492, 262.278731, 262.034565, 262.067033, 262.057505, 222.154933, 287.204167, 207.502646, 287.269576, 287.292478, 208.075826, 207.780107, 247.611551, 287.452226, 287.503697, 287.580432, 287.639463, 287.602507, 207.935362, 247.818664, 287.682692, 287.627158, 287.632046, 207.817884, 287.78822, 287.720719, 287.642382, 207.965605, 247.911705, 287.865375, 287.780976, 287.799667, 248.01362, 299.51974, 192.28699, 272.545835, 232.122788, 272.591625, 232.618224, 192.445128, 192.607035, 309.535168, 269.681346, 269.780694, 270.03211, 310.045376, 190.383641, 310.528173, 230.71977, 270.727153, 270.63784, 310.38546, 270.451008, 310.745481, 230.885898, 310.486358, 230.778015, 231.778377, 311.110336, 191.286667, 273.851251, 194.70544, 233.544308, 194.159246, 370.604327, 370.703841, 370.879, 330.918818, 291.740888, 290.864856, 371.157239, 291.027449, 331.503786, 371.510188, 332.058903, 291.821526, 331.30197, 372.862288, 333.14691, 292.823807, 293.33621, 292.973303, 335.316856, 383.016659, 302.877401, 342.797052, 462.57359, 302.22421, 422.549017, 422.552967, 343.181688, 342.948756, 302.83292, 383.127802, 383.150111, 303.062497, 342.684768, 302.807638, 303.74071, 223.212414, 222.81126, 382.851632, 263.445473, 383.281864, 303.468619, 223.947424, 263.61877, 343.382765, 463.629797, 303.477606, 343.57111, 463.752361, 304.002085, 303.609731, 263.373739, 343.107661, 343.503259, 343.771539, 263.555218, 423.667608, 463.587967, 264.275036, 303.692216, 263.600895, 303.590682, 344.222911, 343.801793, 223.166835, 223.492965, 304.473521, 304.003125, 263.574415, 223.510979, 423.725266, 464.449911, 384.449829, 344.414114, 425.147932, 345.368125, 189.512814, 350.23316, 310.94304, 230.609689, 269.698528, 310.269568, 389.985084, 390.809386, 389.818943, 430.161602, 190.291444, 230.079082, 190.292689, 390.064204, 351.248044, 430.452948, 270.268681, 430.124867, 349.671857, 350.057112, 390.272419, 350.405224, 389.853499, 310.646434, 350.022884, 350.248743, 191.943338, 310.638613, 350.464368, 430.215487, 230.498729, 350.614664, 350.022171, 350.329823, 309.835644, 191.357114, 390.23687, 270.932508, 350.188987, 350.913276, 270.801364, 390.345258, 271.350982, 310.912898, 390.590537, 271.124942, 191.625813, 310.4331, 231.368317, 269.562652, 350.667137, 189.09604, 190.711144, 230.762799, 230.469204, 190.471227, 191.166663, 231.587106, 390.282171, 310.417582, 390.549214, 273.845563, 432.676944, 353.321831, 393.5164, 273.183835, 393.015202, 274.609385, 355.144459, 235.339508, 435.310649, 435.317158, 435.163046, 276.616877, 355.17846, 236.722976, 316.745962, 315.585703, 315.809212, 316.214017, 234.106516, 319.804908, 480.416131, 240.372158, 295.363392, 335.471565, 328.516219, 328.180672, 368.162424, 248.250441, 328.100209, 247.349296, 247.484345, 367.180485, 327.268045, 287.481745, 288.517059, 367.654079, 368.472008, 248.540739, 288.419082, 287.310702, 327.435788, 328.62699, 367.98855, 327.960857, 248.28454, 288.491004, 327.808446, 367.553972, 247.211697, 368.056087, 286.820247, 246.734427, 326.842076, 367.368635, 407.502011, 288.295595, 295.23007, 286.587892, 286.701914, 284.704574, 287.698333, 286.462313, 287.228855, 286.285605, 385.408285, 345.689505, 345.288425, 345.020025, 459.806581, 619.357201, 580.82311, 499.66989, 498.893283, 619.198851, 618.857567, 461.105367, 539.07564, 459.719101, 579.971205, 499.530641, 619.851909, 541.140458, 579.376462, 499.057648, 458.883803, 498.888533, 539.109344, 539.082802, 579.035458, 619.46957, 500.087021, 540.032212, 620.134939, 579.436579, 461.332279, 579.940227, 459.974332, 459.207346, 459.669541, 501.429688, 459.923337, 500.296072, 460.095416, 539.637654, 540.089761, 579.722278, 513.985353, 513.837811, 474.085408, 472.897182, 513.023912, 473.906805, 514.077607, 513.167045, 473.029686, 474.219047, 473.309688, 513.608089, 513.260331, 473.686573]
sync delay = 333.473863024
out notify interest = 3584.0
out data interest = 30544.0
out bundled interest = 0.0
out data = 22783.0
out bundled data = 0.0
collision rx = 599.088235294
collision tx = 9.47058823529
cache hit = 11512.0
cache hit special = 697.0
retx_notify_interest = 780.0
retx_data_interest = 18529.0
retx_bundled_interest = 0.0
state sync duration = 332.166837997
data availability = 1.0
[141.84476, 141.859424, 141.895673, 142.026329, 142.121826, 142.042496, 141.894509, 141.86301, 102.245516, 142.121762, 141.916826, 142.213318, 102.165632, 174.959405, 175.292735, 175.094548, 175.208303, 175.438635, 175.250261, 175.525893, 175.379075, 175.389533, 213.515492, 213.20496, 213.913057, 213.890498, 213.876751, 214.231578, 214.055429, 248.689601, 288.675794, 249.084491, 288.79352, 249.405627, 208.421168, 249.266348, 288.932795, 208.561782, 208.877125, 209.391204, 289.197501, 249.221784, 208.983151, 248.960207, 289.127644, 248.933286, 249.200066, 289.330192, 289.405058, 289.313984, 249.561722, 209.621577, 249.507949, 249.329696, 289.524873, 249.368593, 249.165487, 249.034117, 249.501662, 209.474206, 289.551814, 209.927656, 289.557939, 249.666743, 249.553057, 289.583875, 249.898348, 249.395723, 249.463361, 252.449738, 293.089282, 213.115998, 293.299984, 253.322494, 293.224978, 213.176442, 293.257933, 213.212987, 213.853381, 253.233485, 135.105304, 214.4837, 214.967315, 175.702116, 135.336758, 214.770355, 215.352736, 215.399404, 175.166821, 175.220141, 175.687194, 300.602877, 300.824523, 300.648067, 190.275064, 190.153487, 231.094425, 191.557114, 151.764543, 191.54187, 191.710464, 190.655987, 191.213171, 151.66481, 153.11716, 153.661427, 157.942203, 158.233537, 158.032066, 158.805985, 198.831518, 238.469472, 198.879134, 199.340038, 199.555567, 199.312192, 159.155271, 195.321806, 368.688765, 289.099673, 288.438471, 328.578796, 208.909035, 289.213701, 209.384174, 329.292369, 289.379083, 288.921759, 249.316246, 169.557068, 328.745367, 369.013007, 329.091579, 328.912789, 289.447045, 329.619611, 250.034132, 248.762327, 289.227417, 250.209298, 289.817548, 290.339821, 169.719947, 289.708249, 370.204324, 330.452195, 330.060111, 211.14699, 211.00851, 370.540784, 330.340499, 370.60318, 210.194345, 250.190203, 209.748387, 290.267746, 250.329069, 251.217009, 250.986272, 330.568041, 251.425399, 213.893664, 254.043982, 213.962496, 213.839373, 253.88156, 253.889003, 214.317868, 333.978525, 293.950877, 373.890216, 334.09241, 293.672848, 214.037991, 294.257242, 294.439437, 214.718839, 174.953842, 256.741306, 376.606928, 337.126275, 243.149266, 283.85523, 203.180137, 162.897696, 282.795725, 203.092868, 203.398954, 283.093493, 164.337539, 202.907602, 202.754262, 243.364585, 283.065296, 163.517689, 243.688984, 164.007542, 163.50267, 163.289321, 203.699939, 243.684297, 165.654462, 205.992022, 206.274873, 285.636074, 245.201649, 285.326205, 245.173359, 166.637873, 292.615029, 230.123349, 190.292144, 309.839352, 349.965379, 269.048536, 230.328913, 230.36663, 229.362576, 269.71855, 150.331537, 309.962989, 268.93254, 150.371277, 230.192396, 310.485245, 269.851883, 270.158862, 310.452634, 430.399327, 310.568152, 190.130681, 150.514696, 390.236047, 190.624593, 309.388415, 230.605329, 310.797995, 189.158002, 230.819896, 230.511453, 310.616906, 310.386205, 190.483677, 350.572358, 310.350797, 190.245353, 349.761565, 390.56495, 310.347531, 390.65952, 191.501414, 350.848198, 310.602794, 230.564368, 271.182811, 229.775581, 190.26796, 191.155316, 270.824904, 270.865565, 270.724592, 390.824694, 229.87222, 231.248223, 189.955454, 230.572385, 430.811707, 270.752166, 150.384248, 230.21858, 230.758642, 310.675047, 231.371764, 350.976725, 231.210414, 270.79245, 270.626383, 151.064855, 230.78706, 271.14641, 430.858328, 431.19966, 350.777341, 270.367651, 190.706769, 191.284835, 231.290688, 191.332908, 191.179882, 270.947253, 310.938435, 151.884013, 191.061792, 350.968013, 191.177671, 191.906909, 190.679483, 351.064668, 391.450614, 168.288368, 248.121652, 209.461415, 248.375775, 248.385173, 447.89188, 408.553717, 408.497347, 248.826336, 169.523367, 208.188288, 248.48544, 288.259456, 288.847217, 289.039653, 328.496665, 209.114238, 208.903704, 169.345085, 168.600662, 287.895915, 329.62808, 248.278669, 168.621867, 328.395651, 408.110396, 248.284449, 169.37345, 288.732307, 168.266237, 249.22778, 208.432718, 248.986989, 209.045447, 248.940619, 288.803761, 289.129836, 288.717457, 329.067536, 208.076299, 328.351599, 209.256185, 289.140841, 448.74121, 448.785295, 168.964432, 329.446475, 289.573467, 248.295162, 168.012842, 288.912614, 169.47142, 248.928721, 289.814083, 208.592663, 290.376015, 203.667332, 204.176673, 203.701018, 204.812313, 202.736743, 204.92991, 204.330717, 203.689963, 202.964149, 215.572524, 277.682368, 278.093572, 278.136709, 278.586449, 317.868381, 318.129373, 279.272811, 318.472866, 277.907097, 318.888515, 317.672958, 318.000189, 278.334502, 473.320184, 513.879714, 473.446648, 513.471381, 472.938751, 472.793082, 474.178379, 512.793395, 513.109219, 513.246556, 513.437512, 481.814903]
sync delay = 254.849740544
out notify interest = 4585.0
out data interest = 39398.0
out bundled interest = 0.0
out data = 29913.0
out bundled data = 0.0
collision rx = 700.41025641
collision tx = 14.2051282051
cache hit = 16433.0
cache hit special = 831.0
retx_notify_interest = 896.0
retx_data_interest = 23549.0
retx_bundled_interest = 0.0
state sync duration = 250.282921556
data availability = 1.0
[125.67925, 125.870159, 125.842208, 125.790403, 125.954143, 135.545056, 135.583498, 135.615591, 103.237709, 103.698344, 143.235524, 103.677758, 143.23644, 143.261012, 143.538187, 143.302781, 143.295014, 103.540514, 143.637087, 143.30357, 149.071028, 152.029072, 151.716782, 151.985882, 159.471462, 174.667318, 214.362158, 174.582385, 214.58236, 134.809276, 174.554186, 174.472751, 214.641687, 174.622566, 135.038263, 214.910154, 214.640171, 214.956164, 174.568444, 174.69034, 175.119386, 214.815271, 214.79117, 214.761696, 215.017197, 214.942628, 215.062908, 214.883923, 174.826381, 214.925052, 175.058791, 134.748375, 174.877612, 175.238692, 174.7832, 174.471662, 174.988686, 214.992458, 215.026537, 175.227017, 216.821194, 216.716933, 137.802268, 138.014196, 239.969003, 171.595549, 252.291684, 252.334681, 252.397333, 212.989692, 173.565758, 172.737151, 173.502517, 213.61636, 213.415844, 213.283673, 214.030885, 253.767582, 174.367375, 174.617982, 174.199724, 174.084053, 214.063077, 213.992009, 214.337031, 214.415406, 174.646706, 173.551484, 174.236176, 213.8154, 173.982225, 213.862636, 213.984209, 213.562693, 214.248066, 134.348305, 173.863793, 174.234279, 214.429336, 213.952176, 173.9724, 134.250293, 174.750782, 215.557684, 215.645907, 176.283592, 199.617756, 167.499651, 167.515137, 168.019141, 136.202098, 215.500467, 215.539256, 135.565148, 215.787557, 176.001542, 215.847372, 175.686802, 176.559093, 176.241897, 135.202067, 176.069634, 175.503119, 176.987634, 176.265143, 176.34954, 216.365889, 189.941645, 190.742237, 151.068821, 190.251873, 191.182162, 150.26731, 190.341657, 150.439102, 190.608775, 150.529204, 151.239184, 191.072421, 150.771169, 150.728159, 190.482395, 150.56761, 151.023072, 150.845298, 190.511844, 190.732254, 150.57803, 150.888689, 150.981158, 190.902151, 150.231514, 190.3904, 150.820678, 230.777195, 150.752937, 270.743001, 270.256695, 151.077244, 191.015864, 271.29331, 150.071375, 230.397471, 190.429883, 190.912154, 190.446267, 191.460981, 151.240151, 150.335208, 270.847107, 230.270391, 270.563608, 230.815259, 150.691175, 151.8734, 231.29004, 230.616916, 277.748369, 160.400497, 199.152847, 199.692379, 239.430704, 239.598367, 239.276766, 199.724329, 159.73299, 199.48555, 159.868839, 200.683821, 239.608706, 162.984592, 162.635107, 123.160523, 163.537648, 162.344207, 162.815967, 162.459838, 122.259761, 145.830722, 266.154535, 266.176534, 266.393196, 226.124768, 265.615869, 226.495145, 186.924303, 266.817033, 225.871881, 226.429268, 226.761378, 266.378445, 187.001046, 151.184048, 195.376891, 155.51027, 156.33576, 156.190015, 116.200838, 196.216082, 155.946725, 116.376604, 157.055371, 156.334649, 156.915836, 195.904258, 156.102911, 156.827987, 155.523313, 156.580583, 120.325053, 239.957449, 199.620421, 239.61036, 199.647828, 159.584945, 199.641289, 159.071258, 158.78326, 199.613537, 159.715482, 208.229807, 128.847383, 168.855205, 169.458617, 209.284557, 169.08018, 168.877854, 209.067062, 209.512585, 169.095081, 209.578789, 169.238469, 169.700145, 209.47061, 170.611, 169.958268, 134.04331, 174.797306, 173.429973, 235.735519, 155.477025, 195.6825, 236.05561, 235.887311, 236.68319, 156.572346, 236.631291, 237.245863, 196.600611, 197.690626, 197.504826, 156.426542, 317.086953, 197.050844, 237.901306, 238.837329, 198.13912, 237.914778, 277.198632, 197.956339, 238.220955, 201.852959, 241.416893, 202.437966, 241.325138, 242.031502, 242.543492, 241.925688, 242.398067, 123.33858, 163.265793, 161.994393, 123.135581, 162.861333, 201.686099, 241.645848, 201.624848, 162.635735, 162.633342, 163.025319, 122.455816, 123.315126, 163.530902, 123.952117, 162.88394, 205.268901, 125.692471, 166.534308, 126.708352, 165.783156, 164.91416, 164.701409, 165.753307, 86.42844, 126.647074, 167.727007, 206.476411, 206.911896, 126.933705, 207.127264, 166.935108, 206.09161, 145.70958, 224.337159, 144.180085, 104.079764, 184.247498, 184.280277, 144.33874, 104.876264, 185.295514, 225.506088, 224.06589, 184.629534, 183.560113, 224.658731, 223.977577, 144.114021, 103.29064, 143.350436, 183.776481, 144.811745, 144.334444, 224.949168, 144.049149, 224.824897, 184.711704, 144.86306, 184.703567, 184.913937, 145.139669, 184.549655, 145.14989, 224.654124, 184.272292, 145.229636, 105.558892, 224.666122, 184.572965, 144.746393, 144.347156, 224.855798, 185.077042, 224.748888, 184.480337, 186.421672, 265.670558, 118.635619, 119.914293, 170.863384, 132.167062, 130.918156, 131.461666, 172.40575, 171.239368, 131.845421, 171.769927, 133.468313, 131.586854, 132.292194, 131.016187, 170.830325, 186.815867, 226.977118, 267.210305, 146.904368, 146.967997, 227.411358, 307.773511, 267.637458, 187.483768, 227.783087, 226.614158, 267.588791, 147.552358, 228.320559, 226.593925, 187.883968, 228.130826, 227.924743, 227.174194, 148.777672, 171.816715, 180.426372, 180.639518, 179.792061, 220.612266, 220.260342, 180.321442, 219.084841, 219.459465, 179.326555, 220.215773, 219.691244, 180.484274, 180.084818, 179.943606, 191.900452, 190.262238, 191.664159, 192.979681, 190.736202, 191.775748, 191.181485, 192.077148, 279.341335, 240.062761, 240.101532, 280.218362, 279.03642, 279.749555, 280.415899, 279.920989, 280.405072, 269.684692, 268.334932, 269.87305, 269.012141, 269.721784, 269.043627]
sync delay = 187.187765482
out notify interest = 5874.0
out data interest = 70877.0
out bundled interest = 0.0
out data = 36626.0
out bundled data = 0.0
collision rx = 758.704545455
collision tx = 14.8409090909
cache hit = 20684.0
cache hit special = 978.0
retx_notify_interest = 1133.0
retx_data_interest = 46920.0
retx_bundled_interest = 0.0
state sync duration = 183.05614857
data availability = 1.0
[125.274059, 125.245995, 125.264159, 125.459802, 125.461338, 125.517005, 125.400783, 129.9511, 135.618226, 136.05983, 135.681596, 136.041654, 135.7842, 136.130809, 96.272715, 136.383909, 136.436045, 136.019672, 136.260617, 136.355006, 96.241788, 136.360236, 136.39434, 136.122249, 136.526827, 136.186765, 136.478277, 104.354199, 104.400329, 104.1854, 104.405057, 104.708056, 104.419159, 144.300181, 144.332647, 144.350973, 144.325231, 144.306326, 144.338895, 112.772878, 159.450008, 119.457728, 119.85438, 174.652488, 174.760284, 175.261067, 215.034294, 135.157619, 215.386386, 135.681382, 215.340934, 215.380636, 175.477489, 215.384803, 175.60934, 175.963602, 135.245034, 215.33782, 215.415088, 215.692718, 215.447985, 215.457706, 175.618742, 215.448401, 215.463572, 215.714675, 215.762221, 216.192737, 218.217104, 218.058645, 143.182278, 143.19237, 183.397829, 103.635929, 183.046514, 143.391111, 183.033482, 182.856743, 103.125789, 183.165735, 183.276366, 103.379951, 143.056825, 183.012221, 183.085446, 183.141645, 183.378548, 143.361956, 183.202569, 159.885211, 174.228862, 174.118774, 213.760887, 213.831694, 173.565797, 174.056696, 213.861156, 174.309967, 174.595356, 214.319974, 213.886083, 134.362345, 213.96719, 173.899712, 174.389968, 174.710313, 174.767921, 214.313806, 174.857492, 214.754626, 175.120442, 214.507349, 134.683, 174.580109, 174.569305, 174.377736, 214.440673, 174.864487, 134.019447, 214.286003, 135.433642, 174.588185, 215.152976, 135.25586, 174.186532, 174.778984, 174.829089, 174.191901, 134.763793, 174.640254, 174.798944, 101.30774, 141.276497, 101.736557, 141.420188, 101.955754, 146.01066, 146.133148, 146.038273, 146.661627, 146.563012, 199.08329, 198.835627, 239.260901, 199.364189, 159.528221, 159.753657, 239.13148, 119.090551, 119.207558, 159.766971, 198.804842, 199.146677, 119.835141, 158.976624, 119.432144, 159.478391, 161.323589, 127.714942, 150.098204, 150.095254, 190.247303, 189.630264, 189.761806, 189.087934, 189.178532, 189.326716, 149.955052, 189.47815, 150.296481, 150.313953, 151.060483, 231.357333, 191.332429, 271.240994, 152.057022, 151.559809, 151.49085, 191.419545, 151.071769, 191.556411, 151.814231, 152.528014, 271.590184, 191.570365, 191.987532, 152.423176, 112.284051, 272.032531, 111.616918, 232.066423, 271.706814, 231.842023, 191.707593, 112.195637, 271.91446, 151.541591, 232.078066, 153.454233, 154.212622, 154.377689, 154.144895, 233.947986, 156.310037, 155.575132, 156.767375, 236.93494, 276.134244, 116.639499, 116.48432, 143.359232, 144.202401, 183.933684, 183.427372, 183.642775, 223.279447, 263.138659, 263.254792, 223.118532, 263.816732, 223.611568, 263.653705, 223.213974, 224.050236, 223.769456, 263.54568, 263.688688, 155.923333, 155.119636, 155.493066, 195.770889, 156.251809, 155.898446, 196.583115, 155.916369, 115.686679, 156.61723, 155.42995, 116.155532, 156.127198, 195.936546, 156.169264, 196.323908, 196.685095, 160.137694, 200.303596, 159.540826, 120.433959, 159.632379, 200.132061, 160.51051, 165.422985, 125.593621, 165.923484, 206.172094, 244.925565, 165.634033, 206.32128, 166.410031, 205.912882, 166.456908, 205.579817, 206.288267, 166.19465, 166.294191, 205.487105, 206.170799, 165.461667, 166.15682, 125.141993, 205.168696, 188.115405, 187.090242, 193.733367, 315.056723, 234.493872, 314.414021, 196.279922, 155.072501, 235.311972, 315.513273, 275.678898, 236.212785, 275.888229, 275.753206, 316.302736, 316.390725, 156.845083, 156.487686, 316.548066, 236.850501, 236.479343, 237.137286, 196.685446, 235.512291, 196.890638, 276.407313, 197.908246, 197.048043, 237.243316, 277.738676, 237.170562, 316.928183, 277.570881, 237.863106, 200.87347, 121.44603, 120.673457, 120.242076, 201.77548, 160.799979, 161.827662, 80.374976, 81.282542, 122.243247, 161.80989, 121.199076, 121.051897, 81.757167, 241.354683, 241.010384, 161.785158, 122.052559, 122.449133, 80.879781, 161.173555, 162.765625, 161.291467, 161.556312, 201.525731, 121.991864, 162.005211, 161.778794, 161.353869, 201.017169, 121.133193, 162.238845, 162.372772, 200.886293, 122.4586, 161.762703, 202.451624, 161.636669, 121.677714, 162.644099, 83.485339, 202.089918, 201.045662, 201.529615, 122.205752, 120.616305, 123.6801, 161.886185, 122.95326, 122.188462, 162.706255, 82.173379, 122.495405, 122.374671, 123.040702, 121.7656, 160.753599, 162.800195, 202.534861, 122.98856, 83.136597, 201.90335, 163.264948, 202.869235, 243.736059, 163.511785, 84.389894, 84.264368, 162.911901, 82.813155, 242.543247, 164.137382, 165.087029, 84.831758, 165.152458, 165.054825, 163.489008, 83.467653, 204.201744, 204.295429, 165.28801, 164.912942, 204.255147, 164.356855, 124.001432, 165.469624, 204.829265, 163.812857, 123.864726, 164.41367, 84.392608, 203.534848, 164.729957, 163.924125, 165.513245, 129.185527, 129.851123, 130.405538, 117.900506, 131.24595, 131.485974, 267.881955, 147.603831, 227.572681, 227.184149, 347.646035, 187.537779, 147.223427, 268.025877, 226.533144, 147.803637, 187.695793, 307.37308, 227.675024, 306.464739, 267.175488, 187.805874, 307.888322, 346.93605, 187.398536, 267.651593, 307.384311, 307.194533, 227.093989, 227.502892, 348.353152, 267.056664, 268.324421, 147.918273, 188.345373, 388.095213, 307.778947, 267.239805, 268.306378, 267.397061, 148.487052, 267.398595, 187.883714, 229.166364, 267.964006, 187.448684, 187.026379, 148.248471, 187.218934, 187.142791, 148.809086, 187.671246, 147.019464, 187.996897, 188.543645, 268.217427, 188.100746, 188.568037, 160.207989, 160.785317, 159.841712, 160.538997, 160.833691, 160.858184, 160.477874, 160.013525, 160.447732, 161.332071, 160.665687, 161.430538, 159.275707, 170.449217, 170.123003, 252.127736, 252.377891, 212.150521, 252.671477, 252.327752, 252.344923, 213.201422, 212.501821, 251.933971, 252.653811, 215.599071, 270.532013, 269.798455, 269.53032, 269.479692, 269.783905, 270.016164]
sync delay = 180.825109667
out notify interest = 7403.0
out data interest = 72654.0
out bundled interest = 0.0
out data = 45451.0
out bundled data = 0.0
collision rx = 757.93877551
collision tx = 14.8979591837
cache hit = 25759.0
cache hit special = 1168.0
retx_notify_interest = 1324.0
retx_data_interest = 45320.0
retx_bundled_interest = 0.0
state sync duration = 174.60307638
data availability = 1.0
[125.623107, 125.597196, 125.634492, 125.560018, 125.72928, 125.949306, 126.205018, 127.826855, 129.982393, 134.421148, 134.820262, 94.635751, 135.057044, 134.552762, 94.577644, 134.599976, 135.12343, 95.191705, 135.196995, 94.974425, 135.30865, 135.167354, 135.291236, 134.919073, 134.962352, 135.190422, 134.948442, 135.306737, 135.351982, 135.269257, 135.29104, 135.113929, 135.122512, 135.11548, 105.234572, 104.873124, 105.124467, 105.153867, 104.984462, 144.909253, 145.072107, 144.893572, 119.64838, 159.752822, 119.754145, 159.55364, 120.249645, 119.875748, 132.58656, 132.618476, 133.542205, 135.187811, 174.893951, 174.980082, 175.343387, 134.820825, 175.120262, 175.054648, 135.240247, 175.136039, 135.287867, 135.363344, 175.564788, 136.091274, 175.375064, 175.477109, 135.232058, 175.234845, 175.658572, 135.278437, 175.379958, 175.355888, 137.230158, 137.078883, 176.945683, 137.004691, 137.407409, 177.015617, 137.011075, 177.159005, 177.09252, 137.461, 177.366226, 177.138799, 140.782641, 140.773743, 100.627388, 140.324789, 141.030434, 101.17644, 141.057369, 113.596958, 113.887314, 153.341989, 113.470384, 153.160226, 153.435765, 113.727985, 154.065274, 113.635649, 113.88874, 153.677593, 153.700413, 116.046888, 116.124989, 115.941981, 116.137646, 155.983171, 95.912547, 135.871065, 95.524736, 135.370288, 135.49084, 96.202402, 136.659519, 136.512741, 136.355383, 97.459256, 97.799385, 98.258849, 97.778078, 98.005595, 104.931116, 105.46591, 145.116492, 105.25715, 174.60957, 175.317509, 95.18061, 175.457908, 135.454315, 175.832971, 95.589831, 136.629923, 215.682003, 175.444149, 135.872509, 95.81808, 136.150101, 175.78565, 175.679191, 175.743252, 135.878979, 135.885391, 175.924365, 176.144117, 216.254289, 95.999007, 176.159193, 135.725617, 215.980368, 96.447965, 175.835253, 176.440771, 135.687358, 136.731178, 216.367628, 175.388564, 136.493003, 216.153114, 135.993934, 176.021067, 176.170889, 175.909943, 176.38708, 110.411523, 229.901053, 229.594638, 109.127788, 109.98421, 189.630823, 150.284537, 149.624875, 149.631199, 190.0319, 189.779123, 150.395122, 190.433334, 149.829896, 150.248791, 189.935342, 149.853174, 189.784833, 149.407659, 229.605021, 150.442812, 189.760346, 109.875247, 190.000569, 189.796782, 229.879238, 110.466258, 110.502151, 150.127841, 110.205816, 229.679339, 110.330528, 149.651681, 110.24683, 189.55111, 149.756185, 199.209002, 159.23037, 199.230933, 159.592657, 119.598655, 159.94749, 119.178601, 119.742442, 120.01603, 199.500049, 120.045969, 199.34354, 239.386714, 119.542142, 120.085768, 159.775192, 199.524591, 199.346883, 239.38998, 120.27052, 159.441796, 199.706769, 134.098877, 134.359796, 133.834727, 133.555945, 174.040175, 174.491829, 174.609236, 134.441984, 94.254485, 174.729454, 173.865834, 134.349091, 94.666384, 95.27452, 174.63973, 174.594287, 134.343591, 134.559544, 110.839145, 150.049375, 189.855746, 109.937994, 189.496967, 149.45901, 150.036197, 149.442924, 189.313369, 149.030199, 189.660452, 149.657639, 189.540924, 149.5437, 189.581249, 149.258342, 190.065758, 150.897647, 149.906073, 149.957139, 194.135814, 154.232976, 132.22342, 172.988568, 131.742298, 132.254446, 144.219779, 144.935204, 145.408907, 185.002439, 184.541006, 145.172506, 144.046243, 185.872476, 184.191252, 184.065883, 184.734589, 184.633966, 184.411177, 184.644346, 185.039961, 144.852053, 157.174422, 157.415952, 157.488573, 158.052106, 117.376143, 158.13456, 117.870577, 157.633247, 159.342225, 160.28196, 159.209519, 160.270442, 159.888158, 159.314044, 159.997598, 121.128919, 120.208988, 120.261615, 149.466017, 150.06535, 190.493797, 150.224494, 150.391304, 190.77939, 190.444849, 112.029379, 191.005696, 150.557324, 151.415351, 151.606458, 150.953024, 191.578515, 190.903064, 151.278597, 152.052121, 192.379091, 152.222794, 152.697592, 153.867345, 114.647861, 194.094789, 210.704729, 170.302938, 210.316997, 210.464385, 210.761091, 170.516654, 170.262972, 170.323073, 131.777576, 211.47627, 170.618175, 171.757736, 171.484341, 171.806556, 170.033063, 170.325781, 171.103605, 172.464104, 170.973182, 211.669239, 171.972977, 171.606683, 132.718235, 219.087568, 179.201911, 180.239031, 218.749362, 218.722366, 179.952317, 179.262704, 179.969716, 219.876992, 139.584807, 179.644906, 141.178148, 219.002012, 179.985533, 180.744949, 259.951687, 187.137497, 186.114229, 186.713059, 241.22501, 121.261943, 122.08261, 122.316745, 121.095492, 122.328357, 161.285968, 200.669525, 82.985981, 81.671512, 122.124764, 161.303202, 82.004217, 201.019607, 161.589683, 81.991036, 161.123527, 202.693152, 121.865392, 161.972663, 161.457554, 162.356579, 81.610608, 161.33541, 161.903467, 122.186385, 121.893395, 122.645508, 162.921839, 83.270993, 163.388251, 202.210726, 123.295597, 160.778096, 242.187628, 242.326496, 162.11277, 162.35497, 161.900104, 161.897062, 121.70734, 122.7704, 161.477671, 82.319454, 122.154799, 162.894823, 202.826582, 241.984965, 162.997928, 163.550786, 242.181908, 163.510935, 123.163804, 122.141449, 83.459256, 122.376737, 161.987175, 122.945107, 122.974012, 122.006041, 163.162766, 162.204178, 241.849917, 123.935515, 82.738642, 162.925787, 162.858421, 163.260496, 202.181307, 161.924609, 83.811712, 163.65722, 122.781307, 82.560878, 124.150212, 124.303111, 123.908259, 122.120283, 124.114311, 163.847724, 123.806091, 243.404679, 124.012772, 122.987539, 203.558334, 124.074492, 163.557418, 123.898112, 123.575623, 163.086247, 84.507813, 123.156914, 163.145808, 83.469983, 83.297813, 203.618508, 123.177352, 123.535247, 164.16741, 123.419157, 123.605043, 123.662269, 123.841361, 163.603712, 164.312901, 124.505905, 163.449827, 122.007404, 163.968001, 163.977223, 83.844971, 162.982767, 164.02528, 84.3898, 123.268566, 85.113683, 163.573688, 124.633498, 163.968894, 204.38379, 86.182188, 166.207436, 167.002701, 166.199178, 245.377506, 166.14198, 166.029216, 126.073052, 206.466626, 125.224309, 86.578304, 133.465365, 133.154673, 132.798908, 148.815178, 189.916428, 148.07937, 188.615017, 189.274978, 148.845584, 149.575802, 188.44321, 188.599373, 148.261954, 150.442481, 189.493653, 189.41548, 189.019467, 150.93455, 151.448479, 149.804282, 159.371226, 158.928333, 159.424054, 159.042251, 159.544901, 158.50893, 157.225658, 158.514065, 159.057365, 158.725061, 159.363078, 159.478297, 159.518307, 158.774336, 169.381396, 169.109695, 170.812945, 169.847958, 169.162509, 170.462219, 170.152125, 169.170559, 214.371727]
sync delay = 152.333762213
out notify interest = 9084.0
out data interest = 91445.0
out bundled interest = 0.0
out data = 55732.0
out bundled data = 0.0
collision rx = 836.611111111
collision tx = 17.7592592593
cache hit = 31682.0
cache hit special = 1251.0
retx_notify_interest = 1505.0
retx_data_interest = 57381.0
retx_bundled_interest = 0.0
state sync duration = 150.455324287
