data availability = 1.0
[261.973073, 261.903073, 222.051073, 261.923073, 222.223073, 261.933073, 222.316073, 261.991219, 261.951219, 221.792219, 262.181219, 261.961219, 262.001219, 222.246414, 261.927414, 221.803414, 262.157414, 221.947414, 278.353958, 278.616809, 278.411558, 278.575752, 238.184684, 278.378938, 239.075273, 289.620105, 209.516761, 249.775661, 289.811891, 289.672523, 289.75552, 289.919385, 289.815828, 289.863845, 210.116688, 289.801845, 210.573064, 289.990791, 289.809716, 289.914446, 250.411666, 290.030023, 289.872846, 290.0201, 290.010626, 289.999903, 289.961289, 289.981518, 249.848686, 221.327553, 271.531522, 231.564933, 271.536237, 191.065478, 191.09122, 231.878075, 271.517279, 192.027143, 231.591891, 271.079521, 311.026164, 311.143919, 271.497538, 271.127074, 271.538154, 271.795696, 311.227222, 312.080288, 274.211934, 314.6121, 274.696142, 314.87532, 316.851231, 289.904384, 370.217537, 330.783824, 289.951418, 330.301917, 330.554013, 330.388304, 251.389612, 370.441785, 250.741596, 250.166684, 290.443906, 290.106145, 330.383465, 370.908644, 291.147784, 370.98177, 331.410536, 371.143503, 292.057291, 331.310159, 295.094815, 297.462372, 297.500044, 376.777835, 297.339501, 426.850469, 306.892228, 466.976394, 346.930846, 306.637758, 466.923884, 346.908841, 347.332276, 347.394863, 347.675595, 387.273838, 387.376839, 347.264001, 307.809059, 347.792275, 467.337288, 467.331256, 307.463405, 267.551542, 348.14712, 269.129837, 267.483139, 308.206278, 427.586081, 267.602147, 227.718943, 307.813829, 307.286785, 388.240184, 348.004119, 467.910895, 348.414772, 268.459504, 427.748046, 308.439011, 227.931582, 347.584472, 308.098093, 308.903136, 308.942885, 228.468613, 469.008983, 309.304903, 428.530535, 429.277587, 428.744374, 389.60948, 309.176802, 349.121208, 269.421603, 389.039109, 389.337397, 349.480295, 269.253344, 349.112761, 389.380254, 229.584424, 309.399926, 389.6125, 389.438546, 349.596804, 350.316275, 309.845993, 349.636036, 229.384401, 269.663243, 349.950462, 389.974124, 390.307179, 349.576672, 272.258076, 351.555769, 352.394739, 396.426876, 316.434002, 235.900811, 357.46744, 396.876289, 323.84285, 408.989789, 248.873254, 370.574686, 289.914505, 249.906252, 289.403413, 250.945, 371.391708, 290.335551, 332.826975, 376.132464, 406.879536, 366.853536, 327.019536, 286.465536, 246.502536, 367.420469, 327.461469, 286.919469, 246.729469, 367.699469, 327.946469, 287.831469, 248.018469, 367.218766, 327.033766, 287.057766, 246.885766, 367.582766, 327.392766, 287.894766, 247.856766, 286.572909, 327.643909, 367.687909, 327.755909, 287.576909, 247.434909, 367.334166, 327.037166, 366.895166, 327.312166, 287.135166, 247.427166, 559.68228, 519.39028, 479.30328, 439.28328, 399.16328, 359.28628, 319.20828, 559.510755, 519.354755, 479.370755, 439.528755, 399.204755, 359.104755, 319.335755, 559.401755, 519.239755, 479.208755, 439.201755, 398.862755, 358.721755, 318.596755, 559.530511, 519.364511, 479.343511, 439.310511, 399.091511, 359.433511, 319.453511, 559.579511, 519.488511, 479.556511, 439.278511, 399.290511, 359.573511, 319.910511, 559.778894, 519.827894, 479.787894, 439.704894, 399.669894, 359.779894, 320.138894, 319.262894, 360.390591, 559.745843, 520.039843, 480.202843, 359.767705, 320.123705, 400.252223, 320.280106, 440.38642, 287.901795, 288.101795, 287.531795, 287.650795, 287.135795, 287.458795, 287.935795, 425.626816, 385.613816, 345.564816, 384.778816, 344.704816, 344.146816, 619.731157, 539.777893, 580.571032, 579.736098, 459.884957, 459.598012, 499.661736, 459.615997, 500.930165, 499.732617, 461.008136, 579.779664, 460.379248, 620.659758, 499.888145, 620.609164, 540.956436, 460.723327, 580.530262, 541.011057, 620.400062, 460.828904, 580.359606, 500.834085, 459.458389, 539.887466, 579.7684, 540.08796, 619.880547, 461.036024, 619.790206, 500.94407, 460.79915, 500.334635, 500.624639, 620.275625, 540.858247, 540.915694, 583.318866, 514.233215, 475.757794, 515.506718, 516.713315, 474.856772, 474.666772, 475.599237, 476.732093, 514.925148, 475.547817, 475.965779, 515.843146, 516.069417, 515.527985]
sync delay = 361.885970876
out notify interest = 3311.0
out data interest = 100601.0
out bundled interest = 649.0
out data = 19704.0
out bundled data = 436.0
collision rx = 1211.55882353
collision tx = 9.88235294118
cache hit = 9381.0
cache hit special = 714.0
retx_notify_interest = 742.0
retx_data_interest = 78654.0
retx_bundled_interest = 333.0
state sync duration = 359.895078091
data availability = 1.0
[195.968702, 196.314133, 196.180143, 196.194393, 196.184, 196.440606, 156.673185, 196.364998, 156.41225, 196.685982, 196.43365, 260.989904, 261.06605, 221.06771, 221.015954, 261.053882, 221.031157, 261.075605, 261.135191, 220.994252, 221.254064, 221.203246, 221.104821, 261.139965, 279.361014, 207.511359, 287.957408, 207.909658, 288.005382, 208.157331, 288.058317, 288.037937, 208.329747, 248.164361, 288.213911, 288.246092, 288.204552, 208.769606, 288.208738, 288.14134, 207.880259, 288.192385, 288.186698, 288.237651, 248.548118, 288.39257, 288.402978, 288.332466, 248.046712, 288.278938, 288.344404, 249.070059, 292.30932, 190.231093, 190.304832, 190.13974, 230.328043, 270.337535, 270.2391, 230.445147, 229.418709, 309.880335, 310.191448, 270.232185, 310.013431, 310.183442, 270.006814, 190.294449, 270.302645, 230.234687, 310.465487, 270.232347, 190.48293, 230.707072, 190.466091, 270.448472, 270.830079, 310.547852, 230.870841, 190.934697, 230.810592, 312.137416, 274.447965, 368.685941, 289.785394, 290.056108, 369.733484, 289.969773, 330.543725, 330.018809, 291.200411, 330.66604, 290.508508, 370.597161, 330.378256, 373.06516, 293.522663, 333.286872, 373.265177, 373.203863, 333.67671, 296.066385, 423.353478, 343.087289, 343.20066, 343.432769, 463.361907, 302.716903, 343.591508, 463.451883, 343.015267, 423.644474, 383.803532, 383.017578, 423.778813, 343.962761, 303.895089, 344.150225, 423.398972, 344.622778, 342.991312, 224.070284, 304.071502, 424.11273, 304.022826, 304.774967, 263.657444, 463.912488, 344.181851, 303.58521, 263.969981, 264.227094, 264.912212, 304.28329, 344.743737, 383.907562, 384.204253, 383.904721, 224.536581, 223.858975, 304.390299, 264.694226, 303.230901, 384.344959, 304.391906, 269.341303, 349.437755, 429.207074, 310.32188, 389.343256, 268.654124, 348.954725, 388.963371, 309.566148, 269.170891, 350.399155, 309.000218, 188.223514, 389.223491, 349.593175, 309.420473, 269.297578, 350.078339, 349.540965, 349.547344, 350.672787, 389.809605, 269.397313, 189.325096, 429.609333, 229.749276, 190.044246, 229.975919, 269.775673, 389.80262, 309.768481, 230.293754, 189.871527, 350.155658, 389.992609, 349.444181, 389.639246, 349.919554, 349.285267, 189.30475, 309.734367, 349.828312, 229.09843, 229.851916, 389.865847, 309.771699, 310.24744, 229.402175, 189.914717, 270.447217, 350.224442, 310.725407, 429.644753, 389.489844, 429.708773, 349.575943, 390.473879, 395.89909, 394.91663, 435.09801, 394.944312, 276.199067, 275.488737, 195.947576, 475.699568, 315.889853, 235.610341, 315.750836, 476.078429, 355.53889, 316.879068, 476.002462, 435.81243, 235.636397, 319.754299, 319.878504, 279.87979, 240.004012, 360.143726, 360.641552, 320.805042, 320.031782, 319.888481, 280.274159, 279.56764, 200.350505, 320.857816, 239.710836, 241.041611, 200.733481, 280.997521, 240.440358, 199.755243, 241.053133, 281.013944, 241.224868, 294.285703, 493.547402, 413.628534, 494.08378, 407.179093, 367.117093, 326.706093, 286.873093, 366.786157, 326.361157, 286.141157, 246.195157, 366.594157, 326.720157, 286.749157, 246.744157, 366.249157, 326.333157, 286.413157, 246.309157, 366.858692, 326.877692, 286.942692, 247.116692, 367.538692, 327.256692, 287.423692, 247.281692, 327.457625, 367.071625, 326.921625, 366.135843, 326.309843, 286.436843, 246.161843, 287.547843, 254.075365, 287.803655, 287.194655, 287.644655, 285.807655, 287.558655, 287.057655, 286.068655, 345.436792, 385.883792, 345.719792, 346.871792, 539.310465, 538.465634, 498.225331, 499.388803, 458.030385, 618.665464, 579.488476, 458.28948, 458.310571, 459.252529, 458.130472, 618.323289, 538.192452, 578.447532, 538.718533, 498.075814, 538.530317, 458.736491, 539.620875, 498.505596, 579.694109, 578.177225, 498.649771, 498.446701, 499.571388, 619.148419, 459.468927, 458.418411, 578.872449, 498.190263, 458.24518, 577.985946, 458.748644, 618.039966, 579.094888, 538.202426, 621.943376, 513.869507, 473.908688, 513.922257, 513.024845, 474.141871, 514.438257, 474.029847, 514.579112, 513.967854, 473.995721, 514.007028, 474.696663, 473.484304, 474.462118]
sync delay = 333.366256441
out notify interest = 3382.0
out data interest = 40913.0
out bundled interest = 642.0
out data = 20202.0
out bundled data = 452.0
collision rx = 618.058823529
collision tx = 9.11764705882
cache hit = 9692.0
cache hit special = 654.0
retx_notify_interest = 743.0
retx_data_interest = 28758.0
retx_bundled_interest = 324.0
state sync duration = 330.497803794
data availability = 1.0
[155.611976, 195.485481, 195.600748, 195.90039, 195.86583, 195.685395, 195.768716, 196.03321, 195.880644, 155.967557, 156.412158, 199.111179, 220.393269, 260.537839, 220.460967, 221.001841, 260.528207, 260.586688, 260.597354, 220.595967, 260.584297, 220.994199, 260.629703, 220.816369, 279.448846, 239.194379, 247.675784, 287.538069, 247.450605, 287.393842, 287.558607, 287.648524, 287.64211, 207.8895, 247.30063, 247.925061, 287.637814, 287.674712, 208.126218, 287.618729, 247.836563, 287.717231, 287.847932, 287.839046, 248.132047, 208.159482, 287.836, 168.18557, 287.879779, 248.063203, 287.79874, 287.723505, 207.926584, 287.772843, 287.761243, 248.107846, 287.822307, 247.91711, 168.400332, 208.332457, 208.243639, 207.937902, 248.165032, 168.432098, 252.193887, 191.364343, 231.252639, 191.05204, 271.315888, 267.795333, 268.022889, 228.693487, 189.37903, 308.534453, 188.911486, 268.809888, 269.430165, 271.521758, 191.902364, 191.953116, 271.697599, 311.253425, 232.095188, 271.205284, 311.499399, 311.330998, 311.368101, 311.716873, 231.981747, 327.385471, 288.429039, 327.879829, 287.879108, 247.729565, 208.378747, 368.160816, 368.603837, 368.576558, 288.796755, 289.021194, 209.029087, 288.563926, 249.332372, 369.102486, 289.357412, 329.077696, 209.936686, 289.82299, 208.430125, 329.480067, 329.059608, 289.750531, 209.462425, 249.60405, 289.105774, 289.53104, 329.769404, 328.959789, 328.748365, 329.837031, 369.39449, 329.939886, 209.555341, 290.123244, 250.2137, 370.366181, 210.003752, 330.573597, 290.003449, 250.224788, 291.009042, 331.923474, 255.592195, 255.75945, 243.189607, 163.352725, 241.825533, 163.649933, 203.414269, 162.816432, 283.338763, 242.953803, 202.993335, 203.245628, 243.411604, 165.360638, 204.198963, 285.726427, 165.547071, 284.45971, 245.942464, 285.704114, 245.687199, 210.895507, 211.418838, 251.187308, 169.567226, 251.116376, 210.932057, 290.734858, 178.879262, 299.2112, 180.327237, 179.450003, 219.750001, 179.635402, 180.175684, 179.883427, 183.45348, 387.90307, 269.025714, 308.503466, 307.883036, 348.774606, 428.156583, 387.518891, 309.212755, 428.114847, 388.377781, 229.512638, 308.296733, 348.382267, 388.090784, 187.838741, 427.961474, 428.320962, 388.506658, 227.045593, 387.878831, 389.006226, 189.414852, 428.972461, 229.085712, 388.326335, 187.698485, 269.468721, 348.045331, 268.979309, 267.963279, 268.068668, 228.930084, 309.07205, 428.584316, 309.139083, 348.615431, 348.49698, 349.236297, 347.851194, 269.91535, 347.938007, 228.94496, 189.160839, 388.186729, 347.969157, 227.97814, 349.035635, 229.434242, 309.713264, 190.021212, 267.522746, 388.727657, 348.843867, 309.322924, 348.04228, 308.59917, 307.958616, 388.40443, 230.231361, 189.668694, 348.813222, 308.922608, 268.890878, 349.612352, 268.436646, 388.233685, 309.605796, 348.801833, 228.375625, 428.598529, 316.543603, 236.420631, 355.872982, 315.863278, 277.073898, 395.969843, 356.603982, 276.294728, 196.363524, 314.908118, 196.085753, 276.551855, 194.976103, 293.105963, 334.50229, 295.801747, 247.940056, 367.807387, 287.65534, 246.709377, 366.249599, 286.682259, 247.102892, 287.122029, 366.993952, 247.120015, 287.070589, 326.945213, 326.987128, 327.856032, 287.321291, 366.87059, 326.529517, 367.056348, 286.558626, 247.580334, 246.780988, 367.979549, 288.168906, 366.352913, 327.990893, 287.786411, 327.233753, 326.657154, 246.608212, 278.729037, 277.280037, 276.595037, 276.142037, 277.875037, 278.132631, 276.865425, 384.572769, 344.612769, 344.371769, 345.461769, 498.430828, 537.095663, 576.747537, 456.342448, 578.234413, 578.320006, 456.840562, 458.123439, 497.897396, 458.466105, 538.096334, 458.154888, 496.789963, 458.315917, 617.72196, 498.124432, 496.799684, 538.542995, 576.826052, 577.67164, 458.495699, 456.474641, 536.828445, 498.324277, 497.078058, 617.394401, 496.588798, 537.95674, 578.117695, 577.378097, 617.025684, 617.274749, 536.912964, 457.185774, 537.469939, 456.877542, 459.029136, 497.166353, 473.185409, 472.472768, 471.851797, 473.819106, 511.727083, 473.731626, 474.115876]
sync delay = 307.627362724
out notify interest = 3603.0
out data interest = 52578.0
out bundled interest = 591.0
out data = 20331.0
out bundled data = 428.0
collision rx = 839.176470588
collision tx = 11.7647058824
cache hit = 9631.0
cache hit special = 694.0
retx_notify_interest = 768.0
retx_data_interest = 38403.0
retx_bundled_interest = 283.0
state sync duration = 305.983791068
data availability = 1.0
[103.992639, 103.982639, 103.932639, 194.673299, 195.079054, 154.937089, 194.905558, 195.224145, 195.033593, 195.088499, 195.369543, 195.342644, 195.163134, 155.451562, 155.211009, 195.357507, 250.368724, 210.410843, 210.608651, 250.455431, 210.767848, 250.61679, 210.490298, 210.913538, 250.742477, 210.964668, 211.038225, 250.841642, 251.076145, 252.431792, 252.440222, 240.798761, 205.093839, 165.574173, 246.129133, 245.702559, 205.685058, 206.226684, 205.911672, 245.818963, 205.716292, 245.33877, 246.214358, 165.706747, 206.137637, 205.86369, 205.732428, 285.892084, 245.665082, 285.95852, 205.750045, 206.243511, 245.991457, 206.232969, 245.954233, 245.854503, 205.840008, 286.031634, 246.209406, 286.05582, 245.83076, 246.152841, 246.465673, 245.679108, 286.053269, 286.143265, 205.472007, 286.136665, 286.054176, 166.880912, 286.165182, 166.225175, 286.30491, 246.430887, 206.551872, 246.390111, 206.855568, 286.253154, 286.286341, 286.514974, 250.2502, 142.695155, 141.864778, 181.820821, 182.614434, 143.078069, 187.971413, 227.761412, 188.032202, 207.653041, 247.635231, 368.247818, 328.385896, 208.513227, 288.999137, 248.931997, 328.669463, 248.577327, 288.680556, 288.95983, 329.078713, 249.166033, 329.104251, 329.31407, 289.007857, 249.501369, 289.256917, 369.415022, 290.139858, 329.582405, 289.98536, 329.515318, 289.80857, 369.682897, 369.728046, 329.714111, 249.778864, 290.004444, 329.694241, 208.954721, 290.055083, 329.958154, 250.100481, 370.060989, 329.914043, 290.071773, 330.357168, 290.033157, 210.014837, 209.782836, 290.100757, 210.594423, 370.650005, 210.799557, 212.202327, 200.565032, 159.142641, 160.51836, 280.441416, 280.811311, 160.624851, 280.829231, 160.298059, 239.909786, 200.454768, 281.343405, 240.512094, 201.315709, 281.155391, 160.327078, 161.650218, 241.637975, 200.233169, 201.298254, 200.688052, 280.810194, 200.028867, 201.131422, 240.997558, 240.993424, 162.371243, 242.544132, 242.311914, 285.023802, 176.272243, 177.175803, 216.274075, 176.943286, 176.358154, 177.53991, 180.612954, 345.356537, 385.747089, 345.485504, 385.782926, 265.751495, 384.891289, 306.474502, 265.196559, 265.666628, 344.963145, 425.971634, 385.679392, 266.593631, 305.695004, 345.692871, 225.902895, 426.509611, 185.056944, 386.014527, 186.251128, 305.274278, 346.039013, 227.311791, 386.119928, 346.147682, 346.530358, 186.509178, 226.283509, 386.497824, 305.93444, 386.405349, 306.526463, 306.69601, 386.476388, 346.346302, 186.747802, 386.064318, 226.660273, 267.30235, 346.89215, 187.773013, 306.809465, 227.405666, 387.043938, 226.698085, 426.323344, 265.86315, 426.716012, 346.121977, 346.020305, 346.733534, 266.485862, 426.759501, 186.950552, 346.69159, 306.649633, 187.320802, 306.482625, 306.532681, 267.042638, 306.3582, 346.820233, 347.342139, 386.688113, 307.060055, 306.215881, 266.633845, 307.581904, 426.94018, 187.80995, 226.310969, 385.903632, 227.398689, 234.220592, 313.273895, 273.449573, 314.265652, 274.156721, 353.290536, 313.160081, 232.604002, 313.074005, 194.411685, 433.160383, 292.139176, 290.7093, 332.016362, 331.533121, 330.856953, 331.854592, 251.250015, 331.751864, 291.816162, 291.27658, 291.554353, 331.671091, 251.325135, 365.266423, 325.221423, 285.098423, 245.250423, 285.507423, 245.701423, 285.219423, 245.551576, 285.542576, 245.383576, 284.872576, 244.886576, 284.393576, 244.257576, 284.074576, 325.024256, 365.601398, 325.304233, 285.785211, 245.622211, 325.717391, 276.859421, 277.559421, 277.057421, 276.588421, 276.939421, 275.958723, 278.080986, 341.908913, 342.302913, 342.021913, 457.02525, 457.114942, 577.182018, 456.364504, 497.143529, 616.952845, 456.868227, 536.837227, 496.934403, 576.662469, 456.041188, 535.84992, 497.201299, 536.511061, 576.551998, 457.685376, 456.734157, 576.194411, 496.898227, 456.699878, 537.322423, 576.968294, 456.110622, 456.417118, 575.867787, 496.54051, 457.921544, 537.033286, 536.802446, 496.627401, 496.791951, 496.392083, 577.190805, 536.960557, 471.601865, 472.167562, 473.044152, 472.284077, 472.188794, 510.762848, 471.132501]
sync delay = 294.860603718
out notify interest = 3248.0
out data interest = 27656.0
out bundled interest = 620.0
out data = 21991.0
out bundled data = 556.0
collision rx = 768.882352941
collision tx = 62.1176470588
cache hit = 11413.0
cache hit special = 763.0
retx_notify_interest = 312.0
retx_data_interest = 18293.0
retx_bundled_interest = 262.0
state sync duration = 293.758867618
data availability = 1.0
[102.525509, 102.515509, 102.465509, 154.522749, 194.53273, 194.591951, 194.650285, 194.934043, 194.94271, 154.804386, 194.977466, 154.927773, 194.824606, 194.880753, 194.869133, 195.106662, 244.646674, 204.856674, 244.686674, 204.974674, 244.916674, 204.911674, 244.906674, 244.685177, 204.744177, 244.665177, 204.475177, 204.824124, 204.915295, 244.771353, 244.751921, 241.052001, 204.819592, 165.677212, 205.079217, 205.811392, 204.962506, 245.027807, 285.173764, 285.201642, 285.182649, 205.357015, 245.522847, 245.370041, 165.30662, 245.436607, 165.649851, 245.3295, 245.464416, 245.85338, 205.835367, 245.093426, 285.498104, 205.62453, 285.556318, 245.468006, 245.304189, 245.245928, 206.079703, 205.976253, 205.924122, 245.965642, 245.446023, 285.619634, 285.665718, 285.625118, 245.839191, 245.7694, 285.758422, 245.647987, 285.923846, 207.630084, 168.180745, 287.912072, 287.839166, 248.291108, 207.509749, 288.109002, 208.130517, 207.867042, 210.466759, 180.283239, 140.114239, 140.777372, 180.305372, 140.228372, 180.46633, 140.87333, 187.104517, 207.510264, 326.862709, 367.002757, 366.95607, 246.739167, 327.360382, 287.4943, 287.10588, 247.362541, 207.38907, 287.140036, 247.274114, 327.044817, 288.428147, 207.404447, 328.071468, 208.443263, 288.340073, 328.450918, 328.17329, 328.4643, 328.371737, 288.601881, 368.531673, 209.002293, 288.922311, 249.010788, 249.612326, 288.149191, 328.850133, 328.568652, 329.212213, 248.990713, 328.907438, 289.094176, 209.017177, 208.881758, 289.242217, 289.828668, 211.259846, 371.017245, 371.090151, 290.684284, 291.411778, 371.625195, 253.709091, 278.442568, 238.485568, 198.867568, 159.115568, 159.333704, 159.939688, 239.981055, 238.577372, 279.269254, 240.334388, 200.462459, 200.93404, 239.407842, 279.147536, 200.616196, 160.809952, 239.776672, 200.237886, 161.434217, 280.71305, 159.234281, 279.955418, 200.794599, 280.779559, 159.113078, 199.222241, 200.548083, 241.810202, 281.654688, 214.202973, 174.270746, 174.691544, 175.024222, 172.868114, 174.749996, 174.402101, 178.948048, 383.72945, 304.92633, 143.589688, 344.250744, 304.013255, 424.14784, 184.641247, 224.337983, 344.030686, 224.734542, 183.875414, 344.25978, 265.118947, 264.809602, 345.179454, 264.700517, 225.290624, 424.608138, 384.007021, 424.145632, 144.847709, 264.307321, 344.456507, 344.743018, 424.37849, 384.055136, 384.475131, 145.318675, 345.25124, 304.394451, 184.418182, 223.874276, 344.665398, 344.739212, 225.466421, 305.265495, 344.742995, 304.896371, 305.115087, 384.253699, 224.931829, 304.324889, 305.715259, 385.317731, 384.990372, 265.810954, 264.54271, 304.91558, 424.673869, 265.047776, 384.65267, 305.68286, 344.688237, 344.878, 224.519405, 385.523843, 265.505272, 344.639563, 305.258498, 224.266026, 346.032236, 264.451252, 385.041469, 385.779204, 305.194724, 265.456206, 305.789702, 305.255456, 304.587192, 185.712862, 184.314487, 345.458987, 225.00487, 186.153667, 304.974256, 385.580486, 184.526787, 269.814481, 230.72203, 271.488856, 191.279463, 391.193276, 350.048033, 430.294314, 190.122492, 311.06181, 430.989764, 310.583149, 231.051658, 190.443202, 190.906807, 251.89282, 331.718345, 252.618778, 332.138321, 332.653987, 212.353198, 292.74946, 212.30777, 212.487843, 212.9778, 292.722815, 291.786307, 212.069035, 292.576561, 332.174662, 212.823559, 292.36978, 252.666457, 331.85735, 252.076929, 252.562259, 252.420331, 332.946482, 252.454613, 212.221457, 212.649364, 332.576021, 292.14254, 292.707274, 252.90699, 294.597523, 276.715944, 276.689032, 316.723908, 276.141725, 356.46648, 316.687641, 275.599377, 315.970316, 355.951893, 395.823731, 276.235238, 316.017412, 356.06491, 396.288583, 275.366192, 276.697233, 356.020922, 316.211144, 396.150139, 275.905897, 355.71815, 275.092126, 396.549673, 395.883307, 315.718797, 316.283604, 276.801377, 356.426053, 435.925904, 396.688416, 316.190966, 276.207341, 356.63161, 396.347598, 275.938355, 275.906325, 276.721161, 277.051856, 342.165226, 342.277226, 468.480947, 470.295947, 469.494947, 470.138947, 468.625947, 470.178947]
sync delay = 270.190413671
out notify interest = 3356.0
out data interest = 27251.0
out bundled interest = 627.0
out data = 23338.0
out bundled data = 569.0
collision rx = 815.823529412
collision tx = 70.2941176471
cache hit = 12833.0
cache hit special = 763.0
retx_notify_interest = 277.0
retx_data_interest = 17778.0
retx_bundled_interest = 280.0
state sync duration = 269.201674759
data availability = 1.0
[99.112914, 99.178107, 99.242982, 153.569715, 193.759748, 154.065161, 193.642312, 193.703904, 194.008882, 193.750769, 193.813997, 193.923877, 154.551808, 194.44624, 194.486139, 196.441357, 235.474882, 195.378882, 235.744882, 195.649882, 235.514882, 195.421882, 235.524882, 195.614882, 235.505174, 195.513174, 235.515174, 195.417174, 235.495174, 195.496174, 235.745174, 239.650659, 239.802925, 239.816014, 240.021124, 239.892455, 239.491386, 239.672074, 164.498448, 205.128796, 165.055335, 245.273793, 204.914278, 204.75856, 205.111402, 204.739216, 124.682428, 285.061097, 125.530869, 204.580693, 164.853308, 285.295058, 165.66427, 165.645189, 285.32701, 245.173482, 245.171278, 205.544747, 285.499124, 285.467786, 285.467362, 285.509069, 285.464232, 245.459271, 285.499722, 285.484734, 245.51317, 245.307385, 165.698988, 245.480219, 205.334942, 245.713432, 205.517217, 125.722009, 246.210124, 205.661329, 165.411175, 285.672852, 207.298449, 247.534655, 287.522561, 127.527014, 167.65737, 207.410635, 207.857139, 207.27953, 207.808557, 248.30113, 288.19887, 125.945685, 205.681646, 165.834209, 246.157404, 126.167258, 286.34823, 366.136131, 286.109244, 206.463488, 326.787122, 287.083778, 166.713709, 286.729385, 247.287815, 246.803527, 326.86287, 207.195253, 247.063159, 367.38762, 327.749286, 327.562738, 247.323953, 247.292795, 287.951609, 287.746476, 367.803387, 207.892275, 288.850853, 248.500501, 329.159071, 328.712995, 288.971996, 289.021493, 288.965988, 209.055649, 249.887751, 328.906108, 289.442821, 209.442102, 129.429778, 249.51955, 209.536893, 170.443237, 290.082346, 209.387669, 129.314037, 329.878599, 369.782271, 289.706174, 249.256713, 169.433993, 209.522397, 130.182287, 209.210213, 210.038962, 210.29685, 329.773817, 130.674787, 249.774441, 370.138646, 330.517163, 370.222341, 131.021983, 210.351513, 211.597747, 251.162221, 170.888708, 210.645586, 171.384706, 210.671074, 331.026881, 250.636018, 330.931789, 170.954867, 251.504876, 340.519388, 300.736388, 260.814388, 221.466388, 181.414388, 141.702388, 340.788388, 301.156388, 261.627388, 260.996704, 181.319106, 221.187497, 141.216445, 301.062033, 301.28348, 342.242963, 301.228603, 261.341315, 301.663479, 301.507024, 341.796145, 261.759526, 341.227821, 302.619863, 262.11598, 262.813078, 222.018535, 261.636221, 341.665246, 302.005758, 302.147898, 182.366854, 342.040693, 261.999676, 261.824347, 302.012927, 301.944508, 261.80588, 262.716398, 182.686775, 262.034225, 262.689307, 157.517129, 236.924222, 156.458713, 155.796512, 116.302257, 196.68687, 157.324212, 237.303334, 237.006917, 196.675769, 197.149039, 197.515261, 277.66794, 198.095579, 156.945712, 197.933736, 238.217554, 117.867629, 237.260953, 197.777944, 118.447544, 117.821346, 237.851533, 118.179899, 116.429232, 158.19593, 118.924238, 198.379788, 118.106401, 158.576347, 118.12748, 238.301595, 158.422132, 117.866089, 170.026966, 129.4526, 129.151768, 129.992739, 129.787271, 209.044829, 249.522718, 169.71354, 250.028963, 209.820844, 170.852556, 169.360298, 130.665025, 169.571052, 170.667298, 170.373385, 170.455747, 290.065971, 170.966481, 130.780347, 171.005678, 170.187314, 129.883819, 170.385957, 210.997832, 169.83373, 209.965556, 290.219663, 211.07123, 170.577347, 297.173102, 136.599932, 217.889255, 137.541856, 257.250411, 216.815727, 257.16292, 297.975777, 217.229223, 257.987427, 137.764147, 177.728708, 297.191696, 217.530697, 298.048963, 176.850734, 261.658109, 261.277656, 221.59406, 381.391114, 341.560233, 301.357265, 184.536549, 144.994329, 264.69401, 144.207379, 232.274482, 351.809482, 311.870482, 351.276482, 311.24665, 351.18865, 311.21665, 350.89565, 311.32965, 392.03065, 352.16364, 312.26064, 272.19764, 232.30264, 350.81064, 311.14864, 351.59364, 311.69864, 245.172627, 244.137627, 246.121627, 245.855627, 245.788627, 244.300627, 245.629627, 245.346627, 245.217627, 285.263627, 245.362627, 245.542627, 285.565094, 245.617094, 245.103094, 285.273094, 245.287094, 246.198094, 245.538094, 285.873094, 245.764094, 285.924094, 246.002094, 246.116094, 285.59043, 245.84543]
sync delay = 232.432072194
out notify interest = 3843.0
out data interest = 45488.0
out bundled interest = 665.0
out data = 27031.0
out bundled data = 541.0
collision rx = 1528.76470588
collision tx = 110.382352941
cache hit = 15206.0
cache hit special = 730.0
retx_notify_interest = 627.0
retx_data_interest = 32910.0
retx_bundled_interest = 338.0
state sync duration = 232.339622153
data availability = 1.0
[96.277477, 96.287477, 96.377477, 96.267477, 96.307477, 96.257477, 96.297477, 96.437477, 96.45117, 96.484247, 193.484891, 153.725891, 113.906891, 193.714891, 153.038891, 193.464891, 113.020891, 193.654891, 153.612891, 193.434891, 153.519891, 113.557891, 193.664891, 153.611891, 193.454891, 153.700891, 113.670891, 193.684891, 153.540891, 193.863433, 153.948053, 153.633397, 154.255266, 154.161486, 194.149076, 194.306055, 194.45476, 154.564861, 194.504439, 194.679391, 194.621252, 194.733893, 154.75059, 154.723, 114.42354, 154.953537, 114.664233, 114.992961, 195.110428, 114.827369, 194.919762, 155.311272, 194.932456, 194.925585, 155.20432, 115.388707, 155.096842, 155.370197, 155.33173, 155.360954, 155.086913, 155.1622, 195.134784, 195.288721, 115.687911, 115.405964, 195.211081, 155.237675, 195.257143, 155.608594, 156.956278, 151.000389, 190.446376, 190.925767, 151.338579, 163.883189, 203.93082, 164.057661, 124.10216, 163.246844, 123.244045, 203.177535, 123.946318, 123.698696, 123.707069, 203.798788, 163.772746, 164.006062, 203.652328, 163.646188, 203.826481, 123.839036, 164.076786, 124.188678, 163.921871, 164.441134, 163.704376, 124.389094, 164.645966, 124.617324, 204.501044, 203.80732, 203.78252, 123.86104, 163.985748, 124.537161, 204.210229, 164.016421, 164.240268, 124.535044, 324.485787, 364.140322, 204.272501, 324.355612, 325.071018, 365.300613, 245.484004, 205.602947, 286.222886, 367.622083, 247.703196, 327.408295, 207.554902, 288.387746, 288.13898, 168.36401, 287.683138, 247.461271, 208.302469, 248.606724, 368.083337, 127.971816, 127.218594, 287.952398, 207.973283, 207.65771, 328.407806, 208.53759, 328.22728, 288.699334, 248.251874, 168.593566, 168.038073, 289.098319, 248.919524, 208.045968, 289.036272, 248.374064, 289.018738, 208.543793, 169.393531, 248.788973, 249.588554, 288.922478, 368.851807, 329.30746, 129.962211, 129.74601, 289.435175, 250.014494, 210.30402, 369.959078, 249.996587, 329.712182, 210.143385, 169.988525, 170.378034, 330.278718, 131.10244, 209.928543, 290.155815, 210.27537, 170.604005, 210.382742, 169.628857, 251.730916, 250.702203, 211.188472, 330.654733, 211.016539, 330.944262, 250.927811, 130.443761, 291.012218, 330.991391, 250.793154, 130.779653, 91.124754, 91.921956, 91.806858, 91.516177, 90.842992, 92.478513, 176.160557, 216.611238, 217.066265, 97.607711, 138.103437, 97.618702, 257.847382, 138.650304, 179.33348, 178.913256, 218.580589, 179.394932, 138.35229, 259.569326, 139.762032, 219.131435, 299.758154, 140.288562, 299.939356, 180.732853, 140.115209, 140.644962, 141.236699, 181.037894, 101.541337, 300.265005, 300.856338, 140.667675, 141.646483, 101.696859, 140.803267, 221.6736, 181.741238, 221.55973, 180.788557, 180.930657, 261.14912, 141.876962, 181.366989, 301.084416, 100.935521, 101.1284, 261.328343, 300.945015, 101.3307, 182.738742, 103.038025, 182.900219, 183.374254, 262.690819, 302.763661, 182.65765, 182.509922, 103.595225, 102.877471, 262.743114, 223.493932, 142.876549, 142.379567, 182.362928, 103.665953, 262.996596, 222.973717, 143.816177, 182.9891, 223.579424, 102.026574, 183.85344, 142.801696, 223.82462, 143.883714, 184.478429, 183.752403, 105.94825, 266.93625, 226.84125, 186.68325, 146.62325, 106.94625, 106.747918, 186.12352, 186.174025, 106.150769, 226.309696, 187.260947, 147.496584, 226.645425, 266.368364, 147.807679, 146.904364, 108.047093, 146.434475, 108.055435, 106.795886, 107.17591, 145.985159, 186.7945, 245.917719, 206.565002, 286.088528, 286.693719, 246.583522, 286.621954, 165.869838, 205.565024, 126.170042, 165.739209, 286.041862, 245.871205, 166.342535, 166.754621, 205.987032, 286.258649, 127.032287, 286.162942, 247.172851, 134.207497, 134.75337, 253.327538, 148.418094, 162.38148, 162.658209, 161.772012, 162.015915, 163.414632, 163.63101, 175.0493, 215.0423, 175.2513, 215.1803, 175.0733, 214.6783, 174.7563, 174.8353, 215.8433, 176.1503, 214.7473, 174.8663, 216.104385, 176.340556, 207.383518, 207.370518, 207.614518, 208.425518, 208.273518, 206.447518, 208.636518]
sync delay = 189.126841306
out notify interest = 3893.0
out data interest = 67315.0
out bundled interest = 597.0
out data = 30280.0
out bundled data = 542.0
collision rx = 1190.47058824
collision tx = 282.764705882
cache hit = 21975.0
cache hit special = 753.0
retx_notify_interest = 403.0
retx_data_interest = 51557.0
retx_bundled_interest = 209.0
state sync duration = 184.217416732
data availability = 1.0
[92.659839, 92.709839, 92.679839, 92.699839, 92.669839, 92.689839, 92.849839, 92.839839, 92.779839, 92.799839, 92.978523, 93.154979, 111.433199, 111.144237, 111.814528, 191.622778, 151.484114, 191.886738, 152.00617, 191.722011, 191.813414, 192.233419, 192.18411, 192.280684, 152.455298, 152.53173, 152.784503, 152.56165, 192.680366, 153.111922, 153.149954, 153.135675, 153.071523, 192.853045, 192.960522, 152.868375, 193.209987, 153.162232, 193.413141, 153.785468, 193.488773, 152.979248, 153.921248, 193.396843, 193.652741, 113.482647, 193.766436, 113.505203, 193.586066, 114.287364, 153.997627, 154.046883, 153.69539, 153.641842, 153.639842, 154.284016, 154.277515, 194.005216, 113.45512, 194.076455, 153.913009, 114.392407, 193.960499, 154.119265, 114.65962, 114.295351, 154.155589, 154.336069, 113.746668, 114.467146, 113.784125, 193.990508, 194.081405, 154.298683, 154.388955, 173.90171, 133.77371, 133.68071, 173.67171, 133.94971, 134.55171, 174.00071, 133.96771, 174.68571, 134.78271, 134.874349, 135.06267, 135.206512, 134.425421, 174.837305, 174.909975, 174.980849, 135.231536, 174.989275, 175.055289, 175.629985, 135.259289, 135.580442, 95.240534, 95.533534, 95.398379, 95.560317, 95.645183, 95.774954, 95.876734, 95.544123, 95.237788, 119.647459, 159.242641, 199.767963, 159.608222, 120.000193, 159.821556, 200.141294, 159.873071, 160.138701, 159.680094, 118.967091, 200.066315, 199.953103, 200.231599, 160.565291, 160.197722, 120.132702, 106.434095, 185.96867, 146.834692, 145.116169, 186.754944, 145.886051, 185.840225, 106.372267, 146.485674, 186.711457, 185.679119, 185.543494, 106.473678, 145.811512, 145.459925, 106.61162, 186.075938, 106.744638, 106.769393, 145.996182, 204.603403, 164.436403, 204.314403, 164.662403, 164.441781, 125.600911, 245.266646, 126.121729, 125.855751, 206.47515, 126.920719, 86.835509, 126.309257, 287.715357, 127.194283, 87.677757, 127.063441, 167.319839, 166.80235, 287.303164, 207.798944, 127.294566, 328.393216, 128.525167, 327.940788, 88.150637, 168.49516, 168.317446, 88.363265, 87.8685, 128.971972, 288.934173, 128.961913, 249.227012, 249.445222, 169.743406, 209.386294, 89.959497, 169.452395, 209.285277, 329.77974, 89.756905, 170.081254, 209.462792, 330.266055, 170.755168, 210.657233, 130.562602, 170.882945, 210.601694, 290.780414, 170.745643, 251.34142, 290.589984, 211.05774, 170.295337, 330.579565, 131.359808, 171.703528, 169.828235, 131.359232, 210.8707, 170.838256, 171.364852, 211.23116, 251.167641, 251.770566, 131.437945, 291.48739, 171.542461, 211.78628, 130.24295, 331.197083, 211.584373, 54.981253, 55.439756, 54.698488, 57.052691, 96.93936, 55.730598, 57.250952, 56.720396, 212.272288, 172.583288, 132.803288, 93.145288, 212.602288, 172.618288, 132.373288, 92.550288, 212.235288, 172.237288, 132.755288, 92.647288, 173.326952, 213.856952, 173.581952, 133.606952, 93.763952, 134.359819, 173.884252, 133.874138, 172.831077, 174.77064, 134.469206, 134.150177, 173.785664, 94.333159, 214.387966, 174.225987, 214.474353, 214.466507, 134.613138, 213.415698, 175.77313, 93.97553, 96.199014, 95.65236, 95.665068, 134.984519, 135.80747, 135.527905, 135.418379, 136.273751, 95.708255, 96.0172, 136.253809, 136.973492, 133.998711, 134.774633, 94.259147, 103.615989, 224.019956, 143.842078, 224.37297, 103.409921, 104.066909, 144.441897, 223.709654, 223.948622, 143.709003, 224.235194, 104.778588, 144.773527, 224.674201, 184.453663, 143.473695, 103.939452, 184.685875, 184.371966, 104.832032, 144.361546, 264.924745, 186.900882, 185.914197, 186.309379, 106.759887, 106.398962, 106.510057, 146.425329, 105.791291, 186.24568, 187.135569, 147.098628, 105.70939, 106.834175, 106.872969, 107.29134, 146.93292, 226.539732, 138.678712, 138.819712, 139.413712, 138.195712, 139.180712, 139.736712, 137.573712, 216.071727, 174.613938, 215.928993, 214.972206, 174.509788, 175.106641, 176.168221, 215.572791, 215.198574, 175.052806, 175.935707, 214.987619, 207.301652, 208.954652, 208.256652, 208.069652, 208.747652, 208.481652, 208.648652]
sync delay = 158.167782682
out notify interest = 4167.0
out data interest = 65611.0
out bundled interest = 677.0
out data = 30658.0
out bundled data = 548.0
collision rx = 1078.47058824
collision tx = 236.411764706
cache hit = 17925.0
cache hit special = 686.0
retx_notify_interest = 375.0
retx_data_interest = 49940.0
retx_bundled_interest = 265.0
state sync duration = 155.20990795
data availability = 1.0
[84.713092, 89.874408, 89.860787, 89.918448, 90.190813, 90.333884, 90.379283, 90.284646, 90.710509, 91.341777, 91.664056, 91.589425, 189.949133, 150.220133, 110.299133, 190.149133, 150.448133, 190.159133, 150.056133, 189.939133, 150.013133, 109.733133, 190.169133, 150.026133, 190.129133, 150.317133, 190.191676, 150.371676, 190.171676, 150.232676, 190.041676, 150.088676, 109.820676, 190.271676, 150.094676, 110.54469, 190.4884, 150.542315, 150.236011, 190.854939, 110.712582, 151.05871, 190.929709, 151.581035, 151.53072, 111.670383, 151.789707, 111.435282, 152.569968, 152.426585, 192.50762, 112.465917, 152.630068, 192.909535, 192.863335, 152.893482, 152.942806, 112.889285, 152.865489, 113.238608, 152.218256, 113.257659, 192.881635, 153.161948, 152.77507, 113.303162, 113.961832, 153.664594, 113.723646, 193.574452, 193.556457, 153.792606, 113.892524, 193.528932, 193.570748, 193.511682, 153.364964, 94.227187, 94.482363, 134.266087, 94.242855, 134.3047, 134.915697, 95.506573, 134.773573, 94.540573, 134.091573, 93.903573, 95.208132, 94.467503, 94.38578, 134.365813, 94.798535, 134.488067, 94.685238, 135.328578, 95.596209, 94.604131, 95.110295, 134.954214, 95.078561, 134.845843, 171.343964, 171.154821, 130.896499, 131.20887, 131.513264, 171.332445, 94.829147, 95.525779, 94.992122, 94.911725, 54.115565, 95.023997, 95.103711, 94.417693, 94.705764, 95.444102, 55.08372, 95.371338, 96.001968, 95.138109, 95.36752, 136.479148, 135.941983, 135.892526, 178.035223, 138.449223, 178.437223, 138.074223, 177.851223, 137.895223, 98.628223, 177.670223, 137.752575, 177.616575, 137.298575, 98.767575, 97.817353, 98.204353, 98.714353, 98.229353, 98.681353, 98.447786, 177.933786, 137.784786, 178.216786, 138.330786, 106.172139, 95.338918, 95.954604, 96.133329, 96.668166, 96.012649, 98.201544, 99.102833, 98.988169, 304.677119, 224.942105, 185.419574, 104.996976, 185.816163, 105.556404, 306.467285, 147.770373, 307.76533, 187.855816, 147.376062, 189.63008, 190.057883, 189.260079, 149.585177, 229.915106, 150.711211, 229.863303, 149.889691, 149.918855, 191.331794, 110.713785, 151.027508, 270.832901, 150.487236, 149.690761, 150.795465, 190.604612, 110.690266, 310.76292, 271.107931, 111.285818, 110.71889, 190.585192, 230.974004, 190.873043, 150.695728, 310.650897, 190.768022, 230.754888, 151.37185, 230.788233, 191.229844, 151.45424, 151.571197, 311.16483, 151.315701, 191.064119, 111.736266, 151.30966, 271.160336, 190.644039, 151.347104, 271.418313, 112.164296, 152.211687, 113.034215, 272.11079, 111.828525, 152.044679, 152.809883, 113.009861, 113.422771, 113.047313, 112.287774, 111.585234, 111.921853, 113.265696, 72.804207, 152.347915, 73.002967, 272.360488, 112.586303, 87.702556, 48.006556, 86.014556, 45.814556, 88.136556, 48.238556, 87.388556, 47.225556, 47.462556, 86.410556, 86.879031, 46.993787, 46.562084, 86.579649, 210.822606, 131.628943, 131.611365, 132.395557, 132.978864, 94.0384, 133.882143, 133.737223, 94.47624, 94.533528, 94.036605, 134.459015, 133.072381, 94.704669, 95.034491, 174.651282, 134.599486, 134.070877, 135.277362, 134.261364, 135.389995, 175.180247, 215.291496, 95.004735, 94.270155, 95.983702, 175.521593, 135.944562, 175.00106, 176.618851, 175.544981, 176.745495, 136.50189, 137.161185, 96.133283, 175.974826, 95.053863, 95.313941, 136.10122, 142.73216, 102.803343, 102.931256, 143.131496, 101.910333, 143.364142, 142.021202, 183.362707, 102.269323, 143.364297, 142.942826, 183.097704, 103.503495, 142.875414, 101.650485, 143.319493, 144.04205, 183.351195, 183.74261, 143.809927, 143.028482, 103.184831, 183.292741, 103.169247, 102.885038, 183.566122, 143.102666, 103.915917, 104.045934, 103.650068, 105.112639, 185.152404, 105.108074, 184.369498, 104.700011, 145.465732, 105.807178, 145.047895, 144.567356, 105.138535, 105.968027, 105.864839, 106.076992, 135.327097, 135.302782, 134.407725, 135.898335, 135.330445, 135.227399, 134.558857, 206.65728, 204.91228, 205.71028, 206.11128, 207.15928, 205.66028, 206.52128]
sync delay = 140.118680303
out notify interest = 4462.0
out data interest = 91737.0
out bundled interest = 615.0
out data = 31261.0
out bundled data = 523.0
collision rx = 1118.85294118
collision tx = 250.588235294
cache hit = 17716.0
cache hit special = 723.0
retx_notify_interest = 396.0
retx_data_interest = 71628.0
retx_bundled_interest = 229.0
state sync duration = 136.5018083
