data availability = 1.0
[125.907198, 125.897198, 125.867198, 125.812255, 125.782255, 134.841169, 134.758482, 134.768482, 144.523628, 104.718628, 144.273628, 104.47403, 144.23803, 144.25803, 144.24803, 104.41103, 144.26803, 144.60803, 104.37903, 144.28803, 148.481607, 151.633732, 151.623732, 151.593732, 151.620762, 151.840762, 151.610762, 151.593999, 151.913999, 174.475429, 134.200429, 214.654429, 214.644429, 175.667912, 175.611849, 215.668849, 215.678849, 215.833747, 175.840747, 215.723747, 175.653747, 215.743747, 175.760747, 215.643747, 215.753747, 175.735747, 215.713747, 175.669747, 215.943747, 175.952747, 215.916966, 175.801966, 216.026966, 176.201966, 136.347966, 215.806966, 215.846966, 176.132966, 216.054464, 175.829464, 135.905464, 215.904464, 175.829464, 215.824464, 175.723464, 216.044464, 175.873464, 167.347007, 174.399259, 214.295259, 174.57869, 214.06669, 174.17969, 174.35969, 174.707927, 174.319927, 214.140071, 174.374071, 214.080071, 174.172071, 214.360071, 214.301071, 174.423071, 214.733071, 214.452624, 174.681624, 214.337624, 174.695624, 214.238052, 174.667052, 214.903906, 174.733906, 134.708906, 214.256906, 213.662879, 214.232879, 174.152879, 214.275879, 174.244879, 214.363879, 214.530214, 174.758214, 214.621214, 174.835214, 189.792288, 189.682288, 168.421272, 168.529427, 168.666427, 169.508985, 216.974797, 177.064797, 216.535797, 176.794797, 150.277427, 150.66064, 189.866513, 150.102513, 150.545541, 270.304541, 230.748541, 190.842541, 150.607541, 270.467541, 230.480541, 190.893541, 151.107541, 270.013374, 229.993374, 190.225374, 150.269374, 150.120374, 270.384374, 230.630374, 190.827374, 151.292374, 270.187643, 230.539643, 190.697643, 150.544643, 270.672643, 230.558643, 190.694643, 150.742643, 190.383643, 150.437643, 147.950148, 230.519921, 190.645921, 230.522029, 190.515029, 150.417029, 270.373029, 230.160029, 270.225029, 230.115029, 190.074029, 230.565029, 231.579949, 191.208949, 189.809996, 269.924996, 230.066996, 150.744449, 270.451449, 230.389449, 230.793449, 190.753449, 230.773449, 190.525449, 190.027781, 230.517781, 190.580781, 270.319781, 230.324781, 190.202781, 270.574781, 230.477781, 270.763661, 230.598661, 190.624661, 230.803608, 190.885608, 270.537608, 230.583608, 190.763608, 270.677608, 230.670608, 270.971184, 230.727184, 270.247184, 230.292184, 150.494184, 270.549668, 230.461668, 270.485668, 230.450668, 190.387096, 155.666187, 195.585269, 155.781597, 115.545595, 115.993032, 195.941848, 195.698339, 195.637071, 196.099172, 196.170231, 195.972776, 155.676841, 156.133117, 156.784206, 117.042151, 155.91997, 157.056285, 156.143666, 156.305434, 156.322772, 157.16026, 156.385679, 156.560751, 155.796257, 156.648635, 210.382762, 170.249762, 210.82143, 170.83743, 171.45443, 210.666186, 170.660186, 211.187186, 171.099186, 210.583186, 170.720186, 130.942031, 210.614895, 170.618895, 171.103882, 170.98806, 171.13006, 170.76715, 130.88315, 316.592369, 276.567369, 196.754711, 236.635711, 196.919202, 276.484712, 236.677712, 196.753712, 156.752969, 316.649657, 197.252829, 157.003829, 237.528829, 236.453829, 277.366957, 237.278957, 236.290957, 276.736957, 196.491629, 236.957732, 236.462659, 276.943563, 317.277831, 277.116137, 316.997923, 276.699727, 317.601489, 277.717923, 317.294799, 277.720231, 317.533911, 277.724469, 238.468517, 198.600836, 158.199458, 237.943597, 318.33404, 278.240334, 238.410266, 198.097523, 161.520814, 121.437814, 161.786814, 202.079814, 161.938814, 121.925814, 161.393814, 162.119949, 162.448949, 161.023949, 161.821949, 242.035949, 201.747949, 201.383478, 161.436478, 121.430478, 241.944478, 201.898478, 161.501436, 161.436436, 241.237436, 201.525436, 241.566436, 201.489436, 161.605436, 161.738084, 241.711084, 201.766084, 241.349084, 201.069084, 160.84678, 120.80578, 161.59478, 241.58878, 201.74978, 242.131475, 202.509475, 161.659475, 162.678105, 122.470105, 162.788064, 122.671064, 162.217064, 162.583064, 162.732064, 163.581064, 122.164469, 122.567469, 163.015654, 145.067135, 105.091135, 225.728135, 185.609135, 145.371135, 224.937135, 184.923135, 144.996135, 145.236199, 224.783199, 184.629199, 144.534199, 185.666199, 145.887199, 185.296199, 224.65044, 184.77344, 145.12244, 184.94544, 145.07144, 104.60644, 145.61444, 226.33744, 145.168829, 105.207829, 104.363829, 145.144829, 105.091829, 144.917829, 225.045829, 184.925829, 144.694829, 225.251562, 185.180562, 145.236562, 105.339562, 144.709562, 224.631562, 184.824562, 145.002562, 157.547354, 117.405447, 116.982236, 131.309192, 252.871192, 213.144192, 173.302192, 133.065192, 252.402192, 212.609192, 172.699192, 132.575192, 252.474797, 212.613797, 172.542797, 132.513797, 214.393797, 174.322797, 134.371797, 252.556797, 212.159797, 172.363797, 132.530246, 132.362246, 137.050094, 137.789355, 257.385737, 217.512274, 177.658536, 137.93115, 171.786744, 220.676772, 220.270772, 221.435772, 221.075772, 180.816772, 180.452772, 180.819822, 180.632822, 220.759822, 180.719822, 221.108822, 180.839822, 180.899822, 180.066759, 190.599575, 191.108575, 190.640575, 191.490575, 190.285575, 190.639575, 191.642575, 191.788187, 290.177183, 289.004845, 289.825951, 249.484952, 289.943818, 289.803863, 250.468712, 289.652127, 289.392868, 268.729578, 269.027593, 268.545679, 268.933323, 268.124853, 268.630067, 268.200068]
sync delay = 193.620075323
out notify interest = 5674.0
out beacon = 20992.0
out data interest = 6194.0
out bundled interest = 1527.0
out data = 7781.0
out ack = 9165.0
out bundled data = 1347.0
collision rx = 96.7045454545
collision tx = 1.40909090909
cache hit = 5301.0
cache hit special = 580.0
retx_notify_interest = 785.0
retx_data_interest = 261.0
retx_bundled_interest = 582.0
state sync duration = 193.842179714
data availability = 1.0
[125.940812, 125.930812, 125.900812, 125.810812, 125.845656, 135.991042, 136.001042, 136.089073, 143.981341, 144.034506, 144.02969, 144.026172, 144.382182, 104.4727, 104.093057, 144.318964, 104.509744, 104.382012, 144.198067, 144.259305, 148.629771, 150.360877, 150.347048, 150.695566, 150.804587, 150.541816, 150.54334, 150.605571, 150.635534, 176.154097, 135.934097, 215.936307, 215.93054, 216.03054, 176.01054, 215.92054, 216.19054, 176.40454, 136.64654, 215.96054, 215.97054, 216.20054, 176.12554, 216.086315, 176.222315, 216.022059, 216.192059, 176.312059, 216.06875, 175.83175, 216.29875, 176.26575, 136.43675, 216.07875, 175.89275, 216.30875, 176.14775, 216.08875, 175.85175, 216.09875, 176.03875, 216.11512, 175.97012, 216.15512, 176.05912, 167.110476, 173.901221, 213.743221, 213.786495, 213.886495, 173.794495, 213.605495, 173.816086, 173.812086, 173.816017, 213.874017, 213.608865, 213.504929, 213.446929, 213.880163, 173.985163, 213.651408, 214.449767, 174.812292, 214.652287, 174.837678, 214.685055, 174.780818, 214.793011, 175.060564, 214.56366, 174.561363, 214.725932, 174.738018, 175.071424, 135.207225, 215.200066, 175.546203, 215.389581, 175.286354, 175.71828, 219.198754, 179.485754, 179.385754, 218.975754, 167.190062, 167.646277, 208.153218, 167.766218, 168.508218, 208.63152, 176.593991, 136.809991, 176.736991, 136.410991, 216.806375, 176.459375, 216.762375, 176.835375, 176.835342, 136.996342, 216.711075, 176.801075, 177.197118, 177.049901, 136.694901, 216.711757, 177.110757, 216.379466, 216.504466, 217.191466, 177.111461, 217.323192, 190.512095, 150.119502, 270.080502, 229.802502, 189.855502, 149.477502, 269.993502, 230.238502, 190.227502, 150.162502, 269.999776, 229.984776, 189.951776, 150.104776, 270.174776, 230.276776, 190.071776, 150.175776, 270.198776, 230.063776, 189.719776, 149.311776, 190.404265, 150.087265, 269.834265, 229.869265, 190.040265, 150.000265, 149.584586, 150.778626, 190.041709, 150.478352, 150.666749, 190.248969, 150.221504, 150.43756, 150.666609, 150.993005, 190.412701, 150.42592, 190.105963, 149.774202, 190.582925, 190.99574, 150.727892, 191.039002, 150.910058, 190.418164, 190.177172, 190.445712, 150.292928, 190.988116, 190.477389, 190.321007, 150.628026, 150.845169, 151.136886, 162.796857, 162.479359, 121.870267, 122.474153, 162.473671, 162.968898, 162.768864, 162.551486, 156.607383, 156.229894, 278.926263, 238.871435, 198.599936, 278.938846, 239.109327, 199.307858, 158.542193, 278.744411, 238.786498, 198.442825, 159.367782, 278.909658, 238.795585, 198.82664, 159.222659, 239.670912, 199.45635, 159.715872, 119.382351, 278.899272, 238.888567, 198.801304, 279.313547, 239.686407, 199.874209, 199.753512, 159.712925, 158.493776, 159.201239, 159.344994, 159.757435, 200.185273, 160.087355, 159.752085, 160.073123, 119.217862, 160.249068, 160.165234, 159.694998, 119.922269, 216.161709, 176.110709, 176.679709, 217.342794, 177.382683, 177.231558, 137.364128, 216.906537, 176.995225, 217.301859, 177.067235, 217.617855, 177.773854, 177.317045, 177.720698, 137.046786, 217.315119, 176.902065, 178.430785, 315.126271, 274.957271, 234.613311, 234.962311, 234.788311, 194.572311, 154.577828, 235.219828, 195.299828, 235.27741, 195.17441, 155.524687, 155.137749, 235.36832, 195.43832, 234.24332, 194.967641, 235.108641, 235.619641, 194.932949, 235.378097, 195.484097, 235.020462, 163.34159, 123.17759, 163.83859, 123.65459, 203.71359, 163.74159, 123.75559, 203.44359, 163.50559, 163.33859, 162.719211, 243.487211, 203.459211, 164.110211, 124.151211, 243.873211, 203.726211, 203.303001, 163.359001, 123.435001, 202.690001, 162.950001, 243.742001, 204.020001, 202.770159, 162.676159, 161.871159, 163.237159, 163.248159, 162.935159, 164.017159, 243.353074, 203.198074, 243.572074, 203.349074, 163.931074, 202.773261, 162.813261, 203.528261, 163.662261, 163.716261, 163.368261, 123.616261, 202.445261, 242.846487, 203.188487, 163.252487, 123.272487, 163.419487, 162.383819, 243.296819, 203.262819, 243.407819, 203.167819, 165.904962, 145.756422, 144.297138, 145.486138, 145.402884, 184.645884, 225.950962, 185.813962, 145.887561, 105.855561, 131.974071, 170.855071, 130.369071, 132.159071, 171.594071, 131.514071, 171.856071, 131.741071, 171.247749, 131.083749, 170.800749, 130.932749, 170.637749, 130.839749, 132.373749, 211.867068, 251.872392, 292.473108, 252.390486, 212.148203, 292.009442, 252.042316, 212.091395, 212.400009, 172.512668, 291.134171, 251.368664, 211.403708, 172.658503, 291.475071, 252.035617, 211.708423, 212.386509, 292.773299, 252.973505, 212.585224, 292.880739, 252.680272, 212.793609, 252.484777, 212.641065, 172.403373, 252.199612, 213.157018, 172.9772, 253.643274, 253.240827, 213.222291, 253.060783, 173.062024, 253.212592, 212.107377, 172.209524, 173.174666, 212.86973, 172.778215, 173.435465, 221.105919, 219.934919, 220.383919, 221.601919, 179.810919, 179.610919, 180.652656, 180.731656, 180.528656, 180.497656, 180.154656, 220.803656, 180.550656, 220.310656, 191.81204, 192.760207, 192.365941, 192.253721, 192.250449, 192.549444, 192.324539, 193.429306, 279.509621, 239.475481, 279.412065, 239.742791, 279.162358, 279.337313, 278.700415, 277.657695, 270.343549, 270.855061, 269.269493, 270.942049, 271.304128, 271.236981, 270.205865]
sync delay = 190.763077973
out notify interest = 5704.0
out beacon = 20972.0
out data interest = 6490.0
out bundled interest = 1627.0
out data = 8506.0
out ack = 9213.0
out bundled data = 1433.0
collision rx = 102.477272727
collision tx = 2.95454545455
cache hit = 5721.0
cache hit special = 650.0
retx_notify_interest = 847.0
retx_data_interest = 394.0
retx_bundled_interest = 821.0
state sync duration = 194.27140003
data availability = 1.0
[128.953892, 128.983892, 129.104372, 129.180278, 129.150278, 135.255712, 135.005712, 134.995712, 135.265712, 135.350812, 135.020812, 134.980812, 134.970812, 134.990812, 135.220812, 135.290812, 144.235402, 104.707459, 144.518888, 104.652612, 144.365949, 144.350854, 104.484068, 144.448624, 144.501858, 144.845844, 104.768279, 144.554171, 148.25385, 215.346888, 175.403888, 135.723888, 215.336888, 215.425182, 175.379182, 215.365182, 215.445182, 174.942182, 215.335182, 215.435182, 175.312182, 215.415182, 175.390182, 215.525182, 175.371182, 175.524177, 175.315177, 215.610177, 175.671177, 135.590177, 215.508555, 175.536555, 215.738555, 175.612555, 135.358555, 215.518555, 175.572555, 215.748555, 176.266555, 215.495896, 215.595896, 175.649896, 215.735896, 175.637896, 215.512124, 215.622124, 175.539124, 139.263001, 167.22787, 175.563848, 175.088848, 214.155386, 214.694386, 174.955386, 213.974386, 174.447921, 213.818921, 214.634921, 174.619921, 214.861767, 214.036767, 174.488043, 215.268525, 175.613307, 215.258451, 175.332497, 215.200488, 214.901488, 174.858488, 215.515488, 175.426488, 214.961823, 215.285823, 175.379823, 215.321823, 175.212823, 215.494823, 175.825287, 215.708815, 175.827486, 176.574958, 136.087756, 135.744352, 216.07606, 176.222025, 176.230356, 168.215199, 168.615197, 208.273632, 177.625201, 137.675201, 176.571201, 136.282201, 216.103201, 216.632918, 177.161918, 217.230916, 216.488574, 177.243574, 137.510574, 216.549574, 176.772891, 176.738891, 136.732891, 216.563105, 217.188105, 177.101105, 177.576105, 177.403573, 216.366573, 217.082573, 177.128573, 189.622349, 149.536349, 149.970349, 189.444349, 149.574349, 190.648003, 150.696003, 150.459003, 189.779269, 149.474269, 189.384269, 149.424269, 150.477269, 189.427214, 149.549214, 189.377214, 149.497214, 149.74345, 190.222525, 270.506191, 230.580191, 190.518191, 150.585191, 270.350191, 230.373191, 190.107191, 150.022191, 270.415191, 230.585191, 190.299191, 150.441191, 150.194191, 270.662133, 230.957133, 191.117133, 150.998133, 189.951133, 149.912133, 270.686582, 230.839582, 190.658582, 150.987582, 270.148582, 229.864582, 189.808582, 149.599582, 190.241582, 150.612582, 190.397309, 150.651059, 190.808548, 190.289165, 190.162483, 190.166083, 191.743226, 151.377081, 150.115103, 151.452958, 163.776077, 123.168077, 164.726518, 123.453518, 163.086518, 163.433938, 163.373938, 163.100129, 148.594673, 228.315178, 188.638178, 188.223145, 267.860861, 227.809861, 268.63048, 228.23548, 148.98148, 268.16948, 228.31848, 268.43048, 228.72148, 268.553637, 228.426637, 268.298637, 228.540637, 155.9072, 155.4492, 195.4942, 155.5572, 195.779476, 155.171366, 155.491366, 155.779195, 115.509195, 154.300195, 194.554235, 155.918235, 195.435367, 155.138296, 155.274296, 155.824296, 195.562299, 155.356299, 155.275993, 195.546993, 195.681993, 156.392467, 156.141467, 116.051467, 115.037467, 210.04986, 169.68286, 130.437352, 210.924482, 170.683482, 211.317501, 171.417501, 170.818258, 171.503847, 211.399847, 171.623847, 170.936225, 171.776204, 171.224721, 131.114721, 211.399308, 171.620308, 211.417479, 171.594479, 237.565417, 197.498417, 236.889417, 237.291004, 238.42761, 317.66469, 277.71269, 237.3751, 197.5801, 197.5471, 236.961889, 237.414659, 238.859659, 198.935659, 158.981659, 237.530659, 238.342037, 197.988789, 237.323593, 238.027582, 197.918582, 157.987582, 198.931586, 159.222975, 201.494456, 161.318456, 121.603456, 202.788456, 162.708456, 162.779456, 122.652456, 162.611456, 122.600456, 163.319038, 202.452038, 162.311038, 161.199038, 201.391038, 161.628038, 162.666038, 162.422038, 242.307038, 202.251038, 243.520778, 203.549778, 163.546778, 123.286778, 202.942778, 163.056778, 123.318778, 203.280778, 162.075837, 242.260837, 202.328837, 162.294837, 163.036837, 163.008837, 163.38769, 162.73969, 122.54469, 242.16669, 202.19569, 162.24869, 163.03569, 203.486298, 163.475298, 163.320298, 202.269298, 162.465298, 162.117298, 122.283298, 242.065298, 242.575482, 202.659482, 162.853482, 162.801482, 123.022482, 242.642482, 202.679482, 162.748482, 202.135501, 162.179501, 203.559501, 163.448501, 163.271501, 122.999501, 183.903261, 144.011068, 104.153162, 144.871347, 104.772245, 145.031762, 223.964067, 184.145148, 144.264121, 223.887173, 183.4796, 143.483162, 144.753245, 224.190651, 184.19216, 144.10605, 224.152767, 184.191529, 144.090486, 224.035376, 183.669449, 143.4187, 105.284761, 144.543465, 104.277619, 145.569678, 225.36567, 185.61934, 145.655817, 105.615163, 144.389434, 184.629395, 144.789672, 223.867479, 183.959851, 144.067298, 145.684524, 105.420041, 117.461449, 157.684498, 117.896498, 131.690912, 172.612912, 132.809912, 172.912912, 132.898912, 172.447912, 132.229912, 132.571912, 173.980614, 133.823614, 172.329979, 132.367639, 174.461548, 134.497453, 133.594796, 132.742973, 173.12761, 219.104026, 178.679026, 179.670026, 178.709026, 179.762026, 180.745026, 179.575026, 220.053026, 219.556638, 178.967638, 220.699638, 178.843638, 219.113638, 219.771638, 192.259999, 192.479417, 191.175306, 192.563298, 191.956051, 191.846494, 190.84302, 191.205321, 279.828121, 279.395761, 279.977525, 279.5537, 239.697976, 279.75439, 240.247218, 277.930191, 268.560605, 268.795853, 269.114558, 268.335169, 268.810031, 267.312161, 268.934796]
sync delay = 182.803852795
out notify interest = 6071.0
out beacon = 20969.0
out data interest = 6373.0
out bundled interest = 1669.0
out data = 7180.0
out ack = 9491.0
out bundled data = 1427.0
collision rx = 86.3409090909
collision tx = 1.22727272727
cache hit = 5712.0
cache hit special = 655.0
retx_notify_interest = 1123.0
retx_data_interest = 794.0
retx_bundled_interest = 686.0
state sync duration = 184.599743155
data availability = 1.0
[126.365422, 126.265422, 126.325422, 126.464606, 126.344606, 135.810656, 135.900656, 135.770656, 135.948096, 135.928096, 143.714165, 143.744165, 104.156165, 144.420411, 104.338411, 144.160411, 144.170411, 144.500411, 104.497411, 118.449492, 158.59192, 158.585863, 175.41597, 214.722952, 214.797574, 174.911574, 214.807574, 174.923574, 214.777574, 174.800574, 215.007574, 175.342574, 135.485574, 215.063574, 215.173574, 175.250574, 215.033574, 215.223574, 174.943574, 215.439676, 175.622904, 215.403382, 175.345382, 215.293382, 215.343382, 175.533382, 215.523382, 175.502382, 135.787382, 215.359877, 175.022877, 215.340152, 175.447644, 215.315227, 215.649535, 175.708306, 135.630255, 175.930572, 136.129316, 176.692344, 136.45123, 216.357375, 176.535325, 139.312081, 174.620019, 175.194019, 254.749912, 214.295912, 254.759912, 214.351912, 254.709912, 214.467912, 174.629897, 214.834897, 214.546897, 214.836519, 174.682519, 254.733519, 214.560519, 174.708206, 254.756513, 214.879513, 254.772636, 215.181636, 214.950499, 175.037499, 175.312499, 215.073077, 175.111077, 175.286077, 215.225395, 175.703395, 215.273398, 175.521398, 215.466944, 175.733944, 215.239944, 175.235944, 214.910944, 174.587944, 215.294944, 175.238944, 175.716752, 135.778752, 215.107752, 175.199752, 168.837259, 208.494259, 168.565259, 172.621021, 173.237034, 175.263394, 135.611394, 214.280823, 175.303823, 214.697823, 174.845823, 214.063823, 174.763823, 175.162875, 135.119875, 214.651455, 214.519455, 214.604455, 175.463756, 174.652385, 134.781385, 175.556385, 215.035385, 175.317078, 215.731078, 175.958353, 136.006353, 189.467063, 190.657945, 190.357467, 190.218485, 190.799108, 191.360504, 151.563604, 151.175384, 191.471511, 151.306834, 190.706866, 150.685111, 271.537577, 231.240577, 190.916577, 150.831577, 192.089181, 152.416246, 152.421247, 191.695866, 151.656025, 152.14609, 191.667088, 151.848443, 192.883113, 152.449113, 192.250113, 152.152113, 192.319184, 152.525184, 275.079839, 235.367438, 195.463586, 155.391219, 275.138793, 234.971373, 194.977163, 154.666852, 155.383157, 275.266241, 235.032015, 194.570308, 154.856775, 275.239422, 235.085721, 194.906657, 155.133642, 155.48685, 274.952318, 234.894357, 194.834223, 154.811487, 195.412301, 155.359605, 162.676639, 123.150639, 163.568201, 161.663201, 162.642184, 162.111184, 162.49779, 149.967593, 189.632399, 269.231245, 229.218245, 189.638245, 270.18563, 230.05563, 269.71763, 229.94363, 269.890602, 229.669602, 270.327602, 230.319602, 270.220602, 230.434602, 151.030077, 230.367077, 190.144077, 200.671941, 160.476329, 160.667329, 160.272329, 160.852329, 160.845329, 200.907747, 160.985747, 200.940747, 159.951747, 160.418747, 160.726175, 161.038175, 161.253175, 160.618175, 160.646684, 120.836684, 121.084684, 200.050684, 201.007684, 161.032684, 200.270561, 160.428561, 120.287561, 200.833561, 210.626549, 170.665549, 170.400549, 210.47085, 170.11485, 209.12685, 169.42485, 210.18285, 130.383414, 170.160023, 209.756023, 169.888023, 170.209023, 170.402412, 210.26539, 170.10139, 170.17539, 130.10239, 170.466842, 315.51565, 275.66965, 235.602545, 276.267047, 236.345047, 235.981047, 196.749357, 236.577357, 196.299357, 156.502357, 236.077871, 236.267871, 236.762871, 196.715871, 235.989605, 237.108605, 276.20306, 235.60306, 235.873287, 196.227287, 196.565261, 156.766261, 235.934661, 195.976661, 155.936661, 237.47529, 197.19529, 200.832342, 160.863342, 121.160342, 161.393342, 121.109342, 162.189342, 161.969054, 162.633016, 162.701651, 162.057045, 162.964045, 163.029868, 162.779476, 242.300476, 202.038476, 163.546476, 162.979807, 242.683807, 202.912807, 162.667807, 203.788577, 162.726494, 162.579978, 122.455113, 242.862784, 202.870513, 243.110297, 202.891702, 244.684609, 204.836068, 162.749707, 163.52785, 243.670596, 164.997356, 124.593356, 124.002356, 162.473356, 203.99271, 165.066053, 204.368038, 164.264038, 124.598038, 243.158038, 202.819038, 124.33404, 124.686092, 162.990942, 164.373989, 224.173699, 183.923512, 144.016487, 145.063988, 224.476065, 184.501475, 145.717456, 185.287975, 145.319241, 105.449291, 104.628697, 224.919103, 185.161477, 145.21916, 144.777747, 225.922305, 185.957027, 225.328447, 185.620523, 145.127189, 225.232359, 185.605819, 145.932478, 225.498326, 185.571106, 145.556785, 185.960666, 146.149953, 106.199176, 226.571975, 186.784828, 146.79204, 107.029946, 225.150198, 226.00772, 186.202961, 186.330988, 146.004475, 226.238199, 186.189674, 226.07116, 186.101996, 146.025786, 146.688398, 106.57534, 118.967338, 237.968338, 158.362839, 198.286596, 158.963596, 158.943596, 118.870596, 198.285118, 132.707149, 172.941149, 132.789149, 133.491149, 133.529149, 173.752149, 133.410149, 173.192149, 133.279149, 174.348469, 134.460469, 172.821469, 132.877469, 133.308469, 173.456469, 133.325469, 172.271155, 211.862155, 173.031621, 180.65582, 179.41582, 219.77782, 218.83182, 218.85082, 219.99782, 179.955496, 221.283496, 180.148496, 179.892496, 180.748496, 220.177496, 180.081496, 179.72301, 190.76359, 192.269979, 191.480573, 189.808352, 191.322348, 279.495062, 279.481511, 239.922021, 279.550463, 279.028886, 279.573708, 279.490984, 239.391286, 263.150237, 263.046655, 270.996072, 270.892413, 270.134126, 270.510738, 271.437734, 279.323137, 277.827233, 278.985359]
sync delay = 187.666197343
out notify interest = 6578.0
out beacon = 20975.0
out data interest = 7048.0
out bundled interest = 1927.0
out data = 7968.0
out ack = 9939.0
out bundled data = 1505.0
collision rx = 81.4772727273
collision tx = 1.13636363636
cache hit = 5531.0
cache hit special = 561.0
retx_notify_interest = 1471.0
retx_data_interest = 1251.0
retx_bundled_interest = 1406.0
state sync duration = 189.073635205
data availability = 1.0
[125.829706, 125.729706, 125.819706, 125.789706, 125.702359, 135.226285, 143.836803, 143.846803, 144.176803, 103.878803, 161.787467, 168.102082, 168.518435, 168.655346, 218.769448, 219.872917, 220.76953, 180.693122, 220.683407, 180.884041, 220.983381, 181.144147, 221.304873, 181.419281, 222.224973, 183.074182, 183.398182, 226.94147, 187.15547, 226.916406, 187.144512, 227.13265, 186.918019, 227.36736, 187.306395, 227.352318, 187.230841, 227.423749, 200.898034, 208.147408, 176.037041, 256.057041, 176.635041, 256.868639, 216.971639, 176.748639, 256.531999, 216.527999, 177.317356, 256.9084, 217.123134, 177.344134, 257.046238, 217.211238, 176.984238, 256.976238, 216.961238, 257.316238, 256.992752, 217.100752, 257.191163, 216.883084, 217.178104, 257.189745, 217.647008, 258.036649, 218.036637, 218.543459, 219.683743, 259.64144, 221.962552, 181.803782, 182.239864, 223.0444, 183.033631, 223.207216, 183.216404, 223.781636, 183.83377, 224.716006, 184.645777, 229.683159, 238.973679, 198.998679, 239.607319, 199.401807, 200.614893, 240.603754, 200.906333, 245.805048, 205.906784, 174.878072, 214.72296, 296.298182, 216.343374, 217.50047, 297.19071, 297.419862, 257.68304, 177.593302, 137.288758, 297.351279, 304.64529, 264.691903, 304.856897, 200.408593, 299.881952, 259.802952, 219.540952, 274.292819, 235.009134, 196.094294, 278.634457, 240.584139, 200.608567, 246.678097, 326.483097, 286.843097, 246.85433, 212.809663, 332.753663, 292.402663, 252.414663, 212.357663, 255.350025, 215.036892, 295.202119, 255.579119, 215.641119, 296.224656, 257.653685, 217.790947, 328.196311, 314.750683, 274.625643, 234.802727, 315.227458, 356.345812, 317.273885, 277.144819, 276.842616, 236.896051, 397.201171, 357.253391, 317.163733, 358.290803, 318.307617, 278.402503, 398.289853, 358.407201, 318.634099, 319.053773, 279.443965, 320.974415, 280.740313, 240.74094, 360.464894, 320.799118, 280.584644, 320.975597, 281.340797, 299.485004, 259.630678, 341.00336, 381.331269, 341.36488, 301.784283, 301.302796, 261.223606, 263.331339, 223.640819, 265.565236, 225.406236, 185.198236, 385.459888, 345.272888, 305.066888, 264.700888, 224.593888, 184.585888, 265.218741, 266.604605, 228.947637, 314.840164, 274.865706, 275.331073, 355.570683, 315.351446, 275.23566, 235.327382, 195.390638, 315.617883, 275.739135, 275.021066, 356.937874, 316.607861, 276.972246, 236.892903, 197.028446, 157.125015, 396.578464, 356.122162, 316.41389, 276.541942, 356.610062, 316.736854, 277.518089, 237.722005, 357.464453, 317.500867, 277.593887, 357.313703, 277.721014, 238.150605, 317.323791, 277.650383, 237.954058, 397.972086, 358.010198, 318.104207, 198.114572, 278.22576, 278.792727, 238.777977, 358.867745, 318.788707, 358.484076, 318.307092, 319.302695, 280.040704, 240.241081, 200.119474, 281.010765, 248.86485, 208.826726, 249.09379, 248.717387, 208.441029, 209.500002, 209.911002, 169.781002, 249.484477, 209.738477, 249.320477, 209.468477, 169.176477, 169.827477, 169.526477, 249.180054, 209.519054, 169.753054, 169.662198, 295.784361, 255.772719, 375.938516, 336.078684, 296.551699, 256.590278, 175.041018, 415.991372, 376.163927, 296.725569, 256.357679, 216.504068, 337.214885, 416.805954, 376.476205, 250.149768, 331.640764, 291.575128, 211.46105, 171.510891, 330.75393, 290.779142, 412.356756, 372.528577, 332.586472, 292.551935, 252.28053, 212.244722, 292.304044, 371.955751, 331.935987, 292.008461, 251.502401, 211.386003, 212.948155, 173.405058, 382.018525, 341.813791, 301.548988, 261.981608, 462.251691, 303.721457, 263.714978, 224.309817, 423.844259, 383.811461, 344.03045, 304.193384, 263.946979, 463.882654, 423.998176, 383.594115, 344.024226, 303.929216, 263.973562, 208.17194, 293.840072, 337.008782, 297.118513, 257.455769, 217.496237, 337.123289, 297.319538, 257.287058, 217.30115, 381.110418, 341.554499, 301.857858, 262.097599, 222.088481, 501.425474, 461.462057, 421.679055, 301.411211, 382.192484, 342.418029, 302.630813, 262.361863, 222.925347, 382.985664, 343.215424, 221.172356, 423.485011, 383.591011, 343.478011, 303.567011, 225.077891, 464.763283, 424.985868, 385.806628, 346.381341, 306.275219, 266.393456, 386.964216, 346.845216, 306.900216, 266.820216, 226.714216, 306.999216, 267.164216, 346.565216, 306.844216, 267.587698, 227.826755, 281.178074, 250.86129, 250.310407, 269.343722, 334.607928, 335.967426, 580.907028, 540.614621, 500.7483, 461.45614, 421.462332, 381.08768, 341.432027, 341.577954, 301.666711, 341.681085, 342.372512, 303.261145, 622.900743, 583.114197, 543.100793, 503.145296, 463.230399, 423.487681, 383.389884, 343.899892, 304.485594, 463.904707, 424.091736, 383.884347, 344.025722, 303.687097, 425.165615, 385.687482, 345.849913, 306.200201, 345.252598, 304.75504, 425.325262, 385.319763, 345.497104, 305.408088, 303.964174, 346.822025, 307.500676, 306.328157, 306.861054, 386.003516, 346.053559, 325.714206, 372.261533, 373.477975, 453.733666, 414.014139, 374.144072, 413.741207, 373.816663, 454.055409, 414.335702, 374.636774, 454.407366, 414.200687, 493.533982, 453.498982, 413.648982, 373.779982, 455.43381, 406.148058, 407.263085, 469.63295, 429.44295, 508.38095, 468.25595, 428.60395, 469.43995, 429.13695, 429.47795, 430.01911, 497.037453, 458.096334, 475.975333, 476.33717, 476.464272, 476.443028]
sync delay = 292.500947566
out notify interest = 11179.0
out beacon = 20966.0
out data interest = 12067.0
out bundled interest = 3754.0
out data = 12602.0
out ack = 14458.0
out bundled data = 2410.0
collision rx = 79.4090909091
collision tx = 1.13636363636
cache hit = 8723.0
cache hit special = 947.0
retx_notify_interest = 4273.0
retx_data_interest = 4750.0
retx_bundled_interest = 4290.0
state sync duration = 327.557771657
data availability = 1.0
[129.453475, 146.553406, 169.322092, 169.874608, 169.854608, 170.054608, 169.824608, 169.834608, 170.064608, 129.905608, 170.114608, 171.339946, 171.199946, 131.132946, 131.359946, 171.229946, 216.353162, 216.413162, 221.510306, 221.690306, 181.766306, 221.801313, 181.700313, 222.704171, 223.198936, 223.225031, 239.707964, 199.772964, 239.597964, 239.847964, 239.617964, 239.795232, 239.945232, 239.825232, 240.055232, 200.136232, 239.860769, 240.090769, 199.925769, 216.173857, 255.949857, 255.649857, 255.747682, 270.90064, 230.472397, 247.800927, 289.674602, 250.64047, 290.61647, 255.110248, 215.030248, 295.248406, 304.585426, 304.682259, 264.605259, 314.059286, 274.029901, 278.981523, 253.162034, 294.177598, 341.997204, 303.939188, 264.086188, 223.755188, 265.920832, 305.545832, 306.040832, 265.957832, 305.734832, 278.991269, 319.447687, 279.469687, 359.328646, 319.452113, 327.636204, 287.497204, 288.779557, 252.658463, 292.516463, 344.701314, 348.587421, 367.078022, 326.967022, 367.066022, 344.679105, 345.785224, 305.852224, 266.164224, 386.127224, 346.213224, 346.148896, 306.287896, 425.901896, 480.924376, 440.727257, 440.723133, 400.669924, 360.950137, 401.354162, 361.679264, 369.725359, 329.652359, 259.007275, 436.420558, 373.616281, 505.394756, 465.202756, 425.199756, 505.616507, 465.270507, 505.862055, 465.974055, 505.796055, 426.148222, 425.968097, 466.720216, 426.518418, 386.494207, 467.668284, 427.847284, 388.156284, 456.55101, 416.56801, 376.77101, 336.63801, 502.932164, 520.826341, 481.116341, 441.104341, 401.118341, 521.316762, 562.125453, 562.670691, 522.714359, 482.774561, 443.042647, 523.576455, 483.58057, 443.72107, 403.664038, 524.24259, 484.107033, 444.156699, 404.221901, 364.477885, 565.257568, 525.264621, 486.015338, 446.250017, 488.644382, 569.333703, 529.300703, 489.313703, 449.361703, 409.046703, 369.319703, 529.799548, 490.050548, 450.249548, 450.535468, 451.548943, 573.9601, 534.1981, 494.1261, 493.254001, 453.398001, 454.164203, 414.388203, 374.586203, 334.364203, 414.131848, 374.11474, 495.257727, 455.47912, 578.175437, 538.359437, 500.697609, 581.819621, 463.415172, 544.055172, 503.986172, 463.825172, 504.275925, 464.495925, 424.205925, 544.631925, 504.786925, 585.019505, 545.062462, 505.176424, 586.319009, 546.591009, 506.455009, 466.315009, 426.131009, 469.056175, 429.324874, 510.784692, 470.849489, 430.865087, 391.252545, 351.345615, 431.09126, 391.393317, 351.203954, 310.973302, 329.611724, 466.700191, 426.683191, 386.373191, 667.282191, 627.602191, 587.599191, 547.568191, 507.695191, 468.013191, 667.174689, 627.40035, 706.860887, 540.491516, 500.876516, 460.762516, 421.021516, 540.283516, 500.035516, 460.097516, 419.918516, 580.106824, 540.067824, 499.935824, 540.688824, 580.587717, 540.421717, 500.570717, 460.581717, 501.386183, 461.360056, 542.571723, 502.399804, 462.585979, 422.465782, 467.338744, 427.678217, 508.59483, 508.930991, 469.007809, 428.807274, 509.612144, 429.126762, 469.123961, 429.404696, 519.161304, 479.208304, 439.333304, 438.664304, 519.190304, 479.131304, 438.911304, 530.007713, 490.113713, 450.042713, 600.210121, 560.277121, 520.104121, 480.409121, 720.587121, 680.412121, 640.524121, 600.907121, 561.192121, 521.354121, 481.769121, 521.907451, 482.012065, 770.217206, 730.454206, 690.257206, 650.211206, 610.570206, 570.366206, 530.609206, 770.940206, 730.548206, 690.668206, 650.443206, 650.226278, 610.287278, 569.988278, 529.514278, 690.625278, 650.859278, 610.670278, 570.927278, 531.001278, 532.451367, 492.803075, 573.329206, 533.694653, 493.573056, 813.260867, 773.549949, 733.909053, 694.034292, 654.06408, 694.672476, 654.725476, 615.055476, 575.193476, 773.992476, 734.188476, 694.206476, 653.994476, 613.873476, 573.769476, 494.384265, 654.610478, 614.294478, 574.116478, 533.670478, 494.100478, 614.539478, 574.785478, 534.838478, 494.430478, 774.448478, 734.677478, 694.683478, 614.672811, 574.735316, 534.913477, 495.023539, 495.22265, 575.287204, 535.743409, 536.703281, 496.811854, 736.026317, 616.593756, 576.642898, 536.686522, 496.56261, 536.06161, 496.11161, 816.17661, 775.75861, 735.79361, 695.45461, 655.70561, 615.86661, 575.95861, 816.484801, 776.447801, 736.335801, 696.131801, 656.082801, 616.049801, 576.174801, 536.313801, 496.715801, 696.788801, 656.884801, 616.889801, 579.358733, 539.479922, 499.911989, 778.418883, 738.721271, 698.620342, 658.904682, 618.879455, 579.311435, 539.192198, 499.259872, 541.210513, 502.536431, 504.91153, 825.684063, 785.497202, 745.499085, 705.65206, 665.939264, 529.263799, 528.392708, 533.098245, 786.722202, 746.770202, 706.866202, 666.899202, 626.960202, 587.210202, 746.839202, 706.401202, 666.078202, 626.317202, 906.747031, 866.961176, 854.405587, 814.573772, 774.86364, 735.012848, 677.695614, 637.619501, 708.393473, 827.586784, 787.618335, 747.593777, 708.202368, 949.190654, 1062.900005, 1023.043005, 983.211005, 943.020005, 903.165005, 863.039005, 823.003005, 782.806005, 742.728005, 783.754005, 743.876005, 903.441005, 863.229005, 823.232923, 782.980923, 743.011923, 823.465923, 783.712923, 743.622923, 943.256923, 903.305923, 863.217923, 823.054923, 783.095923, 982.878009, 943.107009, 903.201009, 863.302009, 823.478009, 783.494009, 743.563009, 743.345009]
sync delay = 509.47729235
out notify interest = 17878.0
out beacon = 20970.0
out data interest = 14143.0
out bundled interest = 7440.0
out data = 11964.0
out ack = 18472.0
out bundled data = 3552.0
collision rx = 55.9545454545
collision tx = 0.636363636364
cache hit = 8063.0
cache hit special = 899.0
retx_notify_interest = 9100.0
retx_data_interest = 7574.0
retx_bundled_interest = 8322.0
state sync duration = 523.283009365
