data availability = 1.0
[262.642547, 222.733547, 262.412547, 222.700547, 262.462547, 262.472547, 262.401059, 222.490059, 262.461059, 262.681059, 262.451059, 222.446059, 262.441059, 222.607059, 262.671059, 222.575059, 262.431059, 222.655059, 262.411059, 222.212059, 262.49631, 262.51631, 262.73631, 222.47031, 262.50631, 289.533087, 289.423087, 208.999087, 209.478087, 289.443087, 289.563087, 289.623087, 249.662087, 289.477592, 289.517592, 289.467592, 289.487592, 289.597592, 289.527592, 289.607592, 289.497592, 289.617592, 249.745592, 289.547592, 249.501592, 209.553592, 289.437592, 289.513712, 289.463712, 191.169031, 271.691031, 232.014031, 192.371031, 271.691031, 231.556031, 271.909977, 232.120977, 192.233977, 311.618502, 271.487502, 311.267502, 271.522502, 311.731969, 271.447969, 311.549969, 271.763969, 311.744709, 271.636709, 311.804417, 271.843417, 312.129417, 271.854417, 291.339669, 251.269669, 332.099669, 291.906669, 251.791669, 331.580407, 291.576407, 251.430407, 371.586306, 331.599306, 291.715306, 291.372992, 371.446276, 331.235276, 291.661276, 371.615028, 331.465028, 291.670028, 371.568028, 331.243028, 291.527028, 371.328986, 331.316986, 291.377986, 371.423652, 330.917652, 291.020652, 307.290925, 466.973925, 426.967925, 387.073925, 346.923925, 307.010925, 467.818513, 427.761513, 387.904513, 348.001513, 308.174513, 467.931485, 427.989485, 388.175485, 347.752485, 307.605485, 467.516247, 427.289247, 387.009247, 346.727247, 306.877247, 467.833945, 427.851945, 387.754945, 347.704945, 307.767945, 468.166945, 428.415945, 388.608945, 348.587694, 308.428694, 348.509694, 308.495694, 390.398379, 350.515379, 310.869379, 271.149379, 390.329379, 350.309379, 390.479929, 350.183929, 350.881929, 311.052929, 270.845929, 350.006929, 390.340908, 390.777757, 351.109757, 350.750002, 390.133873, 350.144873, 390.170873, 349.904873, 330.740506, 290.630506, 251.150506, 210.870506, 370.504592, 330.266592, 289.984592, 250.059592, 450.590592, 410.728592, 370.784592, 330.739592, 290.944592, 250.991592, 211.114592, 450.573632, 410.743632, 370.816632, 370.486632, 330.602632, 290.444632, 250.241632, 370.170291, 330.113291, 289.939291, 249.797291, 451.278835, 411.430835, 371.473835, 331.728835, 291.692835, 252.169835, 212.296242, 450.96253, 411.04753, 450.465506, 410.704506, 370.295506, 330.296506, 290.328506, 250.210506, 210.196506, 411.033506, 370.928506, 331.044506, 290.925506, 250.964506, 371.475216, 331.279216, 291.294216, 251.246216, 371.151216, 331.385216, 291.233216, 251.238216, 253.750942, 213.723942, 453.117942, 412.755942, 372.954942, 332.831942, 292.848942, 252.690942, 373.126364, 333.131364, 293.491364, 253.454364, 213.442364, 373.127364, 333.463364, 293.607364, 253.906364, 453.364364, 413.539364, 373.495364, 333.283364, 293.190364, 253.111364, 213.079364, 212.466499, 293.838499, 254.037499, 213.950499, 367.908859, 328.066859, 287.993859, 247.873859, 447.396859, 407.276859, 367.003859, 326.612859, 367.426859, 367.358451, 327.528451, 287.774451, 247.852451, 366.954451, 327.013451, 286.840451, 247.092451, 367.565451, 327.445451, 287.573451, 327.642181, 408.023181, 367.718181, 327.986181, 247.813003, 366.561003, 326.697003, 286.874003, 246.803003, 407.012003, 366.710003, 326.637003, 286.300003, 368.304848, 328.081848, 288.104848, 248.117848, 327.904848, 288.324848, 246.265397, 287.99604, 288.004598, 286.710267, 287.586982, 328.109759, 288.026949, 286.636041, 289.300438, 387.621682, 347.657371, 348.014809, 348.134294, 619.004871, 578.892871, 539.158871, 498.877871, 458.785871, 618.861871, 578.540871, 538.557871, 498.465871, 459.092871, 459.596871, 619.541871, 579.740871, 619.367172, 579.416172, 539.484172, 499.785172, 459.720172, 619.217172, 579.149172, 539.175172, 499.459172, 459.741172, 539.734412, 499.882412, 459.985412, 620.223412, 580.052412, 540.033412, 499.947412, 459.901412, 459.879412, 619.466412, 579.390412, 539.131412, 499.451449, 459.410449, 499.166449, 459.486449, 515.171458, 475.193458, 513.944458, 474.159458, 513.941458, 473.884458, 515.281458, 475.102458, 514.223458, 474.163458, 514.547458, 474.795458, 515.253634, 475.375634]
sync delay = 347.639766797
out notify interest = 3144.0
out beacon = 16217.0
out data interest = 2994.0
out bundled interest = 801.0
out data = 3637.0
out ack = 5587.0
out bundled data = 675.0
collision rx = 79.7352941176
collision tx = 1.11764705882
cache hit = 2794.0
cache hit special = 422.0
retx_notify_interest = 486.0
retx_data_interest = 188.0
retx_bundled_interest = 254.0
state sync duration = 347.639766797
data availability = 1.0
[196.668633, 196.638633, 196.648633, 196.913802, 157.533802, 196.683802, 196.693802, 196.833802, 156.593802, 196.863802, 196.665957, 261.438125, 221.473321, 261.505836, 221.55247, 261.56058, 221.678274, 261.815717, 221.86202, 261.595353, 221.417784, 261.588445, 221.53525, 261.666623, 221.810462, 207.587077, 208.116077, 288.138077, 288.098077, 248.416077, 288.188077, 248.166077, 208.063077, 288.093747, 288.003747, 288.113747, 288.013747, 288.123747, 248.156747, 208.225747, 288.063747, 288.173747, 248.286747, 208.251747, 288.183747, 288.073747, 288.053747, 288.033747, 288.043747, 288.091203, 288.031203, 288.211203, 248.231203, 208.503203, 190.991286, 271.244286, 231.091286, 191.062286, 271.277286, 231.210286, 191.115286, 309.738265, 269.971265, 230.053265, 190.110265, 309.924265, 269.803265, 229.729789, 189.479789, 309.960789, 270.168789, 309.991283, 270.174283, 230.173283, 309.684361, 269.337361, 229.546361, 189.183361, 310.032361, 269.757361, 310.156361, 229.748063, 189.657063, 270.339076, 371.295289, 331.460289, 291.760289, 291.601836, 371.907284, 331.909284, 292.018284, 371.611885, 331.323885, 291.257885, 332.335885, 292.649885, 371.693202, 331.694202, 291.721202, 371.82112, 331.86712, 291.64112, 302.763182, 463.672182, 423.886182, 383.614182, 343.697182, 303.467182, 344.006312, 303.966312, 264.035312, 223.855312, 463.503312, 423.562312, 383.159312, 342.983312, 303.030312, 343.283312, 303.398312, 344.412116, 304.201116, 264.266116, 224.111116, 463.013116, 423.227116, 383.370116, 343.524116, 303.713116, 263.377743, 223.230743, 463.502743, 423.500743, 383.502743, 343.539743, 303.662743, 343.250743, 302.967743, 263.011743, 222.863743, 343.801716, 303.929716, 263.802716, 223.826716, 463.622716, 423.907716, 384.028716, 343.893716, 343.316712, 303.485712, 263.307712, 223.347712, 343.501712, 303.470712, 263.736712, 223.716712, 463.560712, 423.510712, 383.359712, 343.161712, 304.125229, 343.792229, 304.200229, 264.220229, 224.245229, 302.983229, 388.21621, 348.65921, 308.41121, 268.58121, 228.43921, 188.57421, 428.004746, 387.701746, 347.634746, 307.943746, 267.854746, 228.274746, 188.236746, 428.052746, 388.029746, 348.082746, 308.171746, 267.802746, 227.873746, 187.751746, 388.032216, 347.942216, 347.984216, 307.904216, 268.209216, 427.952216, 387.663216, 348.056216, 307.979216, 267.934216, 228.120216, 188.326216, 307.885216, 428.020364, 387.902364, 348.197364, 308.174364, 268.151364, 228.437364, 188.312364, 348.323364, 308.238364, 267.941278, 227.736278, 187.612278, 427.457278, 387.414278, 347.062278, 307.653278, 267.895278, 227.676278, 187.770278, 188.763278, 428.346278, 388.454278, 348.294278, 388.550659, 348.288659, 307.412659, 267.692659, 227.856659, 187.843659, 388.385659, 348.369659, 428.962659, 388.678659, 348.501659, 388.654659, 348.331659, 268.015659, 228.019659, 307.842626, 267.474626, 227.402626, 187.393626, 348.478626, 388.052626, 348.063626, 366.379177, 326.417303, 286.530669, 246.523259, 406.720182, 366.914931, 326.696138, 286.697908, 247.01381, 367.167142, 327.499659, 287.238778, 247.128066, 366.391979, 326.893474, 286.722007, 246.855473, 366.667312, 326.359134, 286.31837, 246.011319, 365.882619, 325.707997, 285.558331, 245.602683, 366.503393, 326.616534, 286.590656, 246.551824, 286.320387, 326.763377, 365.714868, 325.739838, 287.102257, 286.522617, 287.250057, 286.446674, 286.532351, 286.48476, 286.352422, 344.641619, 383.986619, 345.600699, 344.014699, 620.030329, 580.214329, 540.025329, 499.771329, 459.562329, 619.950329, 579.985329, 539.949329, 499.739329, 459.844329, 619.830329, 579.722329, 499.827497, 459.870497, 619.556497, 579.654497, 539.477497, 499.138497, 459.106497, 619.963497, 580.113497, 540.104497, 500.546497, 460.433497, 539.979239, 499.949239, 459.893239, 620.161239, 580.137239, 540.303239, 500.434239, 460.346239, 459.486239, 459.654239, 619.858239, 579.836239, 539.879186, 500.025186, 460.460186, 514.460921, 474.548921, 514.694921, 474.885921, 514.629921, 474.842921, 513.906921, 473.933921, 513.584921, 473.410921, 515.083921, 475.076921, 513.95022, 473.90022]
sync delay = 332.326491529
out notify interest = 3329.0
out beacon = 16209.0
out data interest = 3283.0
out bundled interest = 755.0
out data = 3941.0
out ack = 5866.0
out bundled data = 623.0
collision rx = 86.5882352941
collision tx = 0.705882352941
cache hit = 2822.0
cache hit special = 448.0
retx_notify_interest = 507.0
retx_data_interest = 194.0
retx_bundled_interest = 252.0
state sync duration = 332.326491529
data availability = 1.0
[195.398577, 195.558577, 155.446577, 195.368577, 195.425403, 195.595403, 155.802403, 195.399074, 195.649074, 156.116074, 195.419074, 195.389074, 261.604499, 221.658499, 261.62995, 221.55595, 261.85995, 221.74095, 261.59995, 221.29495, 261.61995, 221.46595, 261.645203, 221.692203, 261.603855, 221.462855, 287.867832, 247.860832, 207.626832, 287.857832, 247.807832, 207.777832, 207.585832, 167.599832, 287.887832, 288.03898, 247.852333, 288.158932, 248.213679, 207.975034, 288.015456, 288.067496, 288.110789, 248.41266, 288.17365, 288.146864, 288.23996, 248.219893, 288.272827, 288.337672, 248.343435, 288.565047, 248.875909, 209.246628, 169.090182, 288.800379, 249.033565, 209.038943, 169.149134, 288.876823, 288.922501, 249.075195, 289.038304, 248.968871, 209.031669, 189.431046, 268.940668, 228.969668, 189.113668, 310.065878, 270.158878, 190.570878, 229.658878, 309.692878, 269.916878, 309.635532, 269.431532, 309.898532, 269.882532, 270.44185, 230.45685, 190.39685, 309.791223, 270.181223, 190.291223, 310.269223, 229.672376, 189.908376, 270.381141, 329.142512, 288.888512, 289.342322, 368.978322, 328.945322, 289.012322, 249.120322, 208.991322, 329.357253, 289.333253, 369.41925, 329.70925, 289.69725, 249.43225, 209.41725, 369.473807, 329.177807, 289.016807, 248.916807, 209.202807, 329.398885, 288.889885, 369.014885, 329.061885, 289.024927, 249.272927, 209.528927, 329.346927, 289.707927, 249.127927, 209.245927, 329.66027, 289.70827, 369.249999, 329.304999, 289.107999, 249.021999, 328.636992, 288.465992, 369.575992, 329.518992, 289.401992, 209.01149, 249.28349, 209.16649, 282.460524, 242.043524, 201.981524, 162.008524, 282.753524, 242.751524, 202.909524, 282.906278, 242.855278, 202.819278, 162.621278, 281.989278, 242.230278, 202.525278, 162.931278, 163.003991, 282.675551, 242.823551, 202.989551, 202.943399, 283.064399, 163.145663, 243.803663, 243.164082, 203.200082, 163.237082, 283.090295, 242.921295, 202.870295, 162.688295, 180.81743, 220.44443, 180.53343, 180.772341, 180.389553, 180.630735, 180.609735, 387.579497, 347.321497, 307.578497, 307.448497, 267.457497, 227.381497, 187.559497, 386.629497, 347.073497, 347.318497, 427.240512, 387.158512, 347.172512, 307.514512, 267.385512, 227.676512, 187.589512, 426.747512, 386.686512, 346.675512, 306.383512, 266.305512, 307.459973, 267.351973, 227.492973, 426.963102, 387.045102, 346.949102, 307.244102, 267.243102, 227.197102, 187.271102, 347.055102, 307.120102, 427.135102, 387.056102, 347.218664, 306.963664, 267.102664, 387.367664, 347.425664, 307.616664, 427.039154, 386.969154, 347.199154, 307.615154, 267.123154, 226.844154, 187.010154, 307.037154, 267.046154, 227.024154, 186.798154, 226.169154, 185.912154, 386.968154, 387.447151, 347.254151, 426.676151, 386.612151, 346.799151, 306.800151, 266.543151, 226.403151, 186.710151, 428.006151, 388.092151, 348.077151, 347.015151, 306.832151, 267.080151, 347.015328, 226.980328, 187.140328, 307.611328, 267.893328, 228.258328, 188.384328, 387.671328, 347.395328, 307.082328, 292.831271, 333.767271, 293.451271, 367.424575, 327.463575, 287.357575, 247.229575, 366.540575, 326.122575, 286.293575, 246.472575, 287.418575, 367.03821, 327.11621, 287.35221, 248.08821, 366.48321, 326.53521, 286.20221, 246.39721, 367.091644, 327.234644, 287.470644, 247.467644, 366.911644, 326.875644, 286.603644, 246.402644, 367.073644, 326.826644, 286.995997, 246.555997, 278.370371, 279.27681, 278.547888, 278.39228, 278.351273, 277.315761, 278.434748, 343.778355, 384.066381, 344.103252, 344.144766, 498.862039, 458.781039, 618.244039, 578.294039, 538.165039, 498.379039, 458.478039, 619.636039, 579.469039, 539.489039, 499.412039, 459.330039, 579.147902, 539.139902, 498.911902, 458.673902, 579.011902, 539.043902, 498.947902, 458.834902, 618.329902, 578.051902, 537.924902, 498.112902, 578.522525, 538.131525, 497.997525, 458.050525, 460.161525, 498.397525, 458.384525, 618.333525, 578.249525, 538.311525, 458.043524, 459.109524, 498.316516, 458.448516, 511.767488, 471.787967, 472.194752, 472.529721, 472.319883, 472.76534, 472.462174]
sync delay = 306.225811576
out notify interest = 3474.0
out beacon = 16196.0
out data interest = 3414.0
out bundled interest = 750.0
out data = 4347.0
out ack = 6206.0
out bundled data = 617.0
collision rx = 89.7941176471
collision tx = 0.705882352941
cache hit = 3082.0
cache hit special = 475.0
retx_notify_interest = 478.0
retx_data_interest = 175.0
retx_bundled_interest = 286.0
state sync duration = 306.225811576
data availability = 1.0
[105.508589, 105.568589, 105.558589, 195.972232, 196.132232, 155.936232, 195.962232, 195.964934, 195.994934, 196.213027, 195.963027, 196.193815, 156.262815, 196.023815, 196.243815, 156.052815, 251.359693, 211.177693, 251.339693, 211.575693, 251.389693, 211.656693, 251.379693, 211.256693, 251.609693, 211.564693, 251.599693, 251.387584, 211.470584, 251.381004, 211.177004, 241.074722, 205.911971, 205.302971, 165.644971, 205.589971, 165.563971, 205.580971, 245.398971, 205.515971, 285.595971, 245.394971, 245.905971, 206.093971, 285.575267, 245.546267, 285.525267, 285.565267, 245.641267, 285.515267, 285.505267, 285.535267, 285.545267, 285.555267, 245.726267, 285.585267, 245.531267, 285.495267, 285.695267, 245.963267, 206.032267, 166.207267, 245.471224, 204.940224, 245.602224, 205.399224, 285.608224, 245.272224, 245.516224, 205.450224, 245.827224, 205.796224, 245.551224, 205.658224, 245.273224, 205.473224, 245.411224, 205.202224, 165.346224, 245.402441, 205.470441, 183.639288, 183.848212, 143.749212, 144.434958, 143.248958, 183.624112, 143.728112, 188.270592, 368.312018, 328.352018, 287.882018, 247.961018, 207.911018, 368.253658, 328.354658, 288.769658, 248.708658, 208.688658, 288.797658, 368.768658, 328.845658, 288.934658, 249.024658, 368.199812, 327.913812, 287.959812, 247.835812, 207.767812, 248.401812, 208.637812, 368.228812, 328.154812, 288.309812, 209.07774, 208.33074, 368.14274, 327.95074, 288.06574, 248.27774, 208.26474, 328.755912, 288.510912, 328.296625, 288.160625, 328.092625, 287.620625, 328.413533, 288.296533, 248.023533, 208.318533, 328.256533, 287.740533, 328.514558, 288.587558, 280.466446, 240.080446, 199.829446, 159.654446, 280.628446, 279.86931, 239.94031, 199.90931, 159.97831, 280.72131, 240.42331, 200.54531, 160.83231, 280.83431, 240.876572, 201.090572, 160.965572, 280.874572, 240.936572, 200.742572, 160.683572, 240.451127, 200.369127, 160.340127, 200.983127, 280.38606, 239.97406, 200.13006, 160.03306, 177.244011, 218.377011, 178.477011, 177.944232, 177.349232, 177.241289, 178.268025, 176.987025, 307.450842, 267.741842, 227.796842, 188.105842, 386.931842, 346.964842, 306.950842, 426.857009, 386.735875, 346.862151, 386.9396, 346.672723, 306.699505, 386.207155, 346.275155, 306.350155, 347.366155, 307.249155, 267.051155, 426.839879, 346.995936, 307.176336, 426.770628, 386.376002, 346.352083, 306.455271, 266.181135, 226.236545, 186.143999, 386.984851, 347.241851, 307.018851, 386.826851, 347.039851, 306.947851, 426.732851, 386.868851, 427.339734, 387.181475, 347.186475, 307.419475, 267.314475, 227.420475, 187.028475, 347.091475, 307.046475, 267.247475, 227.084475, 387.211475, 347.402475, 387.536508, 346.808703, 306.979703, 267.367703, 227.287703, 187.400703, 307.241703, 267.015703, 226.748703, 186.827703, 307.053703, 347.787555, 307.675795, 267.833653, 227.814156, 187.747859, 427.654632, 387.644583, 347.665812, 308.268079, 268.304547, 228.465925, 188.309122, 307.329623, 267.013065, 226.716688, 186.74098, 427.048957, 387.130082, 346.785981, 307.192509, 267.141633, 227.161033, 187.338547, 332.292911, 292.697911, 292.292911, 252.251911, 332.234911, 292.443911, 252.154911, 331.468666, 291.625666, 331.371666, 291.339666, 333.254253, 293.464253, 332.033253, 292.029253, 332.358253, 291.818253, 285.330012, 284.715245, 244.823245, 365.002245, 324.845245, 284.610245, 244.622245, 285.267245, 244.890245, 284.940245, 244.995245, 284.195736, 244.288736, 285.127736, 245.228736, 286.699253, 246.655253, 278.084786, 277.855786, 275.990786, 277.376786, 276.693786, 277.277786, 277.473993, 343.340901, 342.631445, 342.847551, 416.044064, 375.850064, 375.952064, 495.904064, 455.994064, 415.955064, 376.356064, 495.302064, 455.543064, 415.872064, 376.342064, 495.989064, 496.166414, 455.968414, 416.342414, 376.497414, 375.790414, 495.965414, 455.845414, 416.047414, 376.010414, 536.449414, 496.374414, 455.861414, 455.776131, 416.023131, 376.109131, 377.084131, 496.090131, 456.115131, 415.981131, 375.832131, 415.767131, 375.721131, 470.059724, 469.602237, 469.517073, 470.686433, 469.229715, 469.333835]
sync delay = 284.906562524
out notify interest = 3411.0
out beacon = 16220.0
out data interest = 2920.0
out bundled interest = 728.0
out data = 4462.0
out ack = 5538.0
out bundled data = 886.0
collision rx = 109.676470588
collision tx = 11.3529411765
cache hit = 3030.0
cache hit special = 605.0
retx_notify_interest = 227.0
retx_data_interest = 45.0
retx_bundled_interest = 254.0
state sync duration = 284.906562524
data availability = 1.0
[101.136602, 101.186602, 101.196602, 195.158293, 195.318293, 155.498293, 195.128293, 195.191064, 195.411064, 155.234064, 195.181064, 195.159516, 195.369516, 155.423516, 195.399516, 195.169516, 245.798722, 205.498634, 245.878322, 205.624329, 246.145713, 206.246748, 245.942845, 205.881777, 246.183112, 245.974585, 206.149491, 245.991011, 206.131474, 246.047852, 206.148483, 240.525202, 205.748425, 206.124425, 165.799425, 205.837425, 165.891425, 205.803425, 245.437425, 205.981425, 285.697425, 245.928425, 245.594425, 205.452425, 245.535425, 285.643889, 285.703889, 245.704889, 285.683889, 245.567889, 285.673889, 245.946889, 285.663889, 245.497889, 285.653889, 285.623889, 285.693889, 245.591889, 285.633889, 285.613889, 285.603889, 245.866889, 205.916889, 245.628889, 205.656889, 245.396889, 205.626889, 205.407534, 285.819534, 245.883534, 205.640534, 165.830534, 245.646534, 205.650534, 245.817534, 205.928534, 245.967534, 206.415534, 166.468534, 245.519911, 205.749911, 180.828287, 180.507321, 140.155321, 180.873321, 140.790475, 187.084844, 328.180289, 287.938289, 367.670045, 327.568045, 287.463045, 247.530045, 207.319045, 248.412061, 208.353061, 207.888484, 328.248058, 288.49416, 328.386281, 288.540222, 328.421272, 288.382919, 328.549049, 288.284987, 328.042103, 288.007721, 288.727611, 368.326087, 328.211864, 288.383164, 248.618756, 208.534751, 368.465441, 328.27264, 288.123483, 248.147985, 208.279155, 368.565165, 328.590018, 288.63147, 248.518385, 208.384331, 368.595341, 328.514202, 288.116786, 248.213893, 208.178387, 368.701769, 328.878427, 289.020685, 248.898861, 208.970824, 279.008779, 239.337779, 199.343779, 159.139779, 278.877899, 239.005899, 198.782899, 158.840899, 278.397899, 238.189899, 198.338899, 158.203899, 278.908159, 238.892159, 199.199159, 159.324159, 199.100315, 279.196315, 239.291315, 199.179315, 159.101315, 278.773781, 238.784781, 198.636781, 158.240781, 278.902034, 239.159034, 199.161935, 159.272935, 174.952444, 173.775818, 174.703818, 174.487818, 173.437818, 214.522034, 174.804034, 174.761444, 344.556, 303.834, 263.498, 223.009, 182.958, 142.673, 384.657, 344.446, 304.479, 264.172, 223.796, 183.614, 143.617, 424.454315, 384.742315, 344.581315, 304.805315, 264.746315, 224.764315, 184.435315, 304.480315, 264.205315, 224.180315, 184.174315, 424.520315, 384.886315, 344.668315, 305.145315, 265.097337, 225.215337, 185.458337, 145.558337, 263.921337, 223.909337, 183.606337, 143.548337, 264.591337, 224.946337, 185.070337, 145.207337, 424.201661, 384.434661, 344.114661, 304.057661, 263.845661, 223.919661, 184.001661, 344.531661, 304.542661, 264.837661, 224.576661, 184.667661, 144.551661, 424.420661, 264.788739, 224.466739, 184.332739, 144.167739, 264.112739, 224.084739, 183.805739, 143.817739, 384.556739, 344.677739, 304.778739, 424.306739, 384.554739, 344.341739, 384.081618, 344.287618, 304.556618, 264.672618, 224.764618, 184.572618, 265.105618, 225.337618, 185.322618, 424.139618, 384.604618, 344.479618, 304.582618, 264.372618, 384.557855, 344.525855, 304.755855, 304.282855, 264.083855, 224.045855, 184.458855, 425.023855, 385.156855, 345.075855, 384.325855, 343.978855, 304.103855, 344.909855, 304.663855, 224.298959, 184.464959, 345.075959, 305.455959, 265.488959, 225.272959, 185.254959, 145.531959, 384.606959, 344.651959, 304.794959, 264.454959, 224.422959, 184.454959, 264.988178, 224.843178, 184.648178, 144.624178, 345.862178, 305.845178, 265.853178, 225.946178, 185.814178, 145.761178, 384.604178, 344.467178, 304.646178, 144.372972, 274.614289, 316.118061, 275.834338, 276.087961, 275.014319, 275.107161, 275.246586, 395.874866, 355.889399, 315.854954, 275.900928, 275.398033, 275.666909, 395.11203, 355.316482, 315.377119, 275.09679, 395.497901, 355.42254, 315.470347, 275.29139, 395.938188, 356.163799, 316.180354, 276.220061, 435.69789, 395.734371, 355.962415, 316.230321, 276.094157, 395.783479, 355.747039, 315.712687, 275.664901, 395.654491, 355.78024, 316.031043, 275.899505, 342.972826, 475.935156, 476.147156, 479.447253, 479.579086, 480.245087, 479.410398]
sync delay = 264.261230385
out notify interest = 3511.0
out beacon = 16201.0
out data interest = 3075.0
out bundled interest = 828.0
out data = 4981.0
out ack = 5755.0
out bundled data = 975.0
collision rx = 114.382352941
collision tx = 13.5294117647
cache hit = 3064.0
cache hit special = 560.0
retx_notify_interest = 230.0
retx_data_interest = 65.0
retx_bundled_interest = 559.0
state sync duration = 272.265481847
data availability = 1.0
[97.687699, 97.747699, 97.737699, 193.648368, 193.808368, 153.858368, 193.628368, 193.726219, 193.946219, 154.084219, 193.766219, 193.996219, 153.861219, 193.776219, 193.750834, 193.980834, 234.279264, 194.431333, 234.079011, 194.030562, 234.045588, 193.875494, 234.118954, 194.268913, 234.194944, 194.403788, 234.194146, 194.483375, 234.233328, 194.284032, 234.472932, 239.986355, 240.970977, 239.994627, 240.095899, 240.236899, 240.201899, 240.109899, 244.458188, 204.415188, 164.389188, 205.129188, 165.126188, 125.360188, 204.445188, 164.573188, 204.764188, 164.859188, 124.389188, 204.840188, 164.918188, 204.488188, 284.631591, 244.446591, 284.621591, 244.862591, 284.671591, 244.259591, 284.561591, 284.601591, 284.611591, 284.581591, 284.571591, 284.591591, 284.661591, 244.547591, 284.651591, 244.741591, 204.707591, 204.220591, 204.127813, 244.888813, 204.854813, 164.945813, 204.397813, 244.737813, 204.556813, 164.559813, 284.772109, 244.763109, 204.659109, 164.445109, 124.474109, 204.590109, 244.775109, 205.040109, 284.652109, 245.006109, 124.138275, 326.796395, 286.778395, 246.740395, 206.886395, 166.785395, 126.723395, 366.823709, 326.781709, 286.799709, 246.552709, 207.057709, 247.273709, 207.423709, 327.327117, 287.401117, 247.538117, 207.814117, 167.800117, 127.963117, 167.252101, 367.172101, 327.124101, 287.054101, 247.169101, 207.181101, 287.547731, 247.632731, 207.395731, 366.954731, 326.930731, 286.699731, 246.833731, 206.883731, 327.306604, 286.955604, 246.989604, 207.112604, 166.922604, 126.534604, 366.843604, 326.753604, 286.985604, 247.300604, 206.898604, 366.914724, 326.929724, 286.701724, 246.583724, 206.560724, 207.527724, 246.5013, 206.4423, 166.5383, 126.5733, 327.343138, 287.347138, 247.128138, 206.946138, 166.798138, 126.647138, 366.829138, 327.000138, 286.762138, 246.864138, 206.712138, 327.531884, 287.409884, 247.310884, 207.058884, 166.617884, 126.802884, 326.705884, 286.218884, 246.084884, 206.008884, 166.146884, 126.306884, 301.945175, 261.812175, 342.25038, 302.03638, 262.10038, 342.00338, 301.82238, 261.96738, 222.04338, 181.980038, 141.659038, 342.191038, 302.296038, 262.493038, 262.040038, 341.559089, 301.572089, 261.429089, 302.179089, 262.113089, 342.278089, 301.866089, 262.252089, 221.874603, 182.097603, 342.348628, 302.162628, 262.218628, 302.135628, 302.306501, 262.118501, 342.292501, 302.450501, 262.533501, 261.964501, 183.487132, 263.398132, 223.561132, 183.889132, 143.837132, 302.149985, 262.044985, 303.174985, 263.033985, 237.387433, 197.437433, 157.254433, 116.891433, 236.977433, 196.740433, 156.714433, 116.623433, 156.967142, 117.020142, 236.826142, 196.818142, 156.792142, 116.679142, 237.118142, 197.214142, 157.345142, 117.344142, 237.348142, 116.677012, 237.898012, 198.228012, 158.456012, 118.547012, 197.692758, 157.448758, 117.558758, 236.450758, 196.859758, 156.393758, 116.423758, 250.798055, 210.919055, 170.926055, 131.116055, 290.202055, 250.000055, 210.084055, 170.088055, 130.056055, 210.504055, 170.748055, 169.893563, 169.764563, 169.553563, 250.306563, 210.296563, 170.221563, 130.447563, 249.631563, 209.395563, 289.701388, 171.131388, 131.309388, 290.546388, 210.978388, 170.921388, 131.092388, 289.016388, 130.145388, 289.886388, 171.236388, 169.338965, 129.182965, 250.226965, 210.153965, 170.193965, 130.359965, 250.733965, 211.058965, 170.988965, 130.987965, 249.875965, 209.321965, 289.947695, 170.036695, 129.750695, 169.939695, 290.017695, 250.523695, 210.428695, 170.485695, 130.625695, 169.299695, 128.825777, 351.067676, 311.018676, 351.314676, 311.341676, 351.269676, 311.254676, 271.089487, 231.319487, 350.363487, 310.199487, 351.024487, 311.191487, 391.143644, 351.355644, 311.338644, 271.381644, 231.157644, 246.256054, 246.265355, 245.975976, 245.578485, 246.570662, 246.706112, 246.634424, 246.09158, 246.918171, 247.415471, 245.898515, 245.805495, 245.67251, 286.627378, 246.589484, 286.969807, 247.080215, 247.520321, 286.475323, 246.206573, 286.011917, 245.903779, 312.673726, 272.602884, 394.089347, 354.296295, 314.198412, 274.314949]
sync delay = 231.585727241
out notify interest = 3981.0
out beacon = 16189.0
out data interest = 2950.0
out bundled interest = 744.0
out data = 4236.0
out ack = 6750.0
out bundled data = 819.0
collision rx = 193.441176471
collision tx = 13.5294117647
cache hit = 3336.0
cache hit special = 635.0
retx_notify_interest = 537.0
retx_data_interest = 66.0
retx_bundled_interest = 263.0
state sync duration = 231.585727241
data availability = 1.0
[94.401995, 94.501995, 94.561995, 94.581995, 94.391995, 94.484861, 94.474861, 94.494861, 94.614861, 94.444861, 152.899965, 112.986965, 192.688965, 152.677965, 192.798965, 152.918965, 152.917965, 112.984965, 192.658965, 153.137965, 192.608965, 152.648965, 112.520965, 152.868965, 192.916194, 152.902194, 112.682194, 192.686194, 152.433194, 192.826194, 152.755194, 192.606194, 152.930194, 113.150194, 192.836194, 152.639194, 192.936194, 152.776194, 192.706194, 152.688194, 113.17651, 192.83451, 152.44751, 152.71951, 192.71451, 152.57951, 192.92451, 153.21051, 192.69451, 152.82651, 112.88351, 192.68451, 152.68551, 112.59751, 192.862588, 152.785588, 192.762588, 152.745588, 192.672588, 153.079588, 113.288588, 192.902588, 153.113588, 112.988588, 192.682588, 152.079588, 111.998588, 192.832588, 152.536588, 192.912588, 152.823588, 192.952297, 152.779297, 113.046297, 150.663263, 203.551188, 163.662188, 123.316188, 163.944188, 124.178188, 163.814188, 123.537188, 163.961188, 203.385188, 163.423188, 123.472188, 163.595188, 123.759188, 203.237777, 163.278777, 203.665777, 163.428777, 123.176777, 163.678777, 123.761777, 203.448777, 163.343777, 123.532777, 203.070777, 163.073777, 123.004777, 203.314777, 163.159777, 203.162696, 163.116696, 123.063696, 203.487696, 163.522696, 123.493696, 123.008696, 244.256052, 204.544052, 164.630052, 284.753789, 244.550789, 204.577789, 324.492282, 284.419282, 244.389282, 204.399282, 164.097282, 123.780282, 363.934503, 323.610503, 283.513503, 243.457503, 203.727503, 364.361503, 324.494503, 284.646503, 244.711503, 204.705503, 364.146176, 323.966176, 283.984176, 244.266176, 204.290176, 324.449176, 283.997176, 244.018176, 203.763176, 163.821176, 364.147242, 324.036242, 284.454242, 244.573242, 204.635242, 123.987889, 324.414889, 284.642889, 244.684889, 204.681889, 164.894889, 124.812889, 364.567332, 324.722332, 284.875332, 244.655332, 204.503332, 364.607739, 324.657739, 284.491739, 244.654739, 204.621739, 324.662739, 284.769739, 204.458683, 324.551683, 284.074683, 244.083683, 204.236683, 164.440683, 124.386683, 244.929494, 205.011494, 164.993494, 124.947494, 324.192494, 284.022494, 243.836494, 203.721494, 163.820494, 123.989494, 244.984494, 205.259404, 165.215404, 124.988404, 216.886568, 177.000568, 136.775568, 177.531595, 217.956969, 177.955969, 137.896969, 97.824969, 218.512969, 297.679214, 257.844214, 218.193214, 178.087214, 138.065214, 178.356555, 138.502555, 98.390555, 297.659555, 257.529555, 98.147519, 98.624519, 296.909519, 257.190519, 217.496519, 177.282519, 137.169519, 97.361519, 298.297447, 258.209447, 218.278447, 178.457447, 217.901289, 177.759289, 137.174289, 97.198289, 297.887289, 257.937289, 217.686289, 177.149289, 137.000289, 97.308289, 138.492697, 98.683697, 297.777697, 257.848697, 217.861697, 177.920697, 137.905697, 97.681697, 177.763697, 298.230154, 257.834154, 217.782154, 177.985154, 137.457154, 97.771154, 184.544849, 144.273849, 104.470849, 224.902849, 184.655849, 144.367849, 104.162849, 265.213849, 225.008849, 184.903849, 144.767849, 104.943849, 144.642936, 145.311936, 144.466936, 144.290936, 144.328936, 145.444936, 264.937859, 224.952859, 185.091859, 264.443859, 223.981859, 183.984859, 144.027859, 264.762859, 224.705859, 184.357859, 105.590859, 264.811859, 225.068445, 184.754445, 144.545445, 104.593445, 185.221445, 145.007445, 225.426445, 185.379445, 145.392445, 105.568445, 225.125445, 264.630866, 224.775866, 184.793866, 184.833866, 144.561866, 104.591866, 143.801866, 103.599866, 264.351866, 224.585866, 184.726866, 105.039866, 225.047765, 185.392765, 145.833765, 106.384765, 184.935765, 145.080765, 105.123765, 264.258765, 224.308765, 184.355765, 224.198765, 184.042765, 225.011316, 184.766316, 144.609316, 104.486316, 151.015329, 149.45278, 150.049099, 149.738383, 149.283275, 149.436646, 150.306132, 215.590454, 175.902454, 174.423454, 214.795454, 174.724454, 215.069454, 174.975454, 215.001454, 174.996454, 214.379454, 174.819454, 215.379454, 175.912196, 175.335196, 210.028105, 210.257964, 209.744413, 209.713313, 210.846883, 209.47709, 209.410294]
sync delay = 187.9065537
out notify interest = 4040.0
out beacon = 16193.0
out data interest = 2706.0
out bundled interest = 743.0
out data = 3890.0
out ack = 7713.0
out bundled data = 1118.0
collision rx = 125.205882353
collision tx = 42.2352941176
cache hit = 3332.0
cache hit special = 469.0
retx_notify_interest = 295.0
retx_data_interest = 55.0
retx_bundled_interest = 151.0
state sync duration = 187.9065537
data availability = 1.0
[92.006504, 92.086504, 92.076504, 92.066504, 91.968534, 92.068534, 91.958534, 91.928534, 91.978534, 91.938534, 91.948534, 92.098534, 190.853599, 150.676599, 190.733599, 150.452599, 151.112599, 111.095599, 190.843599, 150.449599, 150.785599, 110.723599, 190.703599, 150.539599, 190.783457, 150.950457, 151.091457, 110.649457, 190.963457, 150.785457, 110.936457, 190.733457, 150.688457, 110.583457, 190.823457, 150.634457, 190.749445, 150.788445, 110.904445, 150.912445, 110.897445, 190.769445, 150.792445, 110.562445, 151.020445, 190.929445, 151.246445, 190.959445, 150.715445, 190.739445, 150.804445, 191.091853, 150.921853, 110.923853, 190.861853, 150.811853, 191.031853, 151.177853, 111.317853, 190.801853, 150.610853, 110.778853, 111.408104, 191.006104, 151.165104, 151.217104, 111.120104, 190.826104, 150.991104, 110.911104, 190.956104, 150.855104, 190.856104, 150.880104, 191.056104, 150.882104, 135.006075, 134.450075, 134.532075, 134.763075, 174.936477, 134.867477, 174.462477, 134.657477, 174.732477, 134.836477, 174.331477, 134.111477, 135.319477, 135.461549, 134.325549, 175.077549, 135.187549, 174.736125, 134.845125, 174.80876, 134.89476, 94.58176, 95.80476, 175.23376, 135.33076, 95.31976, 94.41876, 175.04876, 135.05976, 94.89276, 95.376264, 175.071264, 135.214264, 95.149264, 96.064836, 175.181836, 135.110836, 95.216836, 174.768795, 134.638795, 94.912795, 174.786795, 134.681795, 94.328795, 174.92696, 135.14496, 95.22196, 95.35496, 187.144884, 146.877341, 187.205578, 147.109829, 107.76287, 186.852176, 147.085254, 187.315416, 147.489078, 187.235145, 147.189232, 187.138775, 147.106219, 107.559718, 187.942666, 147.870368, 108.589531, 164.11337, 124.12637, 323.84737, 283.50537, 243.63737, 203.40837, 163.37737, 123.31837, 203.552677, 163.456677, 164.077677, 162.872396, 164.194396, 125.212396, 203.988621, 164.086621, 164.457621, 123.990621, 324.310621, 284.340621, 244.105621, 204.425621, 164.815621, 125.004621, 203.696076, 164.031076, 323.644076, 283.939076, 244.127076, 204.101076, 164.101076, 123.583076, 204.222076, 164.611076, 124.755076, 324.170184, 283.964184, 244.186184, 204.187184, 164.238184, 124.213184, 323.745184, 283.665184, 243.695184, 203.517184, 163.816184, 204.741666, 164.641666, 203.959666, 163.787666, 123.896666, 324.224666, 284.089666, 243.820666, 123.822907, 204.254907, 164.085907, 203.634043, 163.033043, 122.868043, 204.474043, 164.669043, 86.914147, 126.536147, 86.278147, 127.339147, 87.474147, 127.951147, 87.981147, 127.324035, 87.266035, 127.280035, 127.911035, 88.004035, 127.178035, 87.092035, 55.437549, 55.645549, 55.249444, 53.744444, 54.765444, 54.612444, 94.758444, 54.486444, 134.355626, 94.206626, 213.970626, 173.952626, 133.833626, 94.270626, 174.135389, 132.59302, 172.45402, 132.65402, 135.29502, 95.21702, 134.346679, 94.458679, 133.354679, 133.337679, 93.183679, 213.269384, 173.473384, 133.209384, 93.165384, 213.410384, 173.364384, 133.177384, 93.004384, 133.879384, 93.592384, 133.221384, 134.857135, 213.522135, 173.650135, 133.749135, 93.777135, 213.450135, 93.475384, 213.378384, 173.236384, 132.819384, 92.927384, 133.699384, 133.254384, 173.512274, 133.528274, 93.724274, 224.233702, 184.556702, 144.404702, 104.350702, 103.771702, 104.146702, 263.200702, 223.091702, 183.330702, 103.061702, 142.901702, 102.805702, 143.53947, 103.48747, 143.57847, 103.63647, 143.54547, 223.913969, 183.827969, 263.374969, 223.145969, 182.787969, 105.664969, 262.985969, 222.729969, 182.827969, 104.277969, 264.217969, 224.164969, 104.055022, 144.762022, 104.759022, 263.652022, 223.784022, 183.914022, 184.111022, 143.921022, 103.969022, 142.900022, 102.834022, 143.241022, 263.595788, 223.598788, 183.663788, 103.352788, 140.554884, 139.383444, 139.267028, 139.706558, 139.065925, 139.554985, 139.911882, 213.768499, 174.033499, 214.282499, 174.284499, 213.458499, 173.515499, 213.435499, 173.583499, 214.413499, 174.192499, 214.259499, 174.029499, 207.691618, 207.529491, 207.365959, 206.660937, 206.897544, 205.722813, 206.840652]
sync delay = 156.559812418
out notify interest = 4379.0
out beacon = 16211.0
out data interest = 2612.0
out bundled interest = 825.0
out data = 3929.0
out ack = 8643.0
out bundled data = 1211.0
collision rx = 138.411764706
collision tx = 49.5294117647
cache hit = 3516.0
cache hit special = 465.0
retx_notify_interest = 308.0
retx_data_interest = 56.0
retx_bundled_interest = 204.0
state sync duration = 156.559812418
data availability = 1.0
[84.644009, 84.514009, 84.504009, 84.695451, 84.685451, 84.53958, 84.56958, 84.51958, 84.52958, 84.63958, 84.69958, 89.854136, 150.864842, 110.621842, 190.565842, 150.600842, 150.900842, 111.083842, 190.485842, 150.383842, 110.377842, 150.820842, 190.577197, 150.506197, 190.727197, 150.660197, 190.767197, 150.754197, 110.756197, 190.537197, 150.878197, 110.899197, 190.557197, 150.781197, 110.814573, 150.534573, 110.508573, 190.628573, 150.673573, 190.738573, 150.769573, 110.571666, 190.839666, 151.029666, 111.203666, 190.619666, 150.398666, 110.379666, 190.849666, 150.740666, 190.679666, 150.983666, 190.798331, 150.462331, 190.758331, 150.796331, 190.648331, 150.588331, 150.915331, 110.995331, 190.802862, 150.858862, 190.702862, 150.911862, 190.832862, 150.941862, 190.602862, 150.794862, 110.798862, 190.932862, 150.699907, 110.850907, 190.668907, 150.331907, 110.498907, 151.232907, 111.113907, 134.905692, 95.081692, 134.522692, 94.400692, 135.086692, 95.109692, 134.417692, 94.214692, 95.096692, 94.358692, 94.313692, 134.561779, 94.905779, 134.662779, 94.459779, 94.566779, 134.516779, 94.664779, 134.802779, 94.868779, 134.540779, 94.653779, 94.946427, 134.975427, 95.019427, 94.571427, 134.429427, 94.339427, 134.562427, 95.066427, 95.005427, 134.633427, 94.421994, 94.131994, 94.18775, 94.567689, 94.005087, 95.348235, 94.308508, 94.978295, 94.869458, 94.597965, 54.941192, 93.920388, 94.460508, 94.669314, 54.568585, 94.938551, 94.707168, 176.370541, 136.576753, 176.809654, 136.422584, 97.348293, 176.850697, 136.725523, 96.599665, 176.465633, 136.157348, 177.104242, 136.805617, 96.843445, 177.114014, 137.142926, 96.830094, 97.121981, 96.441912, 96.080628, 96.678324, 176.848585, 137.111505, 106.889428, 95.131504, 96.215504, 95.370872, 96.330872, 95.431872, 95.811872, 94.998941, 94.659941, 104.133436, 304.038436, 263.445436, 223.227436, 183.339436, 143.398436, 103.708436, 143.562436, 103.714436, 185.157856, 145.064856, 143.912856, 144.618856, 144.021856, 183.967856, 304.388189, 264.607189, 224.392189, 184.210189, 144.532189, 104.750189, 144.165189, 184.113189, 144.370189, 104.100189, 304.405189, 184.865736, 145.038736, 143.935736, 144.056736, 184.946736, 144.963736, 264.20216, 224.43116, 184.19216, 144.11716, 104.04816, 144.41216, 304.61616, 264.54816, 225.07416, 184.90616, 144.78016, 104.64916, 144.06816, 184.861353, 144.860353, 184.395353, 144.450353, 104.233701, 185.446701, 145.098701, 104.965701, 304.555701, 264.561701, 224.460701, 184.311701, 144.455701, 104.711701, 304.580247, 264.348247, 224.352247, 184.316247, 144.626247, 104.717247, 144.811247, 112.057786, 72.149786, 71.387519, 111.296519, 112.337501, 112.043501, 112.162501, 112.599135, 111.956135, 83.413099, 84.624099, 44.606099, 84.085099, 44.348099, 43.839099, 83.497099, 43.402099, 84.578099, 84.260186, 44.506186, 84.153186, 44.111186, 44.469186, 131.570356, 131.039356, 91.150356, 170.638356, 130.496356, 170.691635, 130.583635, 90.566635, 130.85972, 91.14172, 170.89372, 130.56472, 90.43072, 90.94772, 170.90983, 130.82583, 90.83283, 130.15683, 90.19383, 170.39783, 130.25383, 89.89783, 130.697426, 130.376426, 130.893426, 170.523426, 130.845426, 90.871426, 171.099547, 130.940547, 90.790547, 131.224547, 91.325547, 131.071061, 171.832061, 131.697061, 91.809061, 101.283003, 180.333003, 140.366003, 100.282003, 101.312003, 141.432003, 101.325003, 180.895003, 141.004003, 101.023003, 180.816027, 140.506027, 100.232027, 100.917027, 181.867027, 142.069027, 101.982027, 181.002027, 141.051027, 101.278027, 181.690618, 141.524618, 101.584618, 140.765618, 101.059618, 101.292618, 140.734618, 100.784618, 140.123618, 99.938618, 141.517618, 180.948249, 140.933249, 100.869249, 140.588249, 100.648249, 180.574249, 140.911249, 100.529249, 101.349249, 141.941249, 101.57645, 102.24745, 134.558927, 135.238231, 135.741402, 134.376927, 135.190561, 133.948743, 134.900787, 206.548229, 207.051239, 207.089844, 206.103741, 206.923132, 206.806302, 206.136439]
sync delay = 136.200442197
out notify interest = 4702.0
out beacon = 16211.0
out data interest = 2984.0
out bundled interest = 707.0
out data = 4506.0
out ack = 9421.0
out bundled data = 1066.0
collision rx = 158.029411765
collision tx = 49.3529411765
cache hit = 4235.0
cache hit special = 594.0
retx_notify_interest = 346.0
retx_data_interest = 88.0
retx_bundled_interest = 154.0
state sync duration = 136.200442197
