data availability = 1.0
[261.77746, 261.71582, 221.667618, 261.76348, 221.678427, 261.76619, 221.457457, 262.007161, 221.992677, 261.822577, 221.983701, 262.100963, 261.903932, 221.734732, 262.136726, 222.109229, 261.923985, 221.684701, 262.00764, 262.005979, 262.281526, 222.554105, 262.061055, 262.083753, 262.05601, 209.646748, 209.719023, 290.247369, 250.140765, 290.344426, 290.299021, 290.332627, 290.316698, 290.330692, 290.458119, 290.919127, 290.813037, 290.846228, 290.837115, 290.873127, 250.940864, 211.025116, 290.947887, 291.13581, 291.182801, 291.179278, 291.332832, 192.801371, 273.387466, 233.615973, 193.473022, 273.638202, 233.791195, 193.96018, 273.535127, 233.71064, 312.434085, 272.798813, 312.690955, 272.739651, 313.044939, 273.025683, 313.007951, 273.003271, 313.319061, 273.862346, 313.608457, 273.843769, 313.455423, 273.05744, 331.609571, 291.614872, 252.0212, 292.734548, 373.353077, 333.105437, 293.671617, 374.017978, 334.168534, 294.107546, 294.324834, 254.245341, 374.686557, 334.709805, 294.533696, 375.197935, 335.612533, 295.687742, 375.103215, 334.913572, 295.014934, 375.547594, 335.522926, 295.338986, 415.732282, 375.601747, 335.828688, 295.960285, 255.870424, 307.523227, 467.287742, 427.444914, 387.32839, 347.645269, 469.26242, 429.20471, 389.231693, 350.041758, 310.078016, 310.129744, 469.746196, 429.754207, 390.134103, 349.956356, 310.177761, 470.595564, 430.713682, 391.024131, 351.156952, 311.073652, 470.185796, 430.538758, 390.430292, 350.385798, 310.433806, 470.682259, 430.499701, 390.604133, 350.773086, 310.874399, 350.810939, 310.895566, 352.504689, 352.267358, 313.080766, 353.682584, 313.833221, 273.648774, 393.562207, 353.925421, 393.931624, 353.963555, 394.357827, 354.545685, 394.143056, 354.586304, 314.203048, 274.283619, 394.478633, 354.730313, 394.265498, 354.684467, 274.576387, 234.876172, 394.902211, 354.738365, 314.564814, 274.590125, 234.487412, 451.01778, 411.193883, 371.321925, 331.247073, 291.202203, 251.367572, 211.236356, 331.946301, 291.70102, 251.607544, 450.705619, 211.65805, 410.701716, 370.761164, 330.762744, 290.728125, 251.073916, 210.872085, 451.710336, 373.032245, 333.140416, 293.056159, 253.291202, 373.028724, 333.20773, 293.390279, 253.647671, 372.356212, 332.422558, 292.180612, 252.310676, 372.411297, 332.39782, 413.441714, 373.544786, 333.880633, 294.015858, 253.839673, 452.363558, 412.612237, 372.78207, 332.82463, 373.227073, 333.208923, 293.433492, 253.198108, 292.880893, 252.91518, 453.226827, 412.930941, 372.75689, 292.821276, 253.196273, 212.815511, 452.599437, 412.632035, 372.730708, 332.606542, 292.543702, 252.498464, 212.552946, 293.806809, 254.003958, 214.196146, 413.273231, 373.459153, 333.413606, 293.399584, 253.596754, 213.40839, 373.268504, 333.332002, 293.424708, 253.298513, 253.828729, 213.901515, 452.897079, 412.997224, 373.007425, 332.889112, 292.747758, 252.823086, 212.898443, 213.179439, 366.603323, 326.604145, 327.041445, 367.227506, 327.590509, 287.571069, 247.844457, 366.974064, 326.875952, 286.817916, 247.172435, 368.018292, 328.141948, 288.107883, 247.885927, 366.798813, 326.522058, 286.692071, 246.490222, 367.302796, 327.287107, 287.617833, 247.951584, 367.13641, 327.261224, 287.096257, 247.459654, 287.217932, 406.915895, 366.944429, 326.711338, 286.556289, 245.960398, 286.111349, 285.547538, 286.462181, 286.688009, 285.34359, 286.449754, 286.131379, 384.6806, 344.356324, 345.616923, 345.099117, 618.8759, 620.042125, 579.796192, 540.034798, 500.319014, 460.380054, 620.258736, 579.966999, 539.86156, 499.726861, 460.051352, 578.833599, 538.692553, 498.396851, 458.643799, 619.68717, 579.66386, 539.678, 499.496413, 459.404571, 459.741435, 619.536228, 579.30061, 539.199425, 499.764229, 459.69923, 500.882455, 461.041367, 620.144275, 580.523419, 540.331791, 500.366746, 460.276231, 459.918187, 619.687793, 579.517534, 539.508079, 499.675334, 459.789088, 516.61347, 476.732724, 516.726193, 476.67691, 517.21909, 477.289042, 516.940893, 477.094193, 516.312451, 476.278661, 516.618419, 517.537226, 477.401996, 476.940061]
sync delay = 347.193026362
out notify interest = 34083.0
out data interest = 9769.0
out bundled interest = 0.0
out data = 0.0
out bundled data = 0.0
collision rx = 316.352941176
collision tx = 0.705882352941
cache hit = 11830.0
cache hit special = 2186.0
retx_notify_interest = 11947.0
retx_data_interest = 723.0
retx_bundled_interest = 0.0
state sync duration = 347.193026362
data availability = 1.0
[197.720972, 197.816033, 198.053052, 198.435075, 158.542866, 198.313424, 198.31427, 198.356875, 198.534462, 198.561473, 158.576495, 260.747129, 220.668578, 260.83493, 220.834268, 260.846507, 220.765843, 260.918678, 220.874246, 261.182574, 221.171266, 260.962503, 221.377342, 261.056846, 221.402254, 209.235184, 209.52535, 290.194807, 250.556413, 210.450799, 290.199276, 290.251142, 290.15919, 290.306437, 290.280402, 290.296299, 290.308098, 250.71509, 290.574414, 290.472297, 290.497784, 290.494819, 290.621772, 250.69766, 210.816662, 290.698667, 290.68589, 250.513943, 210.902937, 290.75844, 250.576271, 210.437688, 290.655282, 290.709054, 190.886373, 270.830301, 230.861607, 191.041475, 270.981333, 230.818823, 190.722555, 231.178156, 190.995491, 311.808889, 272.037119, 312.159001, 272.06427, 312.56216, 272.685378, 232.627568, 192.627167, 312.422827, 272.79593, 312.893983, 273.115435, 313.047522, 272.889795, 233.282032, 193.264427, 233.170535, 193.217977, 313.337907, 273.530146, 233.453996, 289.301855, 371.527765, 331.583352, 291.790967, 372.521373, 332.265033, 292.31976, 372.918725, 332.844866, 292.853632, 373.167819, 333.053435, 293.278536, 333.604774, 293.508858, 374.736374, 335.147705, 295.059231, 305.134001, 464.87955, 424.978775, 384.829601, 344.84437, 304.672396, 465.108265, 424.99385, 384.654655, 344.5447, 304.424186, 465.350299, 425.426774, 385.337306, 465.764226, 425.839694, 385.44432, 345.444322, 345.449714, 305.398008, 345.501469, 305.624079, 465.763866, 425.767577, 385.784269, 345.790416, 305.948866, 265.426857, 466.163143, 425.933596, 385.820312, 345.92514, 306.047584, 225.685073, 305.302465, 346.212681, 306.60665, 266.778774, 226.846629, 345.754559, 305.792222, 265.851108, 225.78988, 346.527899, 306.858138, 266.725778, 226.99712, 346.12753, 305.985287, 265.94061, 225.825287, 346.875705, 306.727155, 266.289994, 226.366059, 346.604252, 306.488345, 266.798269, 226.868633, 346.858513, 306.594186, 266.731737, 226.428006, 310.469641, 270.554503, 230.090665, 189.774168, 390.803363, 350.653315, 350.463963, 310.066586, 270.248253, 391.364158, 351.104042, 350.975892, 310.987057, 271.023204, 230.666067, 391.450516, 351.640633, 391.268601, 351.468076, 311.401255, 271.920792, 232.144795, 192.070059, 431.110493, 390.943192, 350.953508, 310.89765, 270.659451, 230.71182, 190.818714, 191.014779, 432.093746, 391.969213, 351.701769, 311.670835, 392.29751, 352.421899, 312.715691, 432.312389, 392.173223, 352.177362, 391.599327, 351.445266, 271.973469, 232.135719, 192.178198, 312.518542, 272.317322, 232.149602, 192.300781, 432.439657, 392.853163, 352.91618, 313.239461, 273.198078, 233.032197, 193.040147, 432.412911, 392.283053, 352.491758, 312.338257, 272.580428, 232.606664, 192.638482, 352.730257, 432.895394, 392.701452, 352.919883, 312.782588, 272.955028, 233.059878, 193.032371, 433.564391, 393.494453, 353.238306, 313.086701, 273.036947, 233.034118, 193.082842, 407.440412, 367.435726, 327.378666, 287.560404, 247.301394, 366.865484, 327.125392, 287.122145, 247.46207, 368.020801, 328.126306, 287.987639, 248.288779, 367.407168, 327.157147, 287.349081, 247.634701, 367.941028, 327.60573, 287.524236, 247.420745, 367.918183, 328.031307, 288.317271, 248.43221, 366.960113, 326.831428, 286.718085, 246.856347, 287.012886, 327.030184, 368.081444, 328.482739, 278.453575, 278.353708, 278.753075, 278.530781, 278.315665, 278.458044, 277.715261, 343.904343, 344.32357, 385.441146, 345.246341, 618.923453, 579.059589, 539.063428, 499.214164, 459.303927, 619.408522, 579.490114, 539.426967, 499.271627, 459.455217, 619.709407, 579.861624, 539.698693, 499.793585, 459.850694, 579.956022, 539.819808, 499.896883, 459.949682, 618.74774, 579.022821, 539.188212, 499.269696, 459.059569, 619.654827, 579.58861, 539.674183, 499.64172, 459.696719, 458.906869, 619.902028, 580.234329, 540.469716, 500.297437, 460.384464, 460.156531, 499.562821, 459.311322, 512.528142, 514.617787, 474.789044, 514.084865, 474.173473, 513.921531, 473.953745, 473.452215, 514.383393, 474.404268, 514.977429, 474.85957, 514.279329, 474.164167]
sync delay = 333.082058391
out notify interest = 33449.0
out data interest = 9714.0
out bundled interest = 0.0
out data = 0.0
out bundled data = 0.0
collision rx = 318.529411765
collision tx = 0.764705882353
cache hit = 12497.0
cache hit special = 2234.0
retx_notify_interest = 11284.0
retx_data_interest = 714.0
retx_bundled_interest = 0.0
state sync duration = 333.082058391
data availability = 1.0
[195.999489, 196.645956, 196.672053, 196.925363, 196.701031, 196.953866, 156.799814, 196.729563, 196.739904, 197.384593, 157.362064, 197.439802, 157.193676, 260.257306, 220.307129, 260.338607, 220.171931, 260.372149, 220.349499, 260.62862, 220.593549, 260.429858, 220.389104, 260.44378, 220.179408, 260.508293, 220.703942, 286.957213, 247.118242, 287.044112, 247.144523, 207.220716, 287.567185, 287.522133, 287.555465, 287.539522, 287.646725, 247.773535, 287.635945, 247.48692, 287.695809, 287.774459, 207.879064, 287.679839, 247.782869, 287.789088, 247.884464, 287.871447, 247.689237, 207.349415, 287.767201, 248.015662, 287.7887, 248.067345, 287.756111, 287.740141, 248.061077, 208.226691, 208.294429, 168.519459, 248.283613, 208.211806, 168.056908, 208.63135, 270.839483, 231.195932, 191.665584, 190.884405, 230.085648, 190.097188, 310.070238, 269.693038, 230.107087, 310.254981, 270.022339, 310.547429, 270.94453, 310.874441, 270.814159, 311.369119, 271.339616, 191.398217, 231.678862, 191.558873, 271.374943, 231.498289, 191.636851, 311.715329, 272.062016, 288.91051, 368.898177, 328.804701, 288.668962, 369.180536, 329.144522, 289.51409, 249.605421, 209.529511, 248.562099, 208.548299, 369.409193, 329.172496, 289.293953, 249.678467, 369.436081, 329.698285, 289.865869, 250.195431, 210.004457, 369.466656, 329.528437, 289.47572, 210.166656, 249.707658, 209.615617, 369.707327, 329.527753, 289.53509, 330.873408, 290.952935, 330.86159, 290.640659, 330.368632, 290.316875, 330.750773, 291.081905, 251.562261, 211.572555, 331.304884, 291.375588, 251.041003, 211.285918, 332.046408, 292.342016, 204.052593, 284.155961, 284.17286, 243.748291, 203.616759, 163.959972, 285.168444, 244.915342, 204.789967, 164.476815, 285.264668, 245.1082, 245.299896, 205.345981, 165.452127, 285.524729, 245.656139, 205.698197, 165.980592, 285.75677, 246.039021, 205.913592, 166.109764, 285.101585, 244.930233, 204.954986, 164.770451, 246.640398, 206.297704, 166.651293, 183.174959, 182.682757, 223.099495, 183.13547, 182.734435, 183.012273, 183.403527, 348.066074, 308.274801, 268.648059, 308.518967, 268.343806, 228.447499, 188.357356, 387.859965, 347.977477, 228.969101, 388.994128, 349.103163, 348.928849, 308.681429, 269.020379, 389.191309, 349.468181, 309.964963, 429.529299, 389.174792, 309.456684, 269.764882, 229.805821, 189.678899, 428.946122, 389.063511, 349.317201, 309.434959, 269.678743, 229.653843, 189.689295, 390.413715, 350.004059, 309.894929, 429.510182, 389.236077, 349.439722, 309.904227, 269.798394, 229.941061, 190.091764, 389.51454, 349.500131, 349.640581, 309.961983, 270.069748, 229.706322, 189.281515, 430.142259, 390.225105, 350.197315, 310.168795, 270.257153, 230.218737, 190.256012, 350.288319, 430.681822, 390.84027, 350.989137, 310.857913, 270.64449, 230.459441, 190.778807, 391.000913, 351.222007, 311.626477, 430.484042, 390.363653, 350.442732, 310.774848, 270.506276, 230.55504, 190.549964, 430.69451, 390.570999, 350.890427, 310.932754, 270.622614, 230.424394, 190.523716, 292.594336, 333.813431, 293.781449, 364.783705, 325.191098, 285.140801, 245.124661, 286.579228, 366.222977, 326.102693, 285.96548, 246.070719, 365.944933, 326.11002, 285.894492, 245.616912, 366.566246, 326.38202, 286.421432, 246.554208, 405.778423, 365.699004, 325.507329, 285.763613, 246.000122, 366.626491, 326.440848, 286.337616, 246.519568, 365.986384, 326.08301, 286.026409, 246.154106, 277.215299, 277.53697, 277.550985, 277.634697, 276.794171, 277.591961, 277.907859, 344.75869, 344.530991, 384.097455, 343.935721, 498.641723, 458.63493, 618.33574, 578.328433, 538.632842, 498.494151, 458.237458, 579.034311, 539.088487, 499.138144, 458.795924, 459.243735, 618.449439, 578.241123, 538.285371, 498.058777, 458.350898, 618.939837, 618.917988, 578.996708, 538.905494, 498.792449, 458.712712, 579.342393, 539.127763, 499.106015, 459.673545, 459.610748, 580.189076, 540.609975, 500.2824, 460.604907, 580.736796, 540.720752, 500.394829, 460.272995, 499.772944, 459.806167, 472.086226, 472.403261, 472.410998, 510.946096, 471.116524, 472.848216, 471.974173]
sync delay = 307.387483765
out notify interest = 32862.0
out data interest = 9254.0
out bundled interest = 0.0
out data = 0.0
out bundled data = 0.0
collision rx = 332.411764706
collision tx = 0.588235294118
cache hit = 12975.0
cache hit special = 2637.0
retx_notify_interest = 10632.0
retx_data_interest = 657.0
retx_bundled_interest = 0.0
state sync duration = 307.387483765
data availability = 1.0
[103.817238, 103.913286, 103.926415, 195.495089, 195.530005, 195.554322, 195.794955, 195.825139, 155.858667, 195.595671, 195.754612, 155.624204, 195.800844, 155.843693, 195.646021, 195.728962, 251.280445, 251.067792, 211.208, 251.057931, 211.156217, 251.31961, 211.343792, 251.095788, 211.046699, 251.121991, 210.911541, 251.101586, 210.807034, 251.093356, 211.087452, 241.515351, 207.047678, 206.784672, 166.791225, 206.576727, 166.48485, 206.855676, 246.724212, 206.662622, 246.658881, 207.035953, 246.873064, 206.80898, 247.126755, 206.989026, 247.082875, 207.459019, 246.469053, 206.475281, 246.828625, 206.751302, 166.197012, 246.79773, 206.455318, 246.751407, 206.832027, 286.896086, 246.679402, 286.913241, 246.938722, 286.889659, 247.291257, 286.904686, 247.115533, 286.890418, 246.713653, 286.945178, 246.729869, 286.840734, 286.851664, 286.86422, 286.884858, 286.875681, 286.900268, 246.790113, 206.693031, 287.059037, 246.918233, 206.96947, 167.05813, 181.126322, 141.839514, 140.850089, 182.127481, 141.651631, 181.609271, 141.548344, 189.055866, 368.414147, 328.308588, 288.125401, 248.136382, 207.879093, 368.535549, 328.778385, 288.974947, 248.718606, 208.632237, 367.882877, 328.05366, 288.208689, 248.190312, 207.684058, 368.316826, 328.302494, 288.141076, 368.194079, 328.205543, 248.099681, 207.899134, 368.222089, 328.226271, 288.503949, 248.292335, 207.82967, 288.220454, 288.530985, 248.859945, 208.623648, 328.395769, 288.604631, 328.598943, 288.427226, 330.152478, 289.985418, 329.394436, 289.073146, 209.817998, 329.339152, 289.259324, 329.834285, 249.54427, 209.769048, 290.359282, 200.83628, 280.723699, 240.697956, 200.597786, 160.460609, 281.566986, 241.492979, 201.54201, 161.250195, 281.60953, 241.472389, 201.667066, 161.627827, 280.932904, 241.033926, 200.953438, 160.78544, 280.984372, 240.950977, 200.582237, 160.588778, 281.57115, 241.674398, 202.209045, 162.215712, 282.038253, 242.023577, 202.319795, 162.228453, 217.474784, 177.24608, 176.079538, 176.734828, 176.700371, 177.777121, 177.639409, 177.291687, 425.117082, 385.122524, 345.316178, 424.768784, 384.922752, 345.146374, 304.871083, 265.152616, 224.910983, 184.787408, 304.955236, 264.775987, 224.712497, 184.463114, 424.76136, 385.047837, 344.61801, 304.936948, 265.060892, 225.331536, 185.210957, 425.535337, 385.388564, 345.459741, 305.186532, 265.09992, 224.973287, 305.635024, 265.617574, 225.457241, 185.359008, 345.424509, 305.39377, 425.283391, 385.168245, 345.025821, 304.867175, 264.344827, 224.400403, 184.353877, 426.290416, 385.894257, 185.34459, 425.56037, 385.574231, 345.493366, 305.52243, 265.978662, 225.826216, 185.513839, 346.775226, 386.972382, 346.745636, 306.709281, 347.468507, 307.386582, 267.36204, 227.197244, 386.363154, 346.989738, 307.033974, 386.273949, 346.415308, 306.342454, 306.041011, 266.51168, 226.404046, 186.381278, 346.746195, 386.816977, 346.77885, 306.747455, 386.649071, 346.78681, 306.805338, 387.094715, 347.455004, 307.508895, 307.617762, 267.305767, 307.668046, 267.530151, 227.472497, 187.426376, 291.740082, 252.039651, 331.803497, 291.67751, 331.589316, 291.759546, 332.319389, 332.412746, 292.71292, 252.758997, 292.435609, 331.831816, 291.768047, 332.062993, 291.827551, 332.958433, 292.66204, 286.05027, 285.191267, 245.388352, 285.857839, 246.046445, 285.213852, 245.224166, 285.40478, 245.369236, 285.112842, 245.046042, 285.788022, 246.023232, 365.944913, 325.497632, 285.446103, 245.406528, 277.280452, 277.876675, 276.811516, 277.101082, 277.938264, 277.540906, 277.368611, 343.31802, 343.743696, 343.869495, 577.400101, 537.237301, 497.025472, 457.497281, 496.926108, 457.042053, 577.348383, 537.421799, 497.234214, 457.011748, 577.860099, 537.889271, 497.691004, 457.850422, 457.588485, 577.422278, 537.333703, 497.245822, 457.353951, 456.785607, 577.296873, 537.280596, 497.201708, 457.420629, 577.444648, 537.538089, 497.838237, 457.700197, 617.794056, 578.149299, 538.135843, 498.147832, 458.141087, 457.54176, 470.704593, 469.578959, 470.448803, 468.834664, 470.272533, 469.618293]
sync delay = 292.982981771
out notify interest = 30444.0
out data interest = 7413.0
out bundled interest = 0.0
out data = 0.0
out bundled data = 0.0
collision rx = 217.705882353
collision tx = 9.05882352941
cache hit = 13229.0
cache hit special = 4032.0
retx_notify_interest = 8132.0
retx_data_interest = 224.0
retx_bundled_interest = 0.0
state sync duration = 292.982981771
data availability = 1.0
[102.394725, 102.533198, 102.552662, 195.990607, 196.015056, 196.27964, 156.33683, 196.056079, 196.073048, 196.284908, 196.063806, 196.240577, 156.001723, 196.302708, 155.876586, 196.136017, 246.422174, 206.236475, 246.428286, 206.15684, 246.48855, 206.403966, 246.532815, 206.918155, 246.792879, 246.817568, 206.71658, 246.616831, 206.543813, 246.663317, 206.968104, 240.753232, 246.493545, 206.684625, 286.479452, 246.507331, 206.676449, 166.817603, 246.082924, 206.298656, 246.380943, 206.406008, 246.507156, 206.255648, 286.368487, 286.362696, 286.343229, 286.356774, 286.340513, 286.332984, 286.413543, 246.170861, 286.406645, 246.064931, 286.43365, 206.835924, 166.805766, 206.657773, 166.612203, 206.617197, 246.50431, 206.499752, 246.789806, 206.970207, 206.580899, 246.620595, 206.535835, 246.874284, 206.766805, 166.473854, 246.786357, 206.751876, 246.492685, 206.28066, 246.78347, 286.842871, 246.803919, 286.805442, 246.562375, 286.862908, 246.797849, 179.315173, 139.246984, 180.037963, 139.161243, 179.294414, 139.299421, 140.069288, 186.451953, 366.372006, 326.173229, 286.472309, 246.370632, 206.186497, 366.308621, 326.554753, 286.672014, 246.754319, 206.912665, 366.47992, 326.611965, 286.938732, 247.125462, 207.255186, 366.161335, 325.957132, 288.367423, 368.414395, 328.303074, 288.379769, 248.441192, 208.517462, 288.595938, 248.599961, 208.727138, 368.578801, 328.450026, 288.158921, 248.067943, 208.384848, 328.081078, 287.786738, 328.11257, 288.012721, 328.748413, 288.466506, 328.528607, 288.328409, 248.571797, 208.797004, 328.659555, 288.552853, 328.370627, 288.660256, 208.297466, 199.178381, 279.688856, 239.715657, 199.773418, 159.951333, 279.571774, 239.221625, 199.198998, 159.442861, 279.576258, 239.738203, 199.643664, 159.884553, 279.211122, 239.394999, 199.065476, 159.245724, 279.827957, 239.697839, 199.843621, 160.125194, 279.81165, 239.882513, 200.063001, 159.930369, 279.73626, 239.907261, 199.623327, 159.602927, 212.409596, 172.736192, 172.817962, 172.092812, 173.123996, 172.878587, 172.451341, 172.381224, 264.02147, 223.998293, 264.650497, 224.700773, 303.834696, 263.611492, 223.649539, 183.763612, 423.692035, 383.542275, 343.613476, 303.79406, 264.283551, 224.095499, 184.34767, 423.241312, 382.986284, 342.744122, 302.744633, 262.927821, 222.846334, 182.79617, 423.863295, 424.16544, 383.91095, 344.049115, 303.923878, 264.426312, 224.101992, 183.80937, 424.132343, 384.262726, 344.093589, 304.484234, 264.296851, 224.292843, 184.646288, 384.261198, 344.423914, 304.520362, 264.399978, 267.132057, 226.996096, 266.199768, 225.618009, 266.02668, 225.811924, 265.647179, 225.554037, 345.523546, 305.476809, 265.451811, 225.280169, 185.094139, 385.625409, 345.385262, 305.676469, 305.440604, 265.424645, 225.704147, 185.619394, 385.708532, 345.525391, 305.308154, 425.746309, 385.857874, 345.792942, 385.904702, 346.024802, 305.979723, 385.58998, 345.132197, 305.375618, 425.555272, 385.588675, 345.629735, 305.438929, 265.564642, 225.802203, 186.194895, 346.010186, 306.075764, 266.195708, 226.574571, 186.787557, 226.265211, 186.489909, 265.309614, 225.616551, 185.737285, 145.903627, 306.110625, 265.855874, 226.047792, 186.080239, 146.136387, 386.054166, 345.791129, 305.836304, 345.883382, 305.94587, 265.818462, 225.948619, 186.213229, 146.152704, 385.264921, 345.18941, 305.31556, 145.845255, 209.497392, 250.731665, 210.724755, 250.059989, 210.179472, 251.002534, 211.022611, 250.450902, 210.523066, 251.536657, 211.627556, 250.006469, 209.903381, 211.343948, 274.847684, 274.975275, 274.729258, 393.753568, 353.933592, 314.197248, 274.122853, 273.617548, 272.849547, 314.710428, 274.918626, 274.404904, 273.962813, 393.914682, 353.858405, 313.914148, 274.350092, 394.046238, 354.052592, 314.183626, 274.140302, 394.338395, 354.195692, 314.129437, 274.20146, 434.643154, 394.60805, 354.379679, 314.389189, 274.639668, 394.655554, 354.792912, 314.990874, 274.88036, 394.179969, 354.362293, 314.196252, 274.244005, 341.665565, 467.862449, 467.09936, 468.621145, 468.139386, 467.703418, 468.142962]
sync delay = 265.712527218
out notify interest = 29743.0
out data interest = 7526.0
out bundled interest = 0.0
out data = 0.0
out bundled data = 0.0
collision rx = 225.529411765
collision tx = 11.0588235294
cache hit = 13318.0
cache hit special = 3934.0
retx_notify_interest = 7440.0
retx_data_interest = 236.0
retx_bundled_interest = 0.0
state sync duration = 265.712527218
data availability = 1.0
[97.681231, 97.764948, 97.787197, 195.402131, 195.430281, 195.475678, 195.653031, 155.50092, 195.697126, 195.475938, 195.503546, 195.741472, 156.076592, 195.669366, 155.456095, 195.559008, 234.418767, 234.227547, 194.315194, 234.24139, 194.148725, 234.307378, 194.065134, 234.456763, 194.504806, 234.509051, 194.598761, 234.751241, 194.781679, 234.539023, 194.314336, 239.864082, 240.064538, 240.580669, 240.307899, 240.55417, 240.627362, 240.486939, 206.077498, 166.069467, 126.075473, 205.776914, 166.071856, 125.635511, 205.459844, 165.492688, 205.621857, 165.734829, 125.822858, 245.765568, 205.628166, 165.528863, 205.775774, 165.839751, 126.238175, 245.634808, 205.555257, 165.429921, 125.588613, 205.943532, 166.094868, 126.344327, 206.085033, 165.940517, 126.259915, 286.241576, 246.200005, 206.202232, 166.116572, 125.628313, 206.476198, 166.132811, 126.286541, 205.64517, 165.685415, 125.438001, 245.887037, 205.935718, 206.469148, 166.435372, 126.281824, 246.207434, 206.313715, 166.397583, 126.556262, 286.143187, 286.127964, 286.139586, 286.120875, 286.111355, 286.174642, 246.142068, 286.192331, 246.190097, 286.211397, 246.124381, 286.224597, 246.012266, 286.239741, 246.435517, 286.13165, 286.194119, 246.344546, 286.17526, 245.545521, 205.748187, 246.336881, 206.271056, 166.311329, 126.361568, 366.542083, 326.491984, 286.518162, 246.644857, 206.685155, 366.312169, 326.659476, 286.591375, 246.464855, 206.45821, 366.871381, 326.735055, 286.481404, 246.824205, 206.66093, 366.392434, 326.857522, 286.521589, 246.00918, 206.072836, 367.256315, 327.740203, 287.396863, 247.587509, 207.417449, 367.094201, 327.09358, 287.217345, 247.511615, 207.564334, 327.421115, 287.528611, 247.260013, 206.920621, 167.088472, 127.214225, 327.546564, 287.320596, 247.446583, 207.189628, 167.208504, 126.987238, 327.539413, 287.529526, 247.419145, 207.396374, 167.463348, 127.4643, 327.600729, 287.739338, 247.648555, 207.528595, 167.801048, 128.085834, 328.00697, 288.04508, 247.952984, 207.905756, 168.057417, 127.847969, 208.290776, 327.969244, 288.314877, 248.556999, 208.773444, 168.739967, 128.824376, 247.874944, 208.633142, 168.721271, 181.020651, 222.025153, 182.165206, 142.542791, 223.010757, 182.742442, 343.376288, 303.229014, 263.005672, 342.361731, 302.055661, 261.855794, 342.513827, 302.551228, 262.524076, 183.713247, 343.415373, 303.43005, 263.321158, 343.449366, 303.599565, 263.651177, 223.946756, 343.849151, 184.008691, 144.172889, 303.731558, 263.910454, 343.574166, 303.197451, 263.037127, 236.840354, 196.784528, 156.662512, 116.52658, 237.484001, 197.381477, 157.210197, 117.295893, 236.456955, 196.196169, 156.306949, 116.085207, 117.989537, 237.615123, 197.812465, 157.840294, 117.837343, 157.566155, 117.98201, 237.659915, 197.784429, 157.52394, 117.707811, 237.575586, 197.780457, 157.987504, 117.869993, 236.869682, 196.802158, 156.806959, 117.153911, 212.290912, 172.21117, 132.451724, 291.375379, 251.419135, 211.268226, 171.556168, 131.279958, 211.477047, 171.591905, 291.440548, 291.725657, 131.598719, 291.661111, 130.793498, 291.68785, 290.677188, 210.954476, 171.085488, 130.736791, 291.795114, 172.369576, 132.459819, 251.672703, 211.852352, 171.882642, 131.969101, 251.624872, 211.839199, 171.603994, 131.611112, 251.39988, 211.160833, 171.117766, 130.923765, 250.185263, 210.358646, 170.52908, 130.618788, 251.986221, 211.956345, 171.7087, 131.763949, 171.327614, 171.332421, 171.59985, 171.644123, 172.152387, 252.034563, 212.055713, 172.018184, 132.068432, 171.55962, 270.786216, 230.826337, 351.158839, 310.931068, 351.268285, 311.241083, 391.667361, 351.755055, 311.759645, 271.641746, 231.477221, 351.581814, 311.530567, 351.831426, 244.039034, 243.487227, 244.511823, 243.641101, 243.786602, 244.712328, 243.704115, 242.499789, 244.495182, 243.861523, 244.140142, 244.425975, 244.298084, 283.900072, 243.770496, 284.171651, 244.205217, 284.250694, 244.259356, 244.575887, 352.957936, 312.964129, 273.056718, 392.584236, 352.651677, 312.630765, 272.241443, 391.61006, 352.177861, 312.148008, 272.204393]
sync delay = 226.774668059
out notify interest = 29451.0
out data interest = 8559.0
out bundled interest = 0.0
out data = 0.0
out bundled data = 0.0
collision rx = 466.058823529
collision tx = 20.4705882353
cache hit = 12935.0
cache hit special = 3072.0
retx_notify_interest = 7028.0
retx_data_interest = 403.0
retx_bundled_interest = 0.0
state sync duration = 226.774668059
data availability = 1.0
[96.113244, 96.302542, 96.304855, 96.440677, 96.336348, 96.350817, 96.674334, 96.628413, 96.662051, 96.684577, 153.440437, 113.316539, 193.662671, 153.733547, 193.847279, 153.478477, 153.611151, 113.818229, 153.806087, 193.681822, 153.581097, 154.061832, 114.05408, 193.690833, 153.716349, 193.972871, 154.099635, 193.747662, 153.771961, 194.200683, 154.341724, 195.383311, 155.531751, 115.614627, 195.415035, 155.301579, 115.541578, 195.444734, 155.339539, 115.420087, 195.680436, 155.418636, 195.449788, 155.290571, 115.235652, 195.690077, 155.710267, 115.272523, 195.677457, 155.760036, 115.735686, 195.456868, 155.706146, 116.066347, 195.758227, 156.066928, 116.082461, 195.539432, 155.484729, 195.476767, 155.318254, 115.232072, 195.710371, 155.672916, 195.6633, 195.78191, 155.783774, 155.803875, 195.827558, 155.377065, 195.842662, 156.040077, 195.858668, 156.019438, 152.758127, 161.694585, 121.549289, 161.88169, 122.076066, 162.476175, 201.814081, 161.543471, 121.536322, 202.27833, 162.300379, 122.653875, 162.462147, 122.294111, 202.030011, 161.921707, 121.891232, 161.76537, 122.014231, 202.214278, 162.320725, 122.071977, 202.242449, 162.126142, 122.28645, 202.414135, 162.281802, 122.2476, 202.367537, 162.405816, 122.660693, 202.298738, 162.257504, 122.259799, 201.823145, 161.895448, 363.726513, 324.205748, 364.890206, 324.961661, 284.934732, 244.863254, 204.647655, 285.737761, 246.074373, 205.898478, 365.539582, 325.428727, 285.500516, 245.296756, 205.269105, 245.220544, 205.173975, 165.293254, 366.080724, 325.941402, 285.94907, 246.232493, 206.300987, 366.501821, 326.783656, 286.962573, 247.158507, 207.302424, 166.989431, 126.869155, 247.034755, 207.938663, 367.454399, 327.325754, 287.599562, 247.931202, 207.931067, 327.929606, 287.51728, 247.785573, 207.873087, 167.556372, 208.705009, 328.441559, 288.5061, 248.686496, 208.885473, 168.787333, 128.416447, 329.172009, 288.9472, 328.834596, 288.411817, 248.528693, 249.295687, 208.548628, 209.26887, 169.073854, 168.543862, 128.480897, 329.32178, 289.653959, 129.412126, 249.67304, 209.574691, 169.718285, 129.481903, 328.78657, 289.151136, 248.914484, 209.241596, 169.326795, 129.710975, 129.094833, 289.261367, 249.013428, 208.913698, 90.117279, 89.635231, 89.942629, 90.844351, 91.016006, 90.351139, 130.440722, 90.248095, 216.448236, 176.217066, 136.465866, 176.287408, 136.247766, 176.64505, 96.002137, 136.537158, 96.316613, 176.889358, 136.426766, 176.117721, 135.919034, 216.446396, 176.312453, 135.852687, 95.910464, 176.731061, 136.944834, 177.133009, 137.355477, 177.121067, 137.160955, 217.65975, 177.805158, 137.705303, 97.946454, 296.610955, 256.717319, 216.666452, 176.860084, 137.030807, 96.681133, 176.989668, 137.132537, 96.991548, 297.456947, 257.439647, 296.846546, 256.58686, 216.217556, 176.022358, 135.723965, 95.89149, 296.877314, 257.188087, 217.438283, 177.523334, 137.622755, 98.025594, 297.274184, 256.934114, 216.942365, 177.21372, 137.203326, 97.098408, 297.663623, 257.215322, 217.227526, 176.987194, 137.126844, 97.039786, 217.401289, 177.214845, 137.306746, 97.048097, 297.682434, 257.223816, 217.241734, 177.335081, 137.337603, 97.35633, 263.916956, 223.806643, 183.521219, 143.657449, 103.849534, 104.64983, 264.921816, 224.934702, 185.149049, 105.264055, 264.441982, 224.262952, 184.295267, 104.494026, 264.802704, 224.903404, 185.114181, 145.016112, 264.053601, 224.192405, 184.291741, 264.141524, 224.141221, 184.603246, 144.9128, 104.755615, 264.687018, 224.580167, 184.293005, 264.825339, 224.925211, 184.964116, 104.107841, 144.523289, 104.378661, 144.756572, 104.702109, 144.277116, 104.151856, 145.035281, 105.007477, 145.304115, 105.192843, 145.028972, 105.111173, 148.110562, 146.874463, 148.505718, 147.962853, 148.029555, 148.004902, 147.75023, 176.193667, 217.041618, 176.960132, 216.051472, 176.005114, 216.227861, 215.635355, 175.757133, 175.875949, 216.47728, 176.533138, 176.767342, 216.855812, 176.924559, 207.889542, 207.656151, 207.718255, 208.781048, 207.772453, 207.656613, 208.312319]
sync delay = 185.233007915
out notify interest = 28076.0
out data interest = 8878.0
out bundled interest = 0.0
out data = 0.0
out bundled data = 0.0
collision rx = 216.264705882
collision tx = 64.5294117647
cache hit = 14992.0
cache hit special = 2792.0
retx_notify_interest = 5517.0
retx_data_interest = 447.0
retx_bundled_interest = 0.0
state sync duration = 185.233007915
data availability = 1.0
[92.688678, 92.775344, 92.78023, 92.823331, 92.863153, 92.707924, 92.752716, 92.746418, 92.850688, 92.759938, 92.75478, 92.74125, 151.630369, 111.639438, 191.769677, 151.817726, 152.174986, 112.556486, 152.371629, 111.975345, 192.086285, 193.776032, 153.872084, 153.510898, 154.083999, 113.942843, 193.728127, 193.778936, 153.780619, 153.848102, 113.765544, 153.803262, 153.747414, 113.879828, 113.977177, 193.834706, 154.051645, 194.074598, 154.118077, 114.374321, 193.86025, 154.175508, 194.044992, 154.28137, 194.321192, 194.345251, 154.445456, 154.264243, 114.468633, 114.047335, 194.576589, 154.660008, 115.244852, 194.313063, 154.401375, 114.383327, 194.35866, 194.551035, 154.566801, 154.474002, 114.886721, 194.536188, 194.577112, 154.276007, 154.549943, 194.553884, 114.738904, 194.354002, 154.906151, 154.237344, 114.325974, 194.519933, 154.39149, 194.5457, 154.524829, 194.541747, 154.221333, 134.03646, 174.438096, 134.232416, 134.57477, 174.033637, 133.568101, 134.392544, 134.781213, 174.041029, 134.123895, 174.623879, 134.025597, 134.341365, 174.790094, 134.462028, 174.703526, 134.738731, 175.522309, 135.578735, 174.563622, 134.537691, 174.065593, 133.889693, 174.719023, 134.490094, 174.91275, 134.474253, 135.516841, 134.944739, 174.747483, 134.752619, 135.556081, 174.64603, 134.767989, 94.335914, 95.022144, 95.513468, 93.906213, 94.625673, 95.434009, 95.122402, 94.83229, 95.603345, 96.312085, 95.632386, 96.213333, 95.265334, 185.305676, 145.353555, 185.680904, 145.740728, 184.874851, 144.860003, 185.369703, 145.592073, 185.120415, 144.852514, 185.905147, 145.673054, 106.410302, 106.039542, 185.630947, 145.630673, 106.046357, 163.97646, 123.792815, 163.824873, 124.62216, 203.691848, 163.92195, 124.032304, 163.539256, 123.495879, 163.891789, 203.581201, 163.940483, 124.060765, 323.903468, 284.122013, 244.222643, 204.180344, 164.191326, 124.06901, 323.874283, 283.886052, 244.045718, 204.052938, 164.005971, 124.0416, 324.209509, 284.097772, 244.134011, 204.303955, 164.35303, 124.438632, 324.081956, 283.971135, 243.82797, 204.061065, 163.697915, 124.02045, 324.26678, 284.221328, 244.478795, 204.037605, 164.313324, 124.514303, 324.096041, 284.114041, 243.874521, 204.190837, 164.138114, 123.803509, 164.95997, 204.81909, 164.92341, 204.778952, 164.829381, 205.313759, 165.738165, 204.621102, 164.487316, 204.87406, 165.064265, 203.984604, 163.9599, 86.682286, 126.842412, 126.085859, 86.155878, 126.831983, 86.82434, 127.426708, 87.207972, 126.019256, 85.919226, 126.792855, 86.97736, 125.437543, 85.709241, 95.727605, 55.521379, 55.022671, 55.447987, 55.907488, 54.81323, 55.556382, 54.276953, 174.584149, 134.622971, 213.263789, 174.800003, 134.548045, 94.610897, 214.449957, 135.201437, 134.979848, 135.267377, 134.381523, 135.158246, 136.018407, 96.266925, 214.712911, 134.738878, 214.619161, 215.339451, 175.406502, 135.372829, 95.542217, 134.971182, 95.049592, 135.227161, 95.37149, 175.699636, 215.262723, 175.065423, 134.798581, 95.079794, 214.582597, 174.585509, 134.469126, 94.291376, 135.480481, 95.527264, 214.495697, 174.453149, 134.549747, 94.613435, 95.621553, 214.989923, 175.081269, 135.215196, 95.412214, 214.783019, 215.172396, 175.019869, 135.13206, 95.122833, 222.17164, 182.490105, 183.415088, 143.599194, 103.47706, 103.121508, 102.78341, 142.367521, 102.461172, 221.580688, 181.406584, 102.582291, 223.138421, 183.008986, 103.561368, 222.636328, 182.457494, 222.126679, 181.997652, 102.523608, 222.188566, 182.36424, 262.409528, 222.208836, 182.282824, 142.07257, 102.007539, 142.054141, 102.193516, 143.412181, 103.014283, 142.870914, 102.826746, 142.601212, 102.412305, 143.110924, 103.358813, 143.251901, 103.145462, 139.049588, 138.982992, 139.537953, 138.548183, 139.57997, 138.028912, 139.477784, 214.459535, 174.453258, 213.711743, 173.647807, 214.70323, 174.76084, 214.535485, 174.59599, 213.773135, 173.767983, 214.283146, 174.447051, 206.422514, 205.798091, 206.349395, 206.746812, 205.684479, 206.230859, 204.989403]
sync delay = 156.056492241
out notify interest = 27043.0
out data interest = 9189.0
out bundled interest = 0.0
out data = 0.0
out bundled data = 0.0
collision rx = 238.941176471
collision tx = 71.0588235294
cache hit = 14664.0
cache hit special = 2430.0
retx_notify_interest = 4376.0
retx_data_interest = 393.0
retx_bundled_interest = 0.0
state sync duration = 156.056492241
data availability = 1.0
[84.935222, 85.031381, 85.130733, 85.013288, 84.998344, 84.985276, 85.001442, 84.986535, 85.163578, 85.216085, 85.232863, 89.953201, 193.047694, 192.772257, 152.72041, 112.488564, 152.73496, 112.577831, 192.978991, 153.388375, 192.797082, 113.451618, 152.496341, 73.417861, 192.762729, 153.078027, 113.153308, 192.859805, 153.072183, 152.947641, 112.713906, 192.852513, 152.636487, 192.864234, 153.065859, 193.07945, 153.038234, 153.297592, 192.915807, 113.055861, 152.659027, 153.140049, 192.922022, 113.257846, 192.90528, 152.993856, 113.112006, 193.140989, 153.664601, 113.667342, 193.075287, 152.657777, 193.106463, 153.073708, 153.196593, 153.161078, 113.126399, 153.106229, 113.208515, 193.039105, 152.798862, 112.58536, 153.303859, 113.356447, 193.049751, 153.000861, 112.852416, 193.054789, 153.445108, 113.383677, 193.298352, 153.107638, 193.267282, 153.298991, 193.316122, 153.278377, 193.343389, 153.243825, 95.900091, 136.387541, 96.021301, 95.767551, 135.962046, 96.065369, 96.190038, 135.803825, 95.948257, 96.455204, 136.54863, 96.552167, 136.299779, 96.736042, 136.554943, 96.602736, 136.343293, 96.727293, 136.574526, 135.994827, 95.91867, 136.319326, 96.461682, 136.585573, 96.641233, 136.399745, 96.78678, 96.867217, 97.463958, 96.629517, 130.219562, 170.487907, 130.578155, 95.246086, 95.536246, 95.630573, 55.70911, 95.803407, 95.579683, 96.052718, 55.914987, 95.829511, 95.882028, 96.596182, 95.846077, 96.93879, 96.954489, 96.607184, 177.014543, 136.633354, 97.076584, 175.958897, 136.074386, 177.253154, 137.191175, 177.032901, 136.646279, 97.716077, 96.909791, 96.972073, 97.038348, 96.97784, 176.70513, 136.687286, 97.052092, 176.585915, 136.735857, 96.66852, 177.204996, 136.974131, 105.616856, 96.469565, 96.233602, 96.753857, 96.304842, 96.324297, 96.737543, 97.658776, 99.950986, 145.88308, 105.783137, 146.174817, 305.678259, 265.346842, 225.068485, 185.059245, 145.168754, 104.863429, 106.182045, 185.328764, 145.379235, 105.689802, 305.50863, 265.128183, 225.337419, 185.623672, 145.494718, 105.610567, 305.890484, 265.57668, 225.659334, 185.614264, 145.803494, 106.098084, 306.03477, 266.196167, 225.862944, 185.829425, 145.877993, 106.08864, 305.803968, 265.926444, 226.33844, 186.18706, 146.059453, 106.019574, 305.906661, 265.823066, 225.931038, 186.222388, 146.334128, 106.158626, 185.977969, 145.914429, 186.604896, 146.558646, 106.507247, 147.773151, 107.565983, 146.830974, 146.379282, 146.255531, 146.98626, 187.511662, 147.301604, 187.20445, 147.241184, 187.594197, 147.466039, 147.110736, 146.562663, 187.750305, 147.502233, 187.692066, 147.881965, 112.451495, 112.9294, 112.690164, 112.789836, 112.559637, 112.998049, 111.843558, 71.981342, 73.434532, 84.5323, 83.725825, 43.777761, 84.519402, 44.953794, 84.633693, 44.957756, 85.206918, 45.582979, 84.904766, 44.89004, 84.518805, 44.462899, 44.041677, 170.79217, 130.736225, 90.58527, 130.711768, 130.589326, 130.561193, 129.886812, 130.827463, 130.714982, 90.722518, 171.277645, 130.836813, 130.847329, 90.898635, 131.121364, 170.667857, 130.393574, 90.184245, 91.459311, 171.299319, 131.349984, 91.402749, 171.319643, 131.401826, 91.407946, 131.316855, 91.177143, 170.057389, 130.193628, 89.859017, 170.851613, 130.795398, 90.790788, 91.817807, 170.600016, 130.60217, 90.563623, 140.732418, 100.301834, 181.420328, 141.415051, 101.274717, 101.680907, 100.858157, 180.864403, 141.062204, 101.190287, 141.068702, 101.052526, 140.995916, 101.113717, 140.784668, 100.722506, 140.097315, 100.030938, 141.292781, 101.145963, 100.815933, 181.157759, 141.132425, 101.114908, 100.892444, 181.191753, 141.298259, 101.191743, 141.088327, 100.883489, 180.959928, 140.90546, 101.075804, 180.550703, 140.424579, 100.605943, 180.726194, 140.790666, 100.588655, 181.059391, 141.367027, 101.447396, 101.611147, 133.333853, 133.994829, 132.251064, 133.431633, 133.248817, 134.058012, 133.827999, 205.101386, 206.539097, 205.290717, 206.039823, 205.605734, 205.956648, 206.746963]
sync delay = 137.498058594
out notify interest = 26040.0
out data interest = 9016.0
out bundled interest = 0.0
out data = 0.0
out bundled data = 0.0
collision rx = 266.0
collision tx = 81.1176470588
cache hit = 15211.0
cache hit special = 2640.0
retx_notify_interest = 3171.0
retx_data_interest = 428.0
retx_bundled_interest = 0.0
state sync duration = 137.498058594
