data availability = 1.0
[261.69849, 221.891414, 261.553302, 261.789908, 261.651442, 261.625776, 261.669474, 261.921777, 221.92588, 261.721553, 261.688305, 221.548963, 261.927632, 222.028235, 261.721687, 221.572108, 261.694942, 221.812328, 261.733426, 221.64714, 261.758923, 221.933761, 261.742181, 221.612573, 261.83977, 210.001086, 209.913071, 289.721313, 249.7087, 209.510694, 289.868431, 289.834609, 289.802019, 289.9264, 290.043402, 290.027834, 290.19335, 290.086344, 290.118702, 290.143776, 250.247634, 210.492526, 290.118124, 290.452802, 250.728078, 290.523396, 290.449859, 290.561849, 290.394676, 290.613845, 192.955318, 272.49601, 232.420957, 192.159929, 272.117859, 231.696119, 191.731412, 272.309896, 232.256475, 312.663376, 272.569486, 312.486517, 272.776258, 312.80419, 272.851421, 313.19529, 273.534625, 313.310972, 273.43426, 313.631229, 273.541441, 314.301774, 274.073616, 293.157372, 253.388431, 292.830081, 293.636671, 254.027689, 374.990828, 334.968633, 294.924358, 375.520494, 335.398258, 295.464293, 375.272089, 334.99463, 295.13896, 375.248303, 335.333687, 295.396612, 376.727272, 336.573201, 296.938396, 376.716609, 336.339309, 296.336208, 337.032597, 297.046183, 257.151274, 305.804716, 467.329, 427.289036, 386.998116, 467.363642, 427.037589, 386.97469, 347.058517, 306.954253, 468.131264, 428.285008, 388.021006, 347.766963, 308.056794, 468.195963, 468.214764, 428.303821, 388.384059, 348.385302, 308.418788, 348.555742, 308.393079, 428.546268, 388.812821, 348.678699, 308.755793, 469.171617, 429.255362, 389.238984, 349.431984, 309.464058, 350.629717, 349.567119, 309.491629, 392.775822, 352.645943, 352.386423, 312.245426, 272.152874, 393.458765, 353.363526, 353.25053, 312.971658, 272.554342, 232.2927, 392.940442, 352.845965, 313.675884, 273.460868, 393.126503, 353.140182, 393.416921, 353.539911, 393.679094, 353.483963, 393.978752, 353.898219, 313.837386, 273.897564, 233.78556, 290.304073, 250.342673, 210.533129, 331.719991, 291.686866, 252.047377, 212.458466, 251.604313, 211.528593, 452.421267, 412.665396, 372.808, 332.764479, 292.628205, 452.847702, 412.651226, 372.824664, 372.794074, 332.997084, 293.14024, 253.360645, 252.829924, 213.194814, 213.469719, 452.536884, 412.639337, 372.932306, 332.926015, 292.701825, 252.864421, 212.830127, 452.444809, 372.376957, 332.347368, 292.132852, 252.034322, 372.422613, 332.312075, 292.579819, 252.664324, 373.308976, 333.102142, 293.47604, 253.781731, 373.046048, 332.890382, 293.240903, 253.096592, 452.783512, 412.761189, 372.874504, 332.609888, 293.001696, 252.9811, 373.987611, 334.035426, 294.140024, 254.00305, 413.17451, 373.405713, 333.189746, 292.974987, 252.927335, 453.52328, 413.41385, 373.46593, 333.264863, 293.456969, 414.264981, 374.48624, 334.358102, 294.235756, 253.945973, 453.827943, 413.766185, 374.047443, 334.114547, 294.26366, 254.278465, 214.408136, 213.511609, 253.621481, 213.976611, 213.06632, 367.419815, 327.362884, 287.551542, 247.490631, 407.749368, 367.489476, 327.746336, 287.868662, 248.164412, 367.369435, 327.544125, 287.355952, 247.033043, 367.256182, 327.357275, 287.465397, 247.528589, 367.034894, 327.090516, 286.977154, 246.711, 367.051269, 327.137725, 287.206581, 247.190494, 367.392891, 327.562772, 287.732306, 247.759121, 286.704364, 326.666775, 368.150495, 328.208572, 288.008146, 287.664682, 286.322561, 287.928114, 287.451762, 288.120197, 286.786483, 344.284112, 385.708718, 345.853399, 344.608907, 620.345606, 580.234294, 540.424541, 500.376942, 460.409486, 620.962674, 580.558956, 540.296433, 500.19027, 460.064022, 620.949939, 581.178338, 541.169327, 500.675836, 460.499972, 460.59378, 620.65185, 581.119612, 541.647967, 501.903017, 462.203765, 620.914436, 580.82848, 541.120852, 501.307653, 461.699532, 620.985319, 581.13893, 541.317531, 501.166332, 461.125565, 502.141916, 462.211815, 621.436167, 581.248468, 541.26856, 501.118419, 460.778746, 462.44595, 515.522699, 516.235056, 476.172187, 514.678605, 474.618088, 516.473159, 476.522707, 515.439378, 475.719895, 514.903858, 474.927703, 475.745974, 516.46111, 476.803239]
sync delay = 346.08028905
out notify interest = 34072.0
out beacon = 0.0
out data interest = 9646.0
out bundled interest = 0.0
out data = 12185.0
out ack = 42363.0
out bundled data = 0.0
collision rx = 318.352941176
collision tx = 0.352941176471
cache hit = 12163.0
cache hit special = 2329.0
retx_notify_interest = 11900.0
retx_data_interest = 739.0
retx_bundled_interest = 0.0
state sync duration = 346.08028905
data availability = 1.0
[197.633187, 197.898531, 157.994056, 197.67869, 197.673714, 197.781401, 198.095939, 158.483627, 197.891628, 197.94234, 198.090794, 158.006552, 261.44563, 221.020104, 261.496565, 221.315775, 261.771659, 221.586387, 261.561084, 221.281252, 261.595634, 220.991585, 261.620445, 221.738214, 261.706262, 221.390361, 209.712188, 289.651264, 249.374921, 209.772266, 289.795637, 209.80882, 289.8831, 290.093243, 290.434688, 250.317683, 210.303259, 290.429055, 290.465555, 290.477706, 290.466142, 290.462077, 290.777656, 251.456317, 211.756678, 290.724324, 290.739423, 290.754751, 290.779656, 290.773253, 291.061742, 250.916845, 211.213917, 291.036778, 190.559358, 270.011355, 229.89442, 189.916782, 270.618143, 230.636539, 190.743427, 232.392703, 192.768839, 233.686536, 313.470298, 273.405184, 233.895254, 194.033464, 313.614573, 273.596798, 313.894168, 273.47984, 314.276276, 274.059901, 274.577504, 234.892209, 194.813385, 314.075046, 273.879042, 313.93771, 274.073293, 233.97828, 193.907782, 290.448973, 372.178642, 332.320856, 292.577797, 372.99121, 332.559313, 292.647221, 373.107505, 333.03286, 292.687756, 372.97645, 332.853752, 292.832547, 373.695659, 333.602402, 293.032784, 374.174334, 334.202787, 294.048565, 343.884279, 303.713902, 345.515938, 306.054868, 266.722112, 226.772227, 264.732649, 224.503518, 344.746625, 304.781632, 264.78606, 224.785336, 306.095972, 345.069226, 304.72347, 264.26846, 224.557118, 344.863764, 304.679101, 264.688267, 224.739104, 345.353886, 305.050706, 265.523627, 225.858594, 346.010659, 306.539309, 266.615345, 226.337638, 345.781109, 305.6222, 265.359392, 225.467869, 466.451632, 426.075855, 386.244903, 346.434269, 306.469891, 466.486791, 426.37683, 386.432818, 346.664587, 306.789117, 466.742421, 426.657818, 386.78008, 346.672286, 306.50209, 467.018887, 427.133982, 386.967774, 346.893836, 306.965905, 467.498798, 427.463197, 387.545946, 347.531315, 307.433564, 467.421593, 427.058521, 387.396662, 347.22826, 307.046488, 310.118532, 270.255176, 230.127613, 190.419638, 389.852604, 349.782149, 351.126432, 311.175211, 271.05554, 390.538411, 350.420607, 351.369322, 311.18821, 271.051694, 231.188327, 390.910452, 350.664144, 311.326574, 271.438472, 231.295159, 191.22608, 390.884663, 350.965157, 390.683679, 350.803926, 390.761142, 350.778666, 431.267744, 391.645659, 351.694871, 431.08006, 391.365171, 351.636336, 311.342338, 271.642858, 231.705364, 191.968982, 431.423125, 391.36769, 351.349965, 311.138274, 271.052294, 231.227158, 191.326413, 352.1843, 311.697712, 271.689779, 231.517902, 191.673641, 432.377613, 392.307014, 352.309553, 312.518478, 272.519536, 232.380588, 192.071819, 432.163844, 391.864198, 351.913491, 311.56201, 271.748751, 231.519179, 191.245253, 432.198859, 392.028097, 352.053287, 311.723986, 271.721174, 231.653788, 191.762715, 192.117919, 432.117562, 392.240445, 351.870839, 311.673533, 271.48991, 231.626335, 191.622356, 367.82101, 327.892679, 327.747793, 367.69369, 327.882652, 287.613378, 247.614068, 367.685759, 327.450836, 287.77119, 247.457671, 367.371018, 327.234194, 287.243134, 247.112397, 367.784062, 327.585176, 287.436021, 247.552783, 367.133796, 326.814684, 286.906723, 247.053199, 366.847574, 327.070626, 287.240082, 247.471385, 288.041651, 407.578465, 367.588652, 327.84003, 287.759457, 247.586043, 277.014878, 277.66822, 277.833372, 277.552534, 277.796563, 277.25977, 278.412205, 344.098769, 343.872455, 384.885396, 344.884007, 618.994606, 619.321995, 579.037248, 539.504782, 499.63072, 459.579698, 618.927022, 579.404942, 539.50537, 499.40912, 459.41905, 501.111005, 460.800399, 619.433279, 579.406561, 539.798925, 579.370689, 539.722396, 499.782036, 459.670055, 620.04049, 580.203842, 540.481129, 500.573515, 460.457948, 460.496377, 619.778054, 579.745899, 539.864856, 500.003629, 459.651425, 620.402405, 461.272168, 500.280245, 460.1969, 579.782645, 539.57268, 499.601507, 459.742365, 514.279609, 474.103764, 514.545088, 474.359429, 513.880085, 473.658018, 515.042947, 474.697788, 513.33165, 473.342108, 513.292849, 473.565505, 513.993098, 474.143816]
sync delay = 333.888120841
out notify interest = 33476.0
out beacon = 0.0
out data interest = 9676.0
out bundled interest = 0.0
out data = 12111.0
out ack = 42921.0
out bundled data = 0.0
collision rx = 322.647058824
collision tx = 0.411764705882
cache hit = 12629.0
cache hit special = 2273.0
retx_notify_interest = 11306.0
retx_data_interest = 709.0
retx_bundled_interest = 0.0
state sync duration = 333.888120841
data availability = 1.0
[196.949942, 197.166829, 157.364383, 197.361158, 157.651753, 197.581266, 157.415567, 197.356077, 197.369075, 197.349672, 197.584635, 197.376905, 197.358563, 261.580293, 221.56358, 261.618452, 221.836453, 261.670588, 221.474333, 261.958369, 221.800752, 261.752687, 221.863048, 261.788422, 221.613535, 261.768122, 221.384599, 207.950021, 167.9766, 287.935, 247.850183, 207.90516, 208.338869, 247.799528, 207.532186, 167.934599, 288.694981, 248.711099, 208.444815, 288.578101, 288.668841, 288.685129, 288.66113, 288.676918, 288.741607, 249.05948, 288.873717, 248.858484, 288.853888, 248.924377, 288.987289, 249.170369, 209.295554, 289.008955, 249.188373, 289.064374, 288.988319, 248.78657, 289.115591, 248.938393, 209.058205, 288.961457, 289.078915, 248.900878, 190.856147, 270.600199, 230.734545, 190.596714, 311.027095, 270.683971, 232.701064, 192.609223, 272.649272, 232.919877, 192.896534, 312.724441, 272.688306, 312.982601, 272.651594, 313.164757, 273.164557, 193.194696, 233.089957, 193.074525, 233.305294, 313.746153, 273.676947, 314.109422, 274.349499, 289.006152, 329.79667, 289.768081, 251.37716, 211.422326, 331.563283, 291.436782, 332.254682, 292.162623, 331.88998, 292.108243, 332.376233, 292.297889, 372.895648, 333.101338, 293.334343, 253.504733, 213.557518, 372.760539, 332.6974, 292.755968, 252.528208, 212.47718, 373.499951, 333.477239, 293.33206, 253.131171, 212.888643, 373.413575, 333.479598, 293.507952, 253.337701, 213.497958, 373.43409, 333.641283, 293.791911, 253.62318, 213.510778, 373.848691, 334.020371, 293.759583, 253.641231, 213.401219, 333.946564, 293.814098, 283.865051, 243.434044, 203.356786, 284.489046, 244.468986, 204.254043, 164.469679, 284.260503, 244.490705, 204.782784, 164.651429, 164.564956, 285.240853, 245.202553, 205.303096, 165.280157, 284.770501, 245.08457, 204.925608, 164.806488, 285.652821, 246.007726, 205.773099, 165.753399, 285.189735, 244.958183, 204.925992, 164.705939, 246.160464, 206.08096, 182.850592, 182.274325, 182.718939, 222.515778, 182.536977, 183.00884, 306.532282, 266.677779, 226.544228, 186.983466, 386.531381, 346.718833, 309.421514, 389.046191, 349.001942, 349.028, 309.010669, 269.14855, 389.854509, 349.797377, 309.874015, 429.358227, 389.639454, 349.729909, 389.014291, 349.136766, 428.926339, 389.307813, 349.272518, 309.344603, 269.476735, 229.767595, 190.291144, 389.49441, 349.469167, 309.798297, 429.614555, 389.936123, 350.437002, 309.941248, 269.981386, 230.170997, 190.339928, 310.730409, 389.47427, 349.763366, 350.503583, 310.703503, 270.599071, 230.917412, 430.489894, 390.559015, 350.785305, 310.848151, 270.785947, 230.89241, 191.016845, 311.525649, 271.628167, 231.445955, 191.454142, 430.24853, 390.656518, 350.53956, 310.633861, 270.470945, 230.641652, 190.361394, 351.13829, 311.146304, 431.238225, 391.020923, 350.889882, 310.729061, 271.119219, 231.141466, 191.377008, 311.351747, 271.697836, 232.112065, 192.333388, 431.152399, 391.318978, 351.109294, 311.142859, 271.028874, 231.114389, 191.332807, 292.79442, 333.399223, 293.372668, 365.85123, 325.879967, 286.069038, 246.25122, 365.426955, 325.348146, 285.166817, 245.040037, 286.056346, 366.577175, 326.645146, 286.773608, 246.915481, 366.04987, 325.875141, 285.726654, 245.587405, 365.414641, 325.440261, 285.559744, 245.823391, 366.200875, 326.18704, 286.61661, 246.477127, 365.614464, 325.525596, 285.177617, 244.926421, 276.639807, 278.123188, 277.659279, 277.831619, 278.824934, 278.157222, 278.076783, 343.812499, 383.494122, 343.332473, 343.445646, 619.921687, 579.968422, 540.130008, 500.03307, 459.99884, 579.225922, 538.993246, 498.834908, 458.661983, 619.0016, 578.787662, 539.067358, 499.602472, 459.662521, 499.587891, 459.59268, 459.584723, 579.995389, 539.751597, 499.763663, 459.982643, 579.93917, 540.312652, 500.154599, 460.25296, 459.843615, 618.452105, 578.514381, 538.355635, 498.284739, 458.196372, 579.881722, 540.055244, 499.889206, 460.201247, 499.368418, 459.25618, 473.197519, 472.291914, 511.791322, 472.251875, 472.637027, 511.317981, 471.509067, 472.263744]
sync delay = 307.879901565
out notify interest = 32931.0
out beacon = 0.0
out data interest = 9227.0
out bundled interest = 0.0
out data = 12416.0
out ack = 43294.0
out bundled data = 0.0
collision rx = 346.264705882
collision tx = 0.941176470588
cache hit = 13228.0
cache hit special = 2708.0
retx_notify_interest = 10728.0
retx_data_interest = 697.0
retx_bundled_interest = 0.0
state sync duration = 307.879901565
data availability = 1.0
[104.292583, 104.380926, 104.3987, 195.75302, 197.86467, 197.841095, 197.889797, 198.122537, 158.160266, 198.046288, 158.315007, 198.119117, 197.897422, 197.937818, 198.146407, 158.226527, 251.569908, 211.314511, 251.571775, 211.428053, 251.60596, 211.901471, 251.838452, 251.864127, 211.824667, 251.642939, 211.580223, 251.668689, 211.718679, 251.646877, 211.756004, 241.876028, 246.798955, 206.550438, 206.295164, 166.130089, 206.91028, 166.920872, 206.556752, 246.689999, 206.972458, 246.4806, 207.002555, 286.61791, 246.578413, 206.301077, 166.439646, 206.842199, 246.487898, 206.536648, 246.348275, 206.334448, 166.248922, 246.892376, 206.927983, 286.531807, 246.371215, 206.433413, 246.203104, 206.193806, 246.305936, 205.838355, 246.633819, 206.880318, 286.534361, 286.549091, 286.531759, 286.526009, 286.586138, 246.768328, 286.602813, 246.688398, 286.615202, 246.494986, 286.63039, 246.243257, 286.646834, 246.61375, 286.541945, 286.605581, 246.462984, 182.55406, 142.325978, 141.955127, 183.023659, 143.066873, 182.852456, 142.685303, 188.076133, 287.546165, 367.987368, 327.968104, 287.89001, 248.012149, 208.108853, 367.782454, 328.10075, 288.227778, 248.287654, 208.592248, 367.836252, 327.896745, 288.091808, 247.975, 207.877916, 367.619142, 327.267511, 287.393546, 247.464824, 208.15604, 368.671554, 328.991024, 288.984517, 249.327, 209.385163, 328.955879, 288.816328, 328.535666, 288.825374, 328.23412, 288.2983, 328.285076, 288.070409, 328.742779, 288.783153, 368.801371, 328.761793, 288.939759, 248.833217, 208.971927, 328.673681, 288.489844, 249.054183, 209.222611, 209.012581, 280.241087, 240.164313, 200.319783, 160.439539, 201.293905, 281.679705, 242.057446, 201.948872, 161.971213, 281.629204, 241.848065, 201.980194, 162.126599, 280.975496, 241.079781, 201.342293, 161.783779, 281.025907, 241.129424, 200.791354, 160.941447, 280.950836, 241.184408, 200.942685, 160.939654, 281.803429, 241.921451, 201.691451, 161.578721, 217.507567, 177.605008, 177.838924, 178.232059, 178.010408, 177.743814, 176.996848, 177.240309, 425.125287, 384.903149, 344.77741, 305.020623, 265.000076, 225.15539, 185.48695, 345.124475, 304.978728, 425.287773, 385.348524, 345.147003, 304.849037, 264.684307, 224.875985, 184.932697, 425.674121, 385.946066, 345.864167, 305.579372, 265.448964, 225.661922, 185.890968, 305.242647, 265.289064, 225.174604, 185.131764, 425.73905, 385.719778, 345.800743, 306.129146, 266.216566, 226.527846, 186.718242, 347.258965, 307.401449, 267.17061, 387.380082, 347.280464, 307.154605, 347.734007, 307.451794, 267.341285, 227.316369, 387.243376, 347.327971, 307.24104, 427.773095, 387.760391, 347.833203, 388.378792, 348.263645, 308.103393, 307.343025, 267.713802, 227.751152, 187.838745, 387.733749, 347.520695, 307.325993, 388.124946, 347.860591, 307.745866, 427.360537, 387.131476, 347.538045, 307.1972, 267.090301, 226.635785, 186.90055, 428.203079, 388.450709, 348.503601, 308.471132, 268.404251, 228.065378, 187.720324, 308.266185, 268.473179, 228.529583, 188.839301, 389.170536, 349.210194, 308.904863, 291.905126, 251.922672, 332.244315, 292.476599, 332.334069, 292.397458, 331.985885, 292.099208, 331.581724, 291.2695, 332.89376, 292.909989, 332.348948, 292.35364, 332.676342, 292.627704, 252.579203, 285.368823, 285.852868, 245.851162, 285.896775, 245.818661, 286.729966, 246.500311, 284.791976, 244.764259, 285.758735, 245.72642, 286.477222, 246.481791, 365.194998, 325.176365, 285.322918, 244.995781, 276.575798, 275.823883, 276.93955, 275.898572, 277.083779, 275.886421, 277.802185, 341.653382, 342.381338, 342.725906, 577.114891, 537.229134, 497.251205, 576.025576, 535.980923, 495.958821, 456.052134, 456.757674, 497.36967, 457.728459, 576.822727, 536.932995, 497.425033, 457.353894, 617.399281, 577.391193, 537.605183, 497.83669, 457.902466, 577.38111, 537.478912, 497.770401, 457.695887, 576.816845, 536.683019, 496.646574, 456.394218, 457.422685, 577.845258, 537.675311, 497.351039, 457.347485, 457.625354, 457.633098, 470.26283, 470.432296, 470.482618, 469.679739, 470.119425, 469.646691]
sync delay = 293.2377964
out notify interest = 30448.0
out beacon = 0.0
out data interest = 7481.0
out bundled interest = 0.0
out data = 12325.0
out ack = 29583.0
out bundled data = 0.0
collision rx = 212.823529412
collision tx = 10.5294117647
cache hit = 13225.0
cache hit special = 3958.0
retx_notify_interest = 8154.0
retx_data_interest = 215.0
retx_bundled_interest = 0.0
state sync duration = 293.2377964
data availability = 1.0
[102.090197, 102.219369, 102.233604, 194.236372, 194.23377, 194.43593, 154.292082, 194.927538, 195.16789, 194.971085, 195.208112, 155.157462, 195.768952, 195.808122, 196.044426, 156.160255, 246.065521, 206.012035, 246.100547, 205.988556, 246.146782, 206.049957, 246.406147, 246.435705, 206.52715, 246.228407, 206.17582, 246.265472, 206.413052, 246.240898, 206.501739, 240.591206, 244.920498, 204.805107, 244.69326, 204.707287, 244.824297, 204.735784, 244.872317, 205.26801, 244.624007, 204.51361, 284.959089, 244.820899, 204.755444, 165.106886, 284.829946, 284.824631, 284.817251, 284.809242, 284.801265, 284.793266, 284.866362, 244.897986, 284.883613, 245.093279, 284.898996, 244.892112, 284.914591, 244.727594, 284.877856, 244.949875, 205.175971, 165.393464, 205.341559, 165.379918, 205.355319, 205.28498, 245.16228, 204.968281, 244.905451, 205.139634, 245.3431, 205.136271, 245.773113, 205.794204, 165.721901, 245.033455, 204.978293, 285.297452, 245.159029, 179.149147, 139.717678, 140.338859, 179.339065, 139.470922, 179.607637, 139.372983, 187.189805, 367.045439, 327.338112, 287.354323, 247.576312, 207.144122, 367.373308, 326.88889, 286.989214, 247.06622, 207.167538, 367.614255, 327.473046, 287.497866, 247.615558, 207.626782, 367.253303, 326.963815, 286.913865, 246.670468, 206.617501, 367.688892, 327.690177, 287.602326, 247.479121, 207.470808, 289.151805, 369.095099, 329.219657, 289.335111, 249.268252, 209.2278, 329.293998, 289.257909, 329.572012, 289.546063, 329.795184, 289.855383, 329.843763, 289.919646, 329.607322, 289.774869, 209.483798, 250.635706, 210.513027, 330.444536, 290.370809, 279.348552, 238.866029, 198.617404, 158.391162, 279.026607, 239.009611, 198.679672, 158.728885, 279.921415, 239.563595, 199.722421, 159.680481, 279.345239, 239.634061, 199.63983, 159.456709, 279.54265, 239.566978, 199.498523, 159.35474, 280.008981, 240.053349, 200.011035, 160.037378, 279.597668, 239.564589, 199.444366, 159.16684, 199.690256, 212.855524, 173.37575, 173.552812, 173.217232, 174.095445, 172.058169, 173.265634, 172.587277, 303.819622, 263.75942, 223.797303, 183.924864, 423.468879, 383.905323, 343.771666, 303.859739, 263.975547, 224.00096, 183.944197, 423.257346, 383.036908, 342.698639, 302.468081, 425.035899, 385.266549, 264.732969, 224.778503, 185.03128, 144.863017, 263.61197, 223.872574, 183.756271, 345.341089, 305.382548, 265.094923, 225.604169, 185.350202, 145.653847, 425.143992, 384.714905, 344.792902, 304.977294, 265.215846, 225.248266, 185.172935, 425.414989, 385.759274, 345.876272, 305.9914, 265.918794, 225.922727, 185.501867, 425.224498, 385.047107, 345.052377, 304.945874, 264.772578, 224.838067, 185.330548, 345.093664, 345.322905, 305.460477, 265.439884, 225.404433, 185.563211, 305.176457, 265.262013, 345.953659, 385.410525, 385.45599, 345.455214, 305.658265, 306.288645, 266.361003, 385.680394, 345.429559, 226.69278, 305.492877, 187.117049, 147.437942, 225.540785, 185.94845, 145.769699, 385.990153, 345.877453, 306.004347, 307.389951, 386.803514, 346.659955, 306.82927, 267.389482, 227.598601, 187.709682, 147.706537, 266.371251, 226.391768, 186.402855, 146.349557, 267.36445, 227.258109, 187.186019, 147.112112, 266.732047, 226.543301, 186.513795, 146.572321, 267.121269, 226.735446, 186.501434, 146.492546, 386.879073, 346.859866, 306.746406, 308.319294, 268.76447, 228.655658, 189.068622, 149.28292, 427.388109, 387.121867, 347.453109, 346.632988, 306.870531, 267.368622, 227.150117, 187.274235, 146.996954, 266.797233, 226.606975, 186.564761, 146.483835, 274.024857, 393.453101, 353.971171, 314.409542, 274.667521, 274.075235, 273.963331, 274.220433, 272.620968, 313.773668, 273.360735, 274.671244, 274.467188, 394.59305, 354.73163, 314.808929, 274.777794, 393.745236, 354.07081, 314.125312, 273.935745, 393.839418, 353.831843, 313.875132, 273.777049, 434.612513, 394.401449, 354.640714, 314.477352, 274.153072, 393.831447, 353.712525, 313.809838, 273.92698, 394.187126, 354.338006, 314.364844, 274.260655, 342.205607, 468.500216, 467.099198, 468.995982, 468.232936, 468.535562, 467.553517]
sync delay = 263.069100638
out notify interest = 29815.0
out beacon = 0.0
out data interest = 7219.0
out bundled interest = 0.0
out data = 12091.0
out ack = 30481.0
out bundled data = 0.0
collision rx = 218.176470588
collision tx = 10.0588235294
cache hit = 13674.0
cache hit special = 4273.0
retx_notify_interest = 7481.0
retx_data_interest = 269.0
retx_bundled_interest = 0.0
state sync duration = 263.069100638
data availability = 1.0
[98.625226, 98.700577, 98.698499, 193.599213, 193.64715, 193.871005, 154.070929, 193.646607, 194.420609, 154.259573, 194.245975, 194.480131, 154.813879, 194.251852, 194.706134, 154.778627, 194.600087, 234.108516, 193.984122, 234.114577, 194.429954, 234.152838, 194.14299, 234.215076, 194.196681, 234.452852, 194.305475, 234.241629, 194.214273, 234.582756, 194.489882, 234.822159, 239.892305, 239.559568, 239.637983, 239.62677, 239.651394, 239.948856, 244.975524, 284.950874, 244.741094, 284.946875, 244.846931, 285.0011, 244.92449, 204.586034, 164.364358, 124.143796, 204.78009, 164.850358, 125.072066, 204.962334, 164.66311, 124.775495, 204.906919, 164.912275, 124.959712, 205.176593, 165.636144, 204.321462, 164.230155, 124.164467, 205.250513, 244.940159, 165.172706, 204.398885, 164.232222, 125.409114, 205.253297, 165.170547, 125.195228, 204.822968, 164.63912, 124.824991, 204.85208, 164.551113, 124.632114, 245.314677, 205.219182, 165.219557, 125.132179, 205.168138, 165.394449, 125.531216, 285.09341, 245.029997, 285.111337, 245.253672, 285.125387, 245.116948, 285.235023, 245.451615, 205.829073, 165.466462, 125.291351, 285.100141, 285.082403, 285.094003, 285.068223, 285.059444, 285.080286, 244.894333, 205.17277, 367.354202, 327.264312, 287.748965, 247.901911, 367.154861, 327.022954, 286.940441, 246.992345, 206.756865, 367.385207, 327.20801, 287.414247, 247.172734, 206.950779, 208.589975, 368.0072, 327.931946, 288.325327, 248.35741, 208.090773, 367.808807, 327.678789, 287.729302, 247.683926, 247.291788, 207.025444, 166.806538, 126.515115, 207.996606, 288.443777, 248.415248, 368.274811, 328.573501, 288.838361, 249.106681, 208.754693, 208.965281, 329.545549, 289.395303, 249.493794, 209.71138, 169.691016, 129.786533, 328.988421, 289.469692, 249.61168, 209.478548, 169.352335, 129.675737, 329.850906, 289.924586, 249.932975, 209.889433, 169.589786, 129.593642, 330.500017, 290.675416, 329.897978, 289.88657, 250.12142, 209.841169, 169.970236, 129.577524, 250.34499, 210.178822, 251.283028, 211.368421, 171.451072, 330.665857, 290.591044, 250.622753, 210.365598, 170.579009, 130.644819, 171.054294, 131.234934, 210.916105, 181.780117, 221.92467, 181.909444, 142.3231, 342.136021, 302.08752, 262.072734, 222.005961, 181.731772, 341.655632, 301.852835, 261.69973, 221.732019, 181.568794, 141.69471, 341.752691, 301.721055, 261.841366, 342.169864, 302.033705, 261.941956, 341.939181, 301.960958, 261.958459, 341.87801, 302.085129, 262.183297, 342.287828, 302.588122, 262.645927, 237.143424, 197.436703, 157.496086, 117.547582, 236.986768, 196.848927, 156.838882, 116.633934, 236.677321, 196.847214, 156.664121, 116.548996, 236.926721, 237.273802, 197.098499, 157.157391, 117.257301, 116.840464, 236.927512, 196.720448, 156.878692, 116.508864, 157.307514, 117.322036, 198.365173, 158.260316, 118.29405, 239.040342, 198.876005, 158.877278, 119.096625, 250.443994, 290.608232, 250.763556, 210.827565, 170.601647, 130.69298, 289.54253, 211.304446, 171.428547, 210.941198, 170.549356, 130.65123, 289.648284, 130.815069, 291.427944, 171.041901, 290.883374, 210.39684, 170.255134, 130.429388, 290.366367, 250.197882, 171.648147, 250.864616, 210.652188, 170.452808, 130.852191, 170.953236, 170.837119, 131.403965, 170.667045, 170.798566, 171.076797, 210.089733, 170.446919, 130.649387, 251.515978, 211.432303, 171.568909, 131.393511, 252.130944, 212.36333, 172.399711, 132.724273, 250.517711, 210.337659, 170.476985, 130.248932, 250.826984, 210.918936, 170.752247, 130.823601, 291.089632, 130.998248, 351.687723, 311.608237, 351.324776, 311.475635, 269.895062, 229.679997, 351.355425, 311.673898, 350.741103, 310.61173, 352.192926, 312.069551, 351.030106, 310.715836, 391.868631, 351.874394, 311.898995, 271.868987, 231.934116, 245.91661, 245.363348, 245.584279, 245.151583, 245.234736, 246.206974, 247.229806, 246.011058, 245.845845, 246.379476, 285.814537, 245.296248, 245.877245, 286.221452, 246.154704, 245.941803, 284.82585, 244.76041, 245.654348, 285.940316, 245.749268, 245.794947, 284.603601, 244.583045, 285.713828, 245.525411]
sync delay = 225.681383444
out notify interest = 29495.0
out beacon = 0.0
out data interest = 8285.0
out bundled interest = 0.0
out data = 13515.0
out ack = 35797.0
out bundled data = 0.0
collision rx = 460.676470588
collision tx = 18.7058823529
cache hit = 13237.0
cache hit special = 3375.0
retx_notify_interest = 7045.0
retx_data_interest = 437.0
retx_bundled_interest = 0.0
state sync duration = 225.681383444
data availability = 1.0
[96.088658, 96.068958, 96.10452, 95.949497, 95.960074, 95.982274, 96.242686, 96.159078, 96.182241, 96.133784, 153.35551, 113.299862, 153.658687, 113.549178, 193.477806, 153.55015, 193.659438, 153.455871, 193.480635, 153.449739, 153.668414, 193.487282, 153.267764, 113.314788, 153.355553, 194.053739, 153.954795, 194.055628, 194.286122, 154.351109, 154.066181, 194.280777, 154.284599, 114.197795, 195.457311, 155.479067, 195.637009, 155.593554, 115.82981, 195.412214, 155.502652, 115.656314, 195.431688, 155.344503, 115.549545, 195.681295, 156.022775, 115.789453, 195.466426, 155.411066, 115.270221, 195.714274, 155.496017, 195.494359, 155.752737, 115.558168, 195.46508, 155.637808, 115.635272, 195.468003, 155.462172, 115.393372, 195.705654, 155.609189, 195.664295, 155.567718, 195.70781, 155.71483, 195.683053, 155.797156, 195.695549, 155.599032, 195.715196, 155.671045, 151.580067, 162.205066, 202.25141, 162.399244, 122.293209, 162.125096, 122.255829, 202.189062, 162.22709, 122.229212, 202.557435, 162.710383, 122.794824, 202.477932, 162.115396, 122.446026, 202.49233, 162.292958, 202.491437, 162.522217, 122.112582, 202.423677, 162.314868, 122.45598, 162.803603, 122.940945, 163.394139, 123.536987, 202.566288, 162.580149, 122.840471, 202.91637, 162.85431, 122.130963, 162.630186, 122.626191, 364.638443, 324.451903, 284.437667, 244.420347, 204.30159, 364.817411, 324.796157, 284.602542, 244.60412, 204.628549, 365.519516, 325.764318, 285.639043, 245.469071, 205.481135, 365.804488, 325.738362, 285.834951, 245.907283, 205.922432, 245.19071, 367.069608, 327.355315, 287.43052, 247.682951, 207.419883, 247.204194, 207.166995, 166.684793, 126.800264, 206.607524, 166.557566, 366.781735, 326.986791, 287.35969, 247.420147, 207.33742, 328.863147, 289.04357, 248.99523, 209.306932, 169.300256, 129.262252, 328.637642, 288.244089, 247.864255, 207.358658, 167.199167, 127.315455, 329.476417, 289.432089, 249.511238, 209.449672, 169.411619, 129.266706, 288.885129, 329.407348, 248.893828, 208.838675, 289.197175, 249.218577, 209.39446, 329.262827, 289.204469, 249.334772, 169.165808, 209.10839, 169.435998, 129.570881, 129.644548, 329.32069, 209.193493, 289.432249, 249.57032, 209.512334, 169.409935, 129.645743, 90.766845, 91.040379, 129.945206, 90.08193, 91.585828, 91.300575, 89.169336, 90.825804, 216.701784, 176.759519, 136.602876, 96.484095, 176.335657, 136.82881, 176.348993, 136.489602, 176.859522, 136.967808, 176.360227, 136.267191, 177.039429, 137.069948, 176.85701, 136.822887, 217.301077, 177.482601, 137.044335, 217.114952, 176.886157, 136.998618, 96.772334, 297.365911, 257.207237, 217.132561, 177.349633, 137.32156, 97.312417, 176.995184, 136.927516, 97.212302, 177.228438, 137.33848, 97.513702, 297.797103, 257.66975, 297.279568, 257.285976, 217.158915, 177.306716, 137.502485, 97.607238, 297.694347, 257.459318, 217.582967, 177.451635, 137.067774, 97.167037, 218.650072, 178.819111, 138.586888, 98.723812, 297.791472, 257.764584, 217.940656, 178.089827, 138.301731, 98.642057, 96.942517, 297.696583, 257.608657, 217.558239, 177.372147, 137.302137, 97.030546, 297.432769, 257.290875, 217.069462, 177.283086, 137.355501, 97.069022, 264.142971, 223.740269, 183.615421, 105.137428, 265.094717, 224.92556, 185.301571, 145.136074, 105.341084, 264.761774, 224.607516, 184.460444, 104.642067, 105.185847, 265.346463, 225.366422, 185.375439, 264.899234, 224.577395, 184.348718, 265.827686, 225.761913, 185.661262, 145.990829, 265.079696, 225.18522, 185.459982, 145.200941, 104.968842, 104.766781, 265.495088, 225.642602, 185.476182, 145.439939, 105.382228, 145.589628, 105.528844, 144.98422, 104.998367, 144.558175, 104.531097, 145.281763, 105.223341, 145.007831, 105.099336, 148.031504, 149.057851, 147.846924, 149.765197, 147.843598, 149.703728, 148.697599, 175.990201, 215.801115, 175.880095, 216.745954, 176.751611, 215.543516, 175.165722, 216.939685, 177.058267, 217.143107, 177.330297, 215.837928, 175.823421, 177.963474, 207.356744, 208.491069, 207.941524, 208.389911, 209.025347, 208.545324, 206.331699]
sync delay = 185.423237553
out notify interest = 28120.0
out beacon = 0.0
out data interest = 8809.0
out bundled interest = 0.0
out data = 14885.0
out ack = 31216.0
out bundled data = 0.0
collision rx = 219.088235294
collision tx = 65.5882352941
cache hit = 14889.0
cache hit special = 2846.0
retx_notify_interest = 5568.0
retx_data_interest = 434.0
retx_bundled_interest = 0.0
state sync duration = 185.423237553
data availability = 1.0
[92.311814, 92.443858, 92.472319, 92.485374, 92.370473, 92.38403, 92.498267, 92.422797, 92.383978, 92.699237, 92.548944, 92.642652, 194.396235, 154.460696, 194.371453, 154.395118, 194.398896, 154.330179, 194.393482, 154.486606, 194.440765, 154.322196, 194.308511, 194.219612, 153.994007, 113.831843, 194.447718, 154.594427, 154.423603, 154.410325, 194.506851, 154.769404, 114.382033, 154.447479, 114.258404, 194.260155, 154.367594, 114.407504, 114.918731, 154.58582, 154.253612, 114.659578, 194.322721, 194.305891, 154.154943, 153.962387, 154.661669, 114.465054, 114.397103, 194.563171, 194.364665, 154.103109, 154.485569, 194.630169, 194.354426, 154.354925, 114.75907, 154.083721, 194.41094, 114.052461, 154.515221, 194.565963, 154.770053, 154.566065, 114.901251, 114.727254, 194.358646, 194.4195, 154.363677, 194.472542, 154.502705, 154.220285, 114.197094, 194.478903, 154.421738, 114.329902, 134.207995, 134.234631, 134.516033, 134.511184, 135.7781, 135.109232, 135.122174, 175.019835, 134.911862, 175.111347, 135.290258, 174.928823, 135.131912, 175.167955, 135.509251, 175.114192, 134.946613, 175.110522, 135.430468, 176.275597, 136.25948, 96.228099, 175.849719, 136.209905, 96.265269, 96.007168, 175.855311, 135.963248, 96.052048, 176.058673, 136.110424, 95.77721, 96.297541, 176.414121, 136.374004, 96.309104, 96.414684, 176.434688, 136.148813, 95.996761, 96.202363, 97.47541, 197.776931, 158.02463, 118.17344, 197.38155, 157.598387, 117.428133, 185.432014, 145.165922, 185.170389, 105.996161, 105.29938, 164.76925, 124.690982, 164.508162, 164.59952, 124.59733, 164.860674, 204.588885, 164.445687, 124.305211, 204.279485, 164.186159, 124.559982, 324.82455, 284.605337, 244.493478, 204.593799, 164.123739, 124.252124, 325.153117, 285.299393, 245.118476, 205.135745, 165.601396, 125.560527, 325.026708, 285.10025, 245.249792, 205.183079, 164.974532, 125.02266, 325.09687, 284.98617, 245.112012, 205.425794, 165.483685, 125.318473, 325.195085, 285.102196, 244.940965, 204.73018, 164.200907, 124.275514, 325.519899, 285.576901, 246.033555, 205.960367, 165.603801, 205.235955, 165.145086, 204.850487, 164.880998, 205.215823, 165.093747, 205.867539, 165.744305, 205.471028, 165.35251, 205.757466, 165.721146, 166.031189, 165.182792, 86.078147, 125.488357, 126.351203, 86.27791, 126.651637, 86.509963, 126.592883, 86.834821, 125.952581, 85.938742, 125.992012, 85.884879, 126.205805, 86.214118, 54.509741, 54.135654, 54.17444, 55.241577, 54.881018, 54.88743, 93.996475, 53.811273, 173.361008, 133.191476, 93.096782, 213.784052, 134.4923, 133.349744, 173.993423, 134.091355, 133.893661, 133.077304, 133.30458, 93.888267, 213.580666, 174.281353, 133.896942, 213.272676, 133.946218, 93.679072, 134.428286, 293.767338, 253.678982, 213.924469, 173.819671, 133.630572, 93.85422, 174.785971, 135.064293, 95.26322, 133.997212, 94.124013, 294.030602, 254.138143, 214.015684, 174.113412, 134.21549, 94.05413, 175.051002, 254.32112, 214.488935, 174.471553, 134.300753, 94.424183, 94.286059, 294.029478, 254.027351, 213.640449, 173.837385, 134.171886, 94.522713, 294.157616, 253.983581, 214.007068, 174.126346, 134.119945, 94.058899, 293.867949, 253.940105, 214.042761, 174.508593, 134.215652, 94.681168, 214.384666, 214.282455, 222.795585, 182.935432, 184.520919, 144.385552, 104.23081, 103.294155, 223.092483, 182.986263, 263.86257, 223.435511, 183.286331, 143.415691, 103.31526, 222.988386, 182.708609, 143.360973, 103.221509, 223.838962, 183.812093, 103.192373, 223.336776, 183.563904, 103.228529, 223.103465, 182.975907, 103.623076, 143.566043, 103.796443, 143.115869, 103.225122, 144.091735, 104.144289, 144.073342, 104.253518, 104.711205, 144.030247, 104.075167, 142.951069, 102.933793, 140.026561, 140.239216, 140.428817, 140.311762, 140.046142, 139.951541, 140.686639, 214.427852, 214.363932, 174.184612, 214.058815, 173.787336, 215.254859, 175.29989, 214.765752, 174.815414, 214.476136, 174.591174, 174.614526, 206.715912, 205.998998, 206.693169, 207.461877, 207.028459, 207.269001, 205.900998]
sync delay = 160.940812032
out notify interest = 27076.0
out beacon = 0.0
out data interest = 9343.0
out bundled interest = 0.0
out data = 15054.0
out ack = 33051.0
out bundled data = 0.0
collision rx = 245.735294118
collision tx = 75.2352941176
cache hit = 14772.0
cache hit special = 2260.0
retx_notify_interest = 4368.0
retx_data_interest = 376.0
retx_bundled_interest = 0.0
state sync duration = 160.940812032
data availability = 1.0
[84.868435, 84.965324, 85.058971, 84.938066, 84.929573, 84.91686, 84.931356, 84.915963, 85.09339, 85.142609, 85.164838, 89.672558, 150.065504, 110.234615, 190.107103, 149.960009, 150.370145, 110.222929, 151.928088, 111.954324, 152.071023, 112.120376, 191.644446, 151.693343, 191.649493, 151.544113, 151.729222, 111.528808, 191.658929, 151.932789, 151.863231, 112.144576, 191.899763, 191.951996, 152.117026, 112.123424, 191.727554, 151.945969, 151.890507, 192.075777, 151.796665, 111.965211, 192.284869, 152.155299, 111.827871, 193.099773, 153.009547, 112.746826, 193.196751, 153.5739, 193.129349, 153.072888, 113.006053, 193.146441, 153.09759, 112.969315, 193.381631, 153.647082, 113.468975, 193.321412, 153.126875, 193.32765, 153.322621, 193.371697, 153.585141, 193.388632, 153.521019, 193.167397, 153.180499, 113.355625, 193.184447, 152.834271, 113.056102, 193.364363, 153.136347, 193.405483, 153.508013, 94.783689, 94.874209, 94.851402, 94.62498, 134.232912, 93.91101, 94.719934, 134.65178, 94.62104, 94.773661, 134.353461, 94.503167, 94.206943, 134.103535, 94.141135, 134.380807, 94.641885, 134.585333, 94.506553, 134.544436, 94.666034, 134.412151, 94.217076, 135.014035, 95.436319, 135.095091, 95.015236, 94.443394, 135.186865, 94.924441, 135.186988, 95.108859, 134.628312, 94.649171, 95.733301, 95.522993, 95.231438, 55.220706, 95.183732, 95.683324, 96.000307, 55.803199, 95.45769, 96.403125, 96.531933, 95.959767, 96.552411, 96.390614, 96.338597, 175.542991, 135.366445, 96.809858, 175.615095, 136.003281, 175.665466, 135.817762, 175.832894, 135.828304, 175.65074, 135.624424, 176.028022, 136.02783, 96.163832, 95.787642, 96.597419, 95.788381, 95.994301, 95.541684, 96.263092, 176.315254, 136.477457, 106.041166, 95.097346, 96.652044, 96.25714, 96.754454, 98.686495, 98.137504, 98.304154, 99.098301, 145.150354, 105.319354, 144.864083, 305.647904, 265.766672, 225.938481, 185.721486, 145.755276, 105.712657, 105.860519, 185.664249, 145.981697, 105.749248, 305.367684, 265.580684, 225.84401, 185.738822, 145.601738, 105.480693, 305.277188, 265.314192, 225.339509, 185.363393, 145.486908, 105.150279, 305.83242, 265.615416, 225.710501, 185.796911, 145.433431, 105.404963, 305.092681, 265.299372, 225.204356, 185.450772, 145.124482, 104.84225, 305.872112, 265.99688, 225.926672, 186.08413, 146.272914, 106.060263, 145.801681, 105.527718, 145.63324, 146.257204, 145.826085, 145.978557, 185.719761, 145.485322, 185.667244, 145.338067, 185.796623, 145.813531, 185.85956, 145.945744, 145.364936, 186.431855, 146.385989, 106.342501, 145.71127, 185.432451, 145.183884, 186.940138, 147.148885, 111.799835, 113.16465, 111.098498, 111.810906, 111.567265, 111.659701, 112.259168, 72.002755, 71.848927, 84.501638, 44.427417, 83.91599, 43.999637, 83.817094, 44.212083, 84.243126, 44.071506, 83.978644, 44.224617, 83.39595, 43.785212, 85.632725, 45.885272, 170.911132, 130.712629, 90.960616, 130.964439, 130.996625, 130.12627, 131.196295, 131.233914, 131.535629, 91.562351, 171.279645, 131.115128, 131.702867, 91.766158, 130.772897, 170.931379, 130.677872, 90.936868, 91.201934, 131.084585, 91.021994, 170.846473, 130.670396, 90.764041, 91.420972, 170.967232, 130.985831, 90.807149, 171.396282, 131.497492, 91.412227, 172.134554, 132.435741, 92.506291, 170.941724, 130.99704, 91.208245, 101.108398, 100.879205, 180.088039, 140.092378, 99.786869, 141.002015, 140.790253, 101.094425, 101.148448, 140.862303, 101.107513, 140.40193, 100.588028, 141.076061, 101.122382, 140.944532, 100.571297, 101.753506, 180.430629, 141.133627, 101.134895, 180.874061, 140.70108, 100.605784, 181.687438, 141.871462, 102.024594, 101.971911, 182.01464, 142.453474, 102.188399, 141.402779, 100.99806, 182.631146, 142.412493, 102.368078, 182.181043, 142.229791, 102.001849, 183.015354, 143.064991, 103.18204, 101.585256, 133.708283, 133.53073, 133.050983, 133.39054, 133.920903, 135.215131, 133.686344, 204.796565, 204.086421, 204.694806, 203.989873, 204.451528, 204.322518, 206.124039]
sync delay = 136.847332115
out notify interest = 26004.0
out beacon = 0.0
out data interest = 8976.0
out bundled interest = 0.0
out data = 14471.0
out ack = 35037.0
out bundled data = 0.0
collision rx = 247.529411765
collision tx = 70.2352941176
cache hit = 14980.0
cache hit special = 2599.0
retx_notify_interest = 3213.0
retx_data_interest = 351.0
retx_bundled_interest = 0.0
state sync duration = 136.847332115
