data availability = 1.0
[261.573751, 221.007231, 261.435734, 261.476989, 261.481155, 261.533941, 261.77141, 221.912948, 261.553466, 261.529873, 261.550671, 221.612659, 261.5843, 221.600435, 261.605051, 221.69519, 261.626218, 221.633711, 261.863914, 221.71407, 261.884815, 261.684966, 221.628881, 261.64503, 221.977376, 209.56775, 289.812204, 289.796879, 249.749894, 209.87752, 209.115394, 289.814017, 290.133524, 249.982949, 290.237805, 290.286003, 290.278372, 290.377751, 290.373158, 290.497733, 290.499282, 290.370528, 290.336442, 290.462546, 290.474538, 290.460545, 290.871713, 250.633712, 290.971931, 192.566648, 273.232418, 233.704963, 193.654009, 272.914112, 232.765977, 193.019542, 273.33773, 233.196507, 314.227569, 274.190388, 314.140547, 274.110667, 314.216168, 274.674041, 314.716274, 274.522771, 315.01328, 274.948922, 315.150328, 275.416123, 315.66255, 275.806231, 333.499173, 293.402106, 253.483075, 294.333409, 293.825621, 253.698884, 374.686707, 335.139126, 294.951829, 374.993605, 334.942936, 295.069815, 375.226276, 335.006716, 295.096147, 375.435335, 335.563188, 295.669916, 336.089335, 295.882457, 255.433722, 376.725385, 336.598619, 296.693402, 376.96954, 337.247824, 297.442235, 349.260985, 309.252805, 269.00295, 229.389291, 389.150417, 349.202062, 309.375758, 269.569722, 229.77086, 349.235445, 309.234232, 269.255455, 229.308721, 308.11321, 349.054167, 309.050402, 268.871081, 228.909089, 349.151949, 308.998477, 268.937442, 228.981413, 349.488237, 309.317714, 269.419724, 229.43079, 348.832791, 308.953519, 268.675481, 228.402935, 469.134152, 428.915122, 389.189109, 349.193009, 309.035459, 469.63663, 429.650693, 389.891396, 350.015451, 310.203008, 469.92545, 429.938908, 389.794157, 349.818102, 309.615754, 470.036131, 430.478481, 390.559637, 350.608456, 310.647407, 469.978198, 429.869908, 389.742834, 349.570197, 309.462101, 470.293112, 430.583829, 390.692795, 350.694517, 310.886863, 431.168789, 390.91662, 351.284344, 310.999269, 271.248085, 231.061173, 191.071387, 432.921097, 393.674281, 353.635085, 313.472565, 273.638305, 233.730443, 193.865029, 432.990853, 392.960052, 352.836734, 313.151051, 272.971432, 232.94933, 192.731266, 353.089863, 313.211557, 273.167565, 233.163036, 393.633077, 353.579806, 353.213065, 433.740262, 393.721175, 353.752911, 314.098137, 274.203526, 234.242839, 194.120388, 393.32279, 353.250028, 313.092498, 273.302608, 233.324057, 193.411547, 394.259054, 354.723609, 434.047642, 393.987443, 354.06504, 393.97988, 354.079265, 354.144251, 314.073697, 273.710117, 394.027376, 353.997175, 313.225151, 273.27958, 233.438345, 193.51015, 394.28194, 354.179122, 434.206075, 394.638272, 354.575532, 314.299257, 274.380569, 234.150045, 194.076083, 195.340174, 433.871652, 394.0231, 354.127688, 314.166544, 274.365094, 234.340657, 194.522054, 394.737283, 354.877565, 329.399634, 289.647072, 249.285038, 209.522863, 370.408664, 330.28588, 290.374731, 250.332986, 365.982097, 326.025755, 326.653173, 366.913539, 327.006895, 287.116166, 246.90024, 286.703253, 366.009819, 326.082454, 286.300261, 246.338148, 367.393436, 327.654303, 287.745166, 247.654938, 366.255256, 326.335874, 286.031936, 246.016643, 367.928704, 327.797001, 287.70939, 247.897383, 366.198126, 325.982888, 285.937151, 245.884957, 406.679912, 366.530632, 326.593316, 286.797861, 246.53072, 287.031033, 287.960559, 288.030378, 287.894363, 287.47621, 289.259741, 287.983982, 346.574149, 348.048926, 386.354889, 346.515015, 620.577006, 580.488451, 540.86832, 500.894748, 461.186832, 621.101632, 581.098411, 541.228182, 501.200154, 461.132811, 501.785537, 621.387049, 581.632188, 542.112814, 502.32412, 462.239254, 461.970755, 620.542888, 580.535388, 540.781064, 500.287393, 460.69315, 460.266777, 621.074157, 580.884072, 541.085376, 500.681326, 460.407142, 621.362843, 581.171389, 541.356631, 501.00959, 460.70587, 621.161263, 580.915088, 541.227289, 501.432583, 461.618446, 460.459, 517.094771, 477.315376, 517.43492, 477.500016, 517.180028, 477.185565, 517.36204, 477.820731, 516.979583, 476.780862, 517.847777, 477.51596, 516.156387, 476.1097]
sync delay = 341.977313912
out notify interest = 3180.0
out data interest = 9723.0
out bundled interest = 0.0
out data = 0.0
out bundled data = 0.0
collision rx = 106.970588235
collision tx = 0.294117647059
cache hit = 11924.0
cache hit special = 2148.0
retx_notify_interest = 470.0
retx_data_interest = 638.0
retx_bundled_interest = 0.0
state sync duration = 341.977313912
data availability = 1.0
[198.800769, 198.934991, 198.959807, 198.996375, 199.082779, 199.104641, 199.336412, 159.548749, 199.674902, 159.812815, 199.725561, 261.673304, 221.680355, 261.732862, 221.817428, 261.750897, 221.825094, 261.828572, 222.027468, 261.901442, 221.810677, 262.172166, 221.860198, 261.962441, 221.596094, 290.109066, 209.987107, 210.336146, 290.35996, 250.602158, 210.627679, 290.35891, 290.346393, 290.360258, 290.335679, 290.329047, 290.353123, 290.518535, 250.357266, 210.585504, 290.427522, 290.561553, 290.454507, 290.488339, 290.471205, 290.601912, 250.675107, 210.802996, 290.623903, 290.676714, 290.665245, 250.800917, 211.084325, 191.57597, 271.868879, 231.962441, 191.80143, 271.746532, 231.765137, 191.636757, 312.103551, 272.234814, 312.492313, 272.264454, 312.271786, 272.186876, 232.483344, 192.378212, 312.078247, 272.567832, 232.652289, 192.54459, 312.674251, 272.681328, 312.388014, 272.474068, 234.113715, 233.761831, 193.799665, 313.860089, 273.686231, 233.374527, 193.268503, 372.353397, 332.437337, 292.394134, 292.913318, 373.243583, 333.302366, 293.144123, 373.360346, 333.287806, 293.464214, 374.500968, 334.622615, 295.03711, 374.80009, 334.666233, 294.552555, 375.449589, 335.906985, 295.717101, 345.051771, 305.369114, 265.239577, 225.511948, 303.905933, 464.845907, 424.469554, 384.640617, 344.755356, 304.85835, 464.951543, 424.902304, 384.840389, 344.733654, 304.838315, 465.11412, 425.219115, 385.087213, 345.102028, 305.486069, 465.12682, 425.051668, 384.963499, 345.162436, 305.370534, 465.097777, 424.940959, 384.90885, 344.854634, 305.098254, 465.237375, 425.012432, 385.117095, 345.424942, 305.537234, 346.264061, 306.609896, 345.402836, 305.099022, 265.097511, 225.331731, 345.293172, 305.436366, 265.658991, 226.019386, 346.533892, 306.251068, 265.940945, 226.121147, 346.090875, 305.845953, 265.804502, 225.935651, 346.224914, 306.070903, 266.118203, 225.949512, 346.445018, 306.468913, 266.673693, 227.030961, 267.31452, 227.433481, 310.065528, 270.42458, 230.194517, 190.585266, 390.119524, 350.133838, 351.502406, 311.16, 271.368451, 390.946793, 350.849171, 431.443538, 391.557399, 351.92638, 391.240277, 351.354742, 391.559864, 351.990708, 311.532499, 271.653196, 231.866919, 191.500445, 351.759361, 311.889919, 271.928514, 232.062419, 391.628567, 351.641186, 391.332003, 351.029868, 431.56482, 391.623208, 351.561823, 311.493523, 271.669543, 231.831374, 191.439317, 432.365182, 392.575009, 352.445806, 312.204728, 272.309059, 232.530801, 192.628379, 432.161971, 392.063707, 352.089889, 311.794165, 271.743889, 231.484846, 191.013761, 191.764131, 351.822211, 432.285093, 392.578337, 352.969322, 312.818548, 272.823777, 232.617301, 192.663431, 432.082624, 392.057427, 352.083369, 312.032415, 272.084146, 232.003051, 192.083527, 312.798269, 272.919552, 233.118046, 192.946683, 432.580195, 392.546688, 352.657558, 312.786653, 272.737128, 233.035464, 193.04529, 327.124699, 366.1892, 326.257605, 287.407333, 367.230332, 327.299228, 287.45067, 247.465493, 366.806236, 326.814923, 286.879386, 246.687254, 367.103749, 327.292686, 286.857637, 246.990146, 367.414289, 327.184358, 287.120376, 247.220572, 366.782321, 326.79478, 287.090317, 247.051478, 367.369997, 327.467667, 287.544908, 247.575949, 407.300806, 367.523533, 327.682834, 287.900726, 248.00162, 286.426829, 286.403917, 285.264102, 286.715837, 286.093116, 284.853405, 285.725843, 345.241734, 384.966723, 344.944265, 346.262135, 620.380327, 580.726047, 540.930751, 619.598861, 579.661993, 540.085706, 500.199401, 459.990833, 620.329984, 580.592206, 540.4843, 500.277986, 460.097699, 619.787311, 579.911501, 539.8433, 499.516356, 459.528207, 621.201185, 581.127982, 541.39983, 501.630879, 461.400596, 460.432765, 621.528465, 581.549236, 541.305698, 501.437918, 461.469359, 501.208398, 461.503736, 461.289173, 620.608094, 580.361348, 539.958904, 500.090888, 460.123729, 501.856112, 462.251644, 514.731117, 475.24339, 515.063625, 475.453184, 514.436914, 474.244907, 515.166422, 475.295438, 514.882523, 474.895867, 514.883109, 475.015646, 515.912914, 475.983369]
sync delay = 334.715044091
out notify interest = 3297.0
out data interest = 9578.0
out bundled interest = 0.0
out data = 0.0
out bundled data = 0.0
collision rx = 116.294117647
collision tx = 0.764705882353
cache hit = 12820.0
cache hit special = 2327.0
retx_notify_interest = 466.0
retx_data_interest = 669.0
retx_bundled_interest = 0.0
state sync duration = 334.715044091
data availability = 1.0
[197.598233, 197.77039, 197.764169, 198.158593, 158.002769, 197.939885, 197.952357, 197.938733, 199.751052, 160.100728, 199.798353, 159.825903, 260.705622, 220.737062, 260.766653, 220.821916, 260.829214, 220.961072, 261.09208, 220.820277, 260.923814, 220.862124, 260.966819, 221.139049, 260.994277, 221.041109, 290.049516, 250.25206, 210.455452, 209.897439, 169.897426, 210.31856, 290.608663, 250.621202, 210.833834, 290.812411, 290.796341, 290.809597, 290.78179, 290.898259, 291.070589, 250.841906, 210.790987, 290.973034, 251.201741, 291.01242, 251.112612, 291.014737, 251.303613, 291.220042, 251.057031, 211.049004, 291.122343, 251.179721, 291.176436, 291.292571, 251.308855, 291.267516, 251.430403, 291.392681, 251.595948, 211.51464, 171.668593, 291.571584, 189.119312, 269.618466, 229.54688, 189.832237, 231.23504, 191.220212, 310.707162, 270.652824, 231.6693, 311.245356, 271.109307, 311.417725, 271.522762, 311.896153, 272.178508, 312.175815, 272.056705, 312.782874, 272.632779, 192.856917, 232.827778, 192.568481, 272.883447, 233.32516, 193.002315, 252.047031, 211.828093, 332.557472, 292.468433, 332.43805, 292.156683, 332.927371, 293.047018, 332.887289, 292.93294, 333.106609, 292.80194, 373.752831, 334.032821, 294.127403, 254.105248, 213.897054, 373.866181, 333.903594, 294.313943, 254.403297, 294.027404, 334.158619, 294.268394, 374.404564, 334.461162, 294.595061, 254.485175, 213.957044, 374.61664, 334.366715, 294.696841, 255.018905, 214.97522, 375.504578, 335.522842, 295.784181, 255.901554, 215.786588, 375.783343, 335.586429, 295.534888, 255.477081, 215.543417, 217.05167, 283.636137, 243.396033, 203.795315, 163.778928, 204.557167, 284.982298, 244.873062, 204.565775, 285.127783, 244.798612, 204.319517, 164.659242, 284.834026, 244.947876, 205.195818, 165.342363, 164.616736, 245.641048, 284.880838, 244.697573, 204.529547, 164.582293, 285.334196, 245.698489, 205.772215, 165.567152, 284.737211, 245.056908, 205.092015, 165.290178, 181.548714, 181.385227, 182.042609, 181.971696, 181.283385, 221.826836, 182.104407, 309.972042, 269.76531, 229.592364, 189.717761, 389.420713, 349.471156, 309.557762, 349.870447, 310.176572, 270.176932, 229.921177, 389.642133, 349.905987, 350.455888, 310.295383, 270.258201, 390.179856, 350.223021, 310.453681, 310.554922, 270.605797, 230.217921, 190.598047, 390.451748, 350.223416, 310.221329, 430.47162, 390.616541, 350.480759, 390.614055, 350.855379, 310.802915, 430.182781, 389.990116, 350.036893, 309.760629, 269.796586, 229.86081, 190.101203, 430.570415, 390.447803, 350.557536, 310.744906, 270.484799, 230.582148, 190.768959, 350.68811, 310.855358, 311.012343, 270.971044, 230.972829, 191.169434, 430.91939, 390.860672, 350.996144, 311.043821, 271.125241, 231.248245, 191.26571, 430.774348, 390.838393, 350.828672, 310.598339, 270.481387, 230.168347, 190.211315, 430.99881, 390.639945, 350.558154, 310.775438, 271.005479, 231.210427, 191.250917, 390.974769, 351.197914, 431.269348, 391.078799, 351.005946, 310.62647, 270.473688, 230.988459, 191.173078, 335.629778, 295.483501, 295.76148, 286.496939, 367.075078, 327.3613, 287.235376, 247.290196, 367.820081, 327.915186, 287.797204, 248.003711, 366.127992, 326.041159, 286.113891, 246.22105, 365.947871, 326.046919, 285.919879, 246.143883, 366.324307, 326.167942, 286.520451, 246.720663, 366.953188, 327.270743, 287.087996, 246.906827, 366.717016, 326.750881, 286.620571, 246.395078, 276.676461, 277.524271, 276.552225, 277.662014, 277.819156, 277.703349, 276.863985, 344.616579, 384.855602, 344.941293, 343.631327, 498.757707, 458.907605, 578.62027, 538.755688, 498.643772, 458.85712, 578.40737, 538.169955, 498.108602, 457.939393, 458.61024, 618.366754, 578.538851, 539.017685, 499.079822, 459.116534, 619.019858, 579.095223, 539.707615, 499.487222, 459.534132, 579.427761, 539.8928, 499.838842, 459.721342, 618.706275, 578.638263, 538.846539, 499.005983, 458.981853, 579.716398, 539.650968, 499.696417, 460.118886, 498.97456, 458.837702, 459.635762, 472.345789, 472.173916, 511.728327, 472.011101, 472.01644, 471.73594, 472.174059]
sync delay = 307.674620906
out notify interest = 3498.0
out data interest = 9059.0
out bundled interest = 0.0
out data = 0.0
out bundled data = 0.0
collision rx = 127.205882353
collision tx = 0.941176470588
cache hit = 13733.0
cache hit special = 2811.0
retx_notify_interest = 468.0
retx_data_interest = 631.0
retx_bundled_interest = 0.0
state sync duration = 307.674620906
data availability = 1.0
[104.711283, 104.850121, 104.868904, 197.510669, 197.49452, 197.518655, 197.557926, 197.79602, 157.730127, 197.781216, 197.560933, 197.595561, 197.76152, 157.757011, 197.80903, 157.774006, 251.571701, 211.763807, 251.591499, 211.809718, 251.835273, 251.622968, 211.773272, 251.659449, 211.59304, 251.886748, 211.791494, 251.661664, 211.781991, 251.624626, 211.543113, 243.788924, 246.6922, 207.112819, 206.363744, 166.275592, 207.225509, 167.136585, 206.670224, 246.64488, 206.524767, 246.088472, 205.914625, 286.613517, 246.588843, 206.560748, 166.268935, 206.50448, 246.385673, 206.212647, 246.382096, 206.402007, 166.638438, 246.010849, 205.783174, 246.474008, 206.389669, 247.013026, 206.842832, 246.31841, 206.532684, 246.318762, 206.450944, 286.541535, 286.525948, 286.516958, 286.54046, 286.515052, 286.585368, 246.734411, 286.580066, 246.77184, 286.603308, 246.713394, 286.622279, 246.771306, 286.640143, 246.58255, 286.533867, 286.597314, 246.590647, 182.646447, 182.506329, 142.608762, 182.175917, 142.17239, 142.19973, 141.461761, 187.737692, 288.815543, 368.504786, 328.459699, 288.73795, 248.312167, 208.324051, 368.340216, 328.546373, 288.525957, 248.940807, 209.026713, 368.433612, 328.478981, 288.78949, 248.918663, 208.788558, 368.39511, 328.37639, 288.384047, 248.477332, 208.386388, 368.576875, 328.667734, 288.494603, 248.159129, 208.218138, 368.661973, 328.91964, 288.847567, 248.806627, 208.876422, 329.165168, 289.389437, 328.881381, 288.727653, 328.662065, 288.842032, 328.976422, 288.752701, 328.870883, 288.783644, 328.603315, 288.680984, 249.437916, 209.244205, 208.610338, 200.80278, 280.681068, 240.561613, 200.586269, 160.769929, 281.161513, 241.028405, 201.115872, 161.176565, 280.76997, 240.90952, 201.113754, 161.617991, 280.732368, 240.805863, 200.84992, 160.754888, 280.873712, 241.126231, 201.407335, 161.387939, 280.471513, 240.564362, 200.625234, 160.462701, 280.723643, 241.038944, 201.311766, 161.232639, 218.030147, 178.190677, 178.26127, 178.790013, 177.947544, 177.101019, 178.097783, 178.768252, 426.430854, 386.470966, 346.662479, 306.58986, 266.514197, 426.15103, 385.437075, 345.345534, 305.34784, 265.354721, 225.02143, 185.036362, 346.472045, 306.337423, 426.313793, 386.589608, 346.327658, 306.448599, 266.613011, 226.412755, 186.161524, 426.217364, 386.60937, 346.532707, 306.453632, 266.48205, 226.489294, 186.633074, 426.73913, 386.772799, 346.565351, 386.432004, 346.207698, 306.063888, 306.315761, 266.341176, 226.179889, 186.41552, 347.081436, 306.993287, 267.463593, 227.17568, 386.865438, 346.619904, 306.558801, 426.335999, 386.496877, 346.898457, 306.991083, 266.814969, 226.891449, 187.219911, 307.256676, 266.99398, 226.69561, 186.723333, 426.805294, 387.149797, 347.159459, 307.112482, 267.250225, 227.448104, 187.247984, 226.85857, 186.986302, 385.910631, 345.596342, 386.745831, 346.52743, 307.41572, 267.58184, 227.457551, 187.730262, 387.606657, 347.926249, 307.817286, 348.099551, 308.336164, 268.358892, 387.698399, 347.558246, 307.075323, 307.714053, 292.752697, 252.684632, 332.060544, 292.065528, 333.180445, 292.924913, 332.323414, 292.12786, 332.072167, 292.185913, 331.90336, 291.800891, 332.729875, 292.837137, 332.123882, 291.944547, 252.113316, 286.718425, 286.527173, 246.529162, 285.303337, 245.455589, 286.15105, 246.350766, 286.288534, 246.338769, 286.375624, 246.576577, 365.47116, 325.474482, 285.590134, 245.843932, 285.974416, 245.756404, 279.602822, 279.330938, 279.674188, 279.153849, 277.619913, 278.514857, 278.923157, 343.078306, 342.492179, 342.052495, 498.012419, 457.887521, 577.466326, 537.480725, 497.164215, 457.196546, 576.938571, 536.96341, 497.264916, 457.106664, 457.52668, 576.74444, 536.844768, 496.736352, 456.721182, 457.41451, 616.332789, 576.143699, 536.321311, 496.295917, 456.576128, 617.515001, 577.528467, 537.55262, 497.076578, 456.960234, 576.541265, 536.498021, 496.382779, 456.048309, 457.853788, 577.417623, 537.190932, 497.601266, 457.434713, 472.430375, 473.232628, 471.808841, 473.147538, 471.602453, 472.469357]
sync delay = 294.241282215
out notify interest = 3407.0
out data interest = 7671.0
out bundled interest = 0.0
out data = 0.0
out bundled data = 0.0
collision rx = 147.852941176
collision tx = 8.41176470588
cache hit = 13351.0
cache hit special = 3752.0
retx_notify_interest = 202.0
retx_data_interest = 202.0
retx_bundled_interest = 0.0
state sync duration = 294.241282215
data availability = 1.0
[101.579257, 101.669566, 101.704827, 195.543228, 195.569012, 195.836086, 156.021474, 195.612308, 195.631412, 195.840679, 195.626352, 195.677987, 195.874775, 155.632699, 195.921087, 155.894987, 246.020929, 205.924035, 246.098615, 205.962257, 246.134549, 206.014098, 246.398168, 206.338614, 246.421916, 246.205949, 206.269256, 246.224767, 205.966578, 246.290552, 205.802811, 240.283477, 207.422321, 167.597908, 127.40356, 207.065305, 167.305549, 206.754131, 166.618516, 206.49886, 167.009863, 126.989561, 246.812744, 206.831446, 166.943439, 246.847021, 206.860969, 247.019844, 207.385609, 246.55172, 206.85721, 246.953465, 206.913133, 247.138771, 207.61897, 167.380187, 127.465185, 246.936947, 207.255404, 287.084378, 247.518399, 207.25854, 167.532398, 127.26559, 246.939608, 206.930874, 246.849472, 206.98718, 246.969653, 206.799391, 286.965055, 286.956383, 286.947029, 286.937564, 286.92858, 286.978739, 246.796611, 287.026912, 246.564603, 287.020364, 246.976404, 287.002093, 247.08759, 287.018021, 246.865428, 286.944927, 287.055324, 247.302286, 186.817354, 367.086348, 327.089471, 286.953112, 247.193638, 207.443191, 366.780055, 326.981786, 286.947221, 247.193374, 207.456943, 367.000231, 326.825522, 286.986828, 247.030101, 206.976855, 367.000887, 326.998022, 287.46904, 247.452804, 207.841487, 366.859984, 326.814837, 286.518635, 246.754207, 206.758689, 290.185641, 369.977792, 330.154246, 289.681187, 249.538445, 209.278023, 329.930576, 290.057432, 329.802748, 289.57591, 330.34093, 290.082738, 329.637457, 289.63741, 329.62906, 289.584393, 330.204607, 290.39358, 250.040511, 209.919819, 211.003154, 199.290674, 279.231832, 239.255179, 199.199569, 159.097655, 279.299306, 239.18297, 199.392427, 159.61166, 279.697012, 239.683372, 199.822256, 159.631399, 279.660987, 239.748742, 199.705429, 159.716101, 279.23372, 239.141532, 199.234887, 159.213207, 279.514277, 239.435489, 199.305453, 159.287213, 280.01027, 239.977359, 200.341279, 160.334248, 213.177649, 173.337192, 172.737464, 172.543381, 173.270612, 173.52651, 173.218994, 174.317856, 305.958584, 266.232043, 226.097412, 186.146999, 146.049748, 385.929597, 346.088044, 306.150757, 346.539596, 306.058004, 265.619455, 225.562743, 185.333132, 425.236895, 385.270774, 345.348724, 305.346381, 265.62425, 225.682539, 185.591817, 425.135359, 385.181679, 345.186431, 305.24755, 265.073017, 224.956717, 185.002535, 425.723412, 385.746733, 345.682148, 305.605332, 265.737203, 225.836166, 185.517523, 425.193934, 385.108277, 345.074725, 305.020635, 264.917479, 224.982591, 184.748332, 345.803752, 305.884864, 265.733303, 225.716566, 185.93128, 425.901665, 385.981342, 345.775326, 305.757649, 266.206793, 226.126662, 185.815966, 425.410466, 385.469629, 345.698825, 305.610439, 265.477455, 225.711958, 185.741583, 307.865912, 267.874308, 227.947266, 188.03754, 387.170368, 347.132344, 307.15806, 346.590538, 306.496827, 266.700183, 226.611196, 186.863276, 147.233063, 387.134277, 347.09177, 307.052059, 427.483648, 387.800784, 347.792333, 387.001066, 346.702541, 306.783516, 387.554538, 346.845705, 306.620164, 307.717039, 267.827543, 227.64333, 187.89001, 147.808771, 268.246508, 228.214252, 188.304832, 387.36411, 347.17453, 307.194498, 211.29651, 330.811063, 290.829687, 250.873236, 210.892687, 331.250789, 290.885138, 250.904832, 210.935249, 330.225123, 290.220893, 250.121005, 209.984964, 331.7915, 292.032294, 252.299843, 212.648984, 330.10727, 290.076053, 250.148496, 210.348282, 329.652118, 289.513572, 249.422331, 209.427681, 210.90387, 395.312024, 355.235636, 315.076544, 274.988507, 395.143149, 355.316239, 315.302267, 274.970505, 435.458681, 395.627916, 355.537872, 315.474699, 275.449324, 394.668372, 354.462608, 314.117965, 274.09255, 394.432507, 354.34831, 314.478251, 274.280516, 394.923052, 354.564651, 314.381009, 274.655752, 274.495336, 274.800874, 314.241631, 273.955543, 274.173231, 274.584716, 274.12701, 274.816702, 395.046599, 354.879158, 314.830013, 274.305417, 274.729135, 341.477245, 342.45379, 468.760652, 468.629529, 468.437609, 467.917116, 467.911344, 469.500652]
sync delay = 268.868870476
out notify interest = 3568.0
out data interest = 7519.0
out bundled interest = 0.0
out data = 0.0
out bundled data = 0.0
collision rx = 161.911764706
collision tx = 9.76470588235
cache hit = 14181.0
cache hit special = 3960.0
retx_notify_interest = 226.0
retx_data_interest = 252.0
retx_bundled_interest = 0.0
state sync duration = 268.868870476
data availability = 1.0
[98.50026, 98.560187, 98.572365, 195.22172, 195.241574, 195.240674, 195.29895, 195.509453, 195.290693, 195.470307, 155.409356, 195.328388, 195.581258, 155.56162, 196.269097, 156.552876, 234.386048, 234.359813, 194.652654, 234.751205, 195.076713, 234.557204, 194.445403, 234.594667, 194.822679, 234.617745, 194.875019, 234.616588, 194.831049, 234.689409, 194.741753, 240.22787, 240.653498, 240.621426, 240.94901, 240.734825, 241.153061, 241.174972, 206.685231, 166.416344, 126.396236, 206.530843, 166.208864, 126.080518, 206.658183, 166.26195, 206.455286, 166.157246, 126.506617, 246.190921, 206.20057, 166.132997, 206.049801, 166.077676, 125.822693, 206.260563, 166.043077, 126.11407, 246.708099, 206.755698, 246.48221, 206.337184, 166.549971, 126.354869, 206.755667, 166.592365, 126.518729, 206.189423, 166.861562, 127.222855, 246.403223, 206.240387, 166.144972, 125.980121, 206.61033, 166.560696, 126.441255, 286.453717, 246.215601, 286.421137, 246.75716, 286.445057, 246.44895, 286.442379, 246.465085, 286.490533, 246.568338, 286.3873, 286.427505, 286.40035, 286.423038, 286.416759, 286.490574, 245.924528, 206.533784, 166.520854, 126.680031, 286.605812, 246.635167, 206.404904, 166.467073, 126.293403, 286.47859, 366.961008, 327.204364, 287.717595, 247.755311, 207.829951, 366.721578, 326.683617, 286.383361, 246.382449, 206.462596, 366.370572, 326.298745, 286.331959, 246.306479, 206.197706, 366.721043, 326.604606, 286.870695, 246.954864, 206.792388, 366.665528, 326.587627, 286.589636, 246.460781, 206.721974, 326.765145, 286.511512, 366.689753, 326.636597, 286.727395, 246.935236, 206.939011, 287.478137, 247.779471, 207.760012, 209.936654, 249.678323, 209.381579, 329.282843, 289.254851, 329.692601, 289.516228, 330.019424, 289.934358, 329.651584, 289.584433, 330.454174, 290.523198, 222.492832, 182.157597, 142.095089, 183.869299, 222.095191, 181.970381, 342.817734, 302.787884, 262.860324, 342.433709, 302.60652, 262.587188, 183.157699, 223.156507, 183.112196, 143.166431, 342.618168, 302.652514, 262.572864, 342.759051, 302.840082, 262.722618, 342.288903, 302.411737, 262.427258, 343.068068, 302.886417, 263.089789, 343.172135, 303.352281, 263.339137, 277.150706, 236.891015, 197.237528, 157.560825, 238.051277, 277.396508, 237.513136, 197.341132, 157.37977, 197.677967, 159.853488, 119.845278, 159.31797, 119.220792, 279.3939, 239.435295, 199.285305, 159.134156, 279.760562, 239.679408, 199.629898, 159.502946, 280.772412, 240.758854, 201.121214, 161.199305, 279.599483, 239.452387, 199.4569, 159.649239, 240.300738, 200.144809, 160.059939, 120.388164, 279.336629, 239.439229, 199.124112, 159.018234, 239.396963, 199.230413, 159.169219, 119.305934, 120.445987, 239.855296, 199.777445, 159.834012, 119.889577, 199.506961, 239.53057, 199.490704, 159.899409, 119.776583, 240.300942, 200.102713, 160.00337, 120.007277, 239.819697, 200.132123, 160.161147, 120.13165, 211.482281, 171.528507, 131.384239, 290.778119, 212.529671, 172.83603, 132.722348, 292.245557, 251.968329, 211.869112, 171.953736, 131.744546, 212.072803, 172.195791, 292.049495, 171.941169, 131.90103, 292.351033, 293.074399, 131.738571, 292.442436, 171.990692, 173.774114, 171.804975, 171.922599, 172.09039, 252.4853, 212.449867, 172.146303, 132.228342, 252.179043, 212.456538, 172.618683, 132.554448, 252.288495, 212.468751, 172.591071, 132.479527, 253.745016, 213.900502, 174.196035, 134.373015, 252.010136, 211.973398, 172.047834, 131.881523, 171.737674, 292.754511, 133.011368, 252.245255, 212.227663, 172.159598, 132.167171, 352.519884, 312.462284, 352.473413, 312.332577, 272.416835, 232.197635, 352.930751, 312.625972, 353.53202, 313.495832, 244.83792, 245.4202, 245.243712, 245.422733, 247.151891, 245.461755, 245.876507, 285.75017, 245.480798, 286.54516, 285.884585, 245.901222, 285.579274, 245.972172, 273.725523, 392.905208, 353.063117, 313.052255, 273.173257, 433.479395, 393.59783, 353.758739, 313.65476, 273.692777, 273.575566, 272.442166, 272.895577, 273.199196, 273.33195, 273.563563, 273.499014, 393.234875, 353.072406, 312.879333, 272.887464]
sync delay = 231.102916732
out notify interest = 3939.0
out data interest = 8669.0
out bundled interest = 0.0
out data = 0.0
out bundled data = 0.0
collision rx = 349.235294118
collision tx = 18.1764705882
cache hit = 13070.0
cache hit special = 2987.0
retx_notify_interest = 456.0
retx_data_interest = 433.0
retx_bundled_interest = 0.0
state sync duration = 231.102916732
data availability = 1.0
[95.568606, 95.618374, 95.666093, 95.490804, 95.548959, 95.525596, 95.632036, 95.534547, 95.561506, 95.588791, 154.885422, 115.062287, 194.401214, 154.44269, 194.58194, 194.396555, 154.428513, 154.47466, 114.426266, 154.618035, 194.426358, 154.360984, 194.468898, 154.229795, 194.711575, 154.492145, 194.384218, 154.006504, 113.7866, 194.504099, 154.501309, 194.714904, 154.964582, 114.547371, 194.494646, 154.47695, 194.670968, 155.023733, 194.719494, 154.976253, 195.511147, 155.634289, 115.777704, 195.462684, 155.70749, 195.505297, 155.432494, 195.501743, 155.432561, 195.576869, 155.456205, 195.520948, 155.442347, 195.514325, 155.787576, 190.860281, 191.096624, 150.807351, 151.249668, 151.659904, 231.360946, 192.05918, 152.059704, 231.367723, 191.833453, 152.058954, 231.39157, 191.480272, 150.957473, 231.395171, 191.264407, 151.097649, 231.476537, 191.434153, 151.489882, 201.085701, 161.199795, 121.289953, 161.494995, 121.580455, 161.951835, 122.261297, 201.550807, 161.343258, 121.347063, 201.802408, 162.140383, 122.009924, 201.878721, 161.819463, 121.944552, 162.105864, 122.198119, 201.483244, 161.630344, 121.781608, 201.573534, 161.420096, 121.455075, 161.832698, 121.383729, 201.363287, 161.363485, 121.427393, 201.921454, 161.714052, 121.262204, 161.773113, 201.376019, 161.426762, 364.894598, 325.057199, 284.955986, 244.966243, 365.580022, 325.844212, 286.29394, 246.255257, 206.407979, 365.009639, 325.090663, 284.947774, 245.221161, 204.806177, 289.697174, 249.281448, 209.163493, 209.28883, 248.873594, 208.767143, 168.539601, 209.433142, 369.271964, 329.176133, 289.096579, 249.151595, 208.786629, 369.764608, 329.820558, 290.017337, 250.150213, 209.868585, 369.658086, 329.582058, 290.003074, 250.065513, 209.947578, 329.612003, 289.360739, 249.502348, 209.717338, 169.479946, 129.678901, 330.111842, 289.82109, 249.939997, 209.655989, 169.355444, 129.324977, 329.559112, 289.727766, 249.78045, 209.364512, 169.226141, 129.350603, 330.110652, 290.326722, 250.433879, 210.725144, 170.480392, 130.722441, 330.578828, 290.793393, 250.681926, 210.528917, 170.474175, 130.850082, 250.452561, 210.338158, 170.338561, 130.46754, 330.438689, 290.323278, 250.403712, 210.373245, 170.429881, 130.403235, 90.414995, 90.412113, 90.927893, 91.047139, 217.586881, 177.786111, 137.962477, 98.103145, 176.746074, 178.033072, 138.119553, 177.156886, 136.914513, 177.711678, 137.887247, 177.01456, 136.935689, 217.21323, 176.913166, 137.04242, 97.132647, 297.719902, 257.767378, 177.192046, 297.892721, 257.660691, 217.823203, 177.894187, 137.600097, 97.882416, 177.662554, 137.595331, 97.617022, 297.054389, 256.960219, 216.656454, 176.710359, 136.689029, 96.53571, 217.581042, 177.350656, 137.160494, 298.619755, 258.701395, 218.587735, 178.479522, 138.626523, 98.447367, 218.75539, 178.456216, 138.154006, 98.321812, 297.251544, 257.239531, 217.423178, 177.302822, 137.307851, 97.346638, 298.550845, 258.423541, 218.300273, 178.626331, 138.493825, 98.419905, 98.453974, 297.790691, 257.581237, 217.636317, 177.701216, 137.582119, 97.784603, 264.070787, 224.273679, 184.55181, 264.536498, 224.920441, 185.429627, 145.44795, 105.274517, 104.759713, 265.243588, 225.586948, 185.370572, 184.167638, 144.08201, 104.177802, 264.834629, 224.805693, 184.825244, 105.580392, 264.969792, 225.109199, 185.391719, 264.881838, 224.730474, 184.92261, 144.970538, 264.717664, 224.720032, 184.476079, 104.402834, 264.49951, 224.690433, 184.39415, 144.019437, 104.085156, 144.543748, 104.489676, 184.263396, 144.228488, 104.182487, 145.107322, 105.246741, 225.210078, 185.330404, 145.482832, 105.279494, 144.525681, 104.677317, 183.938003, 143.963755, 145.621838, 105.853177, 145.808053, 145.639498, 148.400112, 148.844611, 148.307722, 149.342032, 149.176772, 149.356799, 148.151569, 215.405389, 175.610165, 214.84993, 174.473875, 214.677744, 174.639365, 215.513103, 175.42599, 175.490265, 214.629034, 174.231089, 214.65118, 174.358029, 175.391251, 206.608563, 207.704759, 207.134163, 207.281465, 208.361352, 208.105897, 207.31452]
sync delay = 188.996868329
out notify interest = 4054.0
out data interest = 9139.0
out bundled interest = 0.0
out data = 0.0
out bundled data = 0.0
collision rx = 215.941176471
collision tx = 69.0
cache hit = 15690.0
cache hit special = 2473.0
retx_notify_interest = 318.0
retx_data_interest = 386.0
retx_bundled_interest = 0.0
state sync duration = 188.996868329
data availability = 1.0
[93.116829, 93.27004, 93.148021, 93.204733, 93.188877, 93.187341, 93.214879, 93.380629, 93.389821, 93.399612, 93.479857, 93.412983, 153.390683, 113.443562, 193.130072, 152.792394, 152.934144, 112.971151, 153.314902, 113.115497, 193.123661, 153.018276, 153.357215, 113.079363, 193.165493, 152.871975, 153.814923, 113.89172, 193.17651, 152.950681, 153.245941, 113.423376, 193.260365, 153.133887, 195.42886, 155.25094, 195.202592, 155.115328, 195.369293, 155.457547, 115.344768, 195.145, 155.077, 115.091924, 195.412726, 155.100017, 195.191376, 155.177584, 115.283237, 195.417407, 155.410833, 115.49841, 195.195882, 155.234721, 115.014787, 195.190428, 154.99512, 114.894226, 195.166604, 155.163956, 115.523876, 195.403482, 155.479844, 195.187576, 154.985236, 114.86126, 195.367661, 155.354182, 195.384314, 155.181983, 195.398425, 155.798159, 195.424757, 155.255371, 195.421668, 155.160995, 123.795184, 134.739509, 135.32477, 134.62358, 134.620827, 135.296378, 174.939907, 134.8776, 175.193059, 135.424957, 135.409261, 135.187037, 174.848278, 134.700094, 175.395963, 135.242764, 175.799423, 135.726781, 175.15516, 135.108251, 96.872211, 176.412851, 136.330261, 96.06802, 196.758772, 156.527983, 116.869563, 116.976614, 196.615886, 156.132696, 116.296015, 196.473649, 155.977114, 116.119994, 117.013402, 157.133273, 116.991188, 196.775411, 156.790425, 117.140482, 117.618675, 196.651505, 156.59386, 116.548806, 196.37435, 156.489343, 116.74191, 117.712484, 185.230347, 145.540604, 185.870735, 146.16663, 106.405705, 165.689248, 165.47229, 204.776935, 164.221035, 164.499909, 124.553409, 325.231614, 285.211403, 244.822395, 205.011801, 164.961931, 324.844101, 284.391494, 244.45352, 204.278614, 164.425722, 325.228752, 285.202418, 245.336946, 205.392904, 165.739866, 324.862062, 285.041962, 244.778153, 204.954989, 164.825454, 325.147525, 285.662263, 245.557077, 205.30977, 165.239666, 325.613942, 285.939754, 245.771077, 206.08728, 166.127632, 165.149758, 205.556224, 165.451519, 205.212147, 165.099395, 125.121346, 205.569104, 165.583387, 204.971015, 165.002761, 205.298847, 85.643438, 125.575765, 126.11224, 86.228832, 125.959622, 86.311949, 125.372412, 85.429283, 208.773492, 168.761606, 129.069193, 89.240292, 167.862174, 127.722454, 87.723557, 209.122386, 169.325771, 129.346874, 89.314858, 95.312073, 55.237953, 56.412801, 57.322753, 55.630751, 56.690797, 56.524426, 55.581692, 294.083419, 254.141708, 214.395471, 174.307364, 134.228184, 94.242101, 173.771179, 133.99459, 175.146596, 135.032702, 95.0903, 173.729525, 133.632715, 174.050688, 134.337618, 175.299383, 135.172364, 94.089976, 293.779709, 253.838384, 213.806434, 174.032573, 134.204302, 93.905753, 173.518873, 133.796076, 174.859639, 134.764644, 294.247271, 254.188118, 214.274187, 174.374392, 134.526067, 94.627193, 213.848541, 173.716512, 133.236022, 93.275073, 174.730275, 294.239207, 254.06597, 214.239712, 174.429753, 134.25314, 94.296087, 214.792086, 174.718341, 134.736878, 94.861723, 134.08409, 93.911813, 215.041232, 174.983581, 134.78477, 95.144506, 214.579414, 294.484935, 254.328484, 213.705491, 214.088239, 173.942022, 133.936995, 94.175075, 214.424742, 175.297498, 135.492161, 214.770358, 214.848249, 174.798104, 134.671229, 94.824174, 213.959151, 183.151586, 142.937967, 102.766725, 143.911402, 103.855691, 102.186982, 142.539808, 102.404581, 142.244974, 101.734022, 143.102765, 103.107581, 142.118205, 101.95005, 142.920347, 103.33731, 223.165806, 182.838423, 102.649107, 221.842778, 181.976153, 143.265617, 103.314191, 222.788332, 182.724218, 101.950268, 222.913766, 183.13877, 102.529442, 262.15087, 222.242343, 181.977433, 141.653211, 222.285136, 182.173704, 222.674238, 182.515803, 104.249068, 137.844921, 140.076057, 139.187387, 139.855071, 139.737074, 139.829618, 139.118572, 215.388678, 175.655328, 214.441558, 174.404463, 215.052936, 174.855733, 215.458751, 175.342831, 173.634439, 215.032294, 174.7917, 214.964202, 175.100887, 205.372005, 206.827256, 207.44718, 206.361224, 207.224692, 206.862844, 206.195135]
sync delay = 163.539690632
out notify interest = 4438.0
out data interest = 9122.0
out bundled interest = 0.0
out data = 0.0
out bundled data = 0.0
collision rx = 206.147058824
collision tx = 71.1176470588
cache hit = 15486.0
cache hit special = 2423.0
retx_notify_interest = 328.0
retx_data_interest = 318.0
retx_bundled_interest = 0.0
state sync duration = 163.539690632
data availability = 1.0
[85.173628, 85.272909, 85.384486, 85.254089, 85.227673, 85.225995, 90.09332, 90.127412, 90.287021, 90.315903, 90.330583, 90.406527, 150.576398, 110.28934, 190.491781, 150.452348, 150.38678, 110.478117, 190.505547, 150.338776, 150.735571, 110.789205, 190.519167, 150.28184, 150.743091, 110.900776, 151.059539, 111.355992, 150.397145, 110.821211, 192.841243, 153.071798, 192.904889, 152.956058, 193.010407, 152.702592, 112.773585, 193.246977, 153.693853, 193.022183, 152.983491, 112.919425, 193.261902, 153.128679, 113.064074, 193.195032, 153.256508, 193.014897, 153.04784, 112.72447, 193.250774, 153.433232, 193.279501, 153.484386, 112.937432, 193.055985, 153.41977, 113.435713, 193.376714, 153.095277, 112.767564, 193.153521, 153.118617, 193.270758, 153.252081, 193.287173, 153.569468, 193.276036, 153.196842, 193.116825, 153.374476, 193.27183, 153.324548, 113.364498, 73.693575, 193.203548, 153.222504, 112.967448, 94.867277, 95.356633, 95.247595, 94.745273, 134.645399, 94.614743, 134.732867, 94.300662, 135.008706, 95.114724, 95.702103, 134.89376, 94.909888, 95.15235, 135.510921, 95.486696, 94.605633, 135.095416, 94.678792, 95.598483, 135.02227, 95.013539, 135.06692, 95.070394, 135.299418, 95.436326, 135.141369, 95.299987, 135.507246, 95.7475, 135.252411, 95.084988, 135.529518, 95.49904, 94.612786, 94.145347, 94.411708, 54.469907, 94.531547, 94.206688, 94.316075, 54.366788, 94.356664, 94.516323, 94.865328, 94.563597, 95.306438, 95.543329, 94.677693, 176.088507, 135.895545, 96.15164, 96.344678, 96.034545, 96.21878, 96.78768, 96.127024, 96.498375, 176.631491, 136.60765, 176.300587, 136.519695, 176.15531, 136.230125, 137.23611, 176.371199, 136.763843, 96.142593, 176.43997, 135.999303, 105.338384, 96.587914, 97.5712, 97.328718, 97.179086, 97.291108, 97.33819, 97.012648, 97.791416, 145.850275, 106.066287, 106.585816, 186.944245, 146.932569, 106.99002, 146.433525, 106.815493, 146.661546, 306.360305, 266.136843, 226.001802, 186.113844, 146.477848, 106.489822, 306.673256, 266.562543, 226.735413, 186.566851, 146.603752, 106.510469, 306.433134, 266.319583, 226.481658, 186.517574, 146.351508, 106.187609, 306.145774, 266.2609, 226.266819, 186.477988, 146.525344, 106.327768, 306.182664, 266.049151, 225.981898, 185.717452, 146.115087, 106.273732, 306.504036, 266.357932, 226.368387, 186.07171, 145.92155, 105.982497, 186.723059, 146.602202, 146.821912, 186.648818, 146.913593, 186.582716, 146.538175, 186.473171, 146.126725, 187.122014, 146.74089, 146.606831, 146.1458, 186.693075, 146.68587, 147.194624, 147.183476, 187.053501, 146.933755, 106.831241, 146.345172, 72.507813, 112.365611, 72.372718, 111.824018, 111.907793, 112.530601, 112.303349, 111.958942, 112.005371, 84.081598, 83.895976, 43.615424, 84.755985, 44.981359, 83.987377, 44.19001, 83.790677, 44.023395, 84.276376, 44.050767, 83.814077, 43.598125, 44.454004, 171.593069, 131.310854, 91.406422, 131.655732, 132.519449, 92.750067, 171.334297, 131.188652, 132.196773, 92.384408, 91.811909, 131.635147, 132.130932, 131.870265, 131.79571, 131.861241, 172.55632, 132.315628, 92.417907, 92.687381, 132.052318, 92.126227, 172.513223, 132.412966, 92.649673, 172.262918, 131.862505, 91.473393, 171.730063, 131.419325, 91.387858, 172.458085, 132.478992, 92.299905, 171.893521, 132.052716, 91.925785, 141.392512, 101.319421, 180.533792, 140.202411, 100.478937, 101.391394, 101.304101, 181.324107, 141.223802, 101.309299, 141.244203, 101.646819, 140.96861, 100.979438, 141.581613, 101.776033, 181.361478, 141.055349, 101.182258, 181.012577, 141.010085, 101.453971, 141.144307, 101.140171, 141.208697, 100.947813, 181.276772, 141.008224, 100.858307, 102.731054, 181.145944, 141.022319, 140.996658, 101.158684, 101.80635, 101.931038, 180.796902, 141.017794, 100.941004, 181.45532, 141.401489, 101.405839, 136.27577, 136.094367, 136.61151, 135.45874, 135.098479, 136.138034, 135.495505, 171.865949, 204.845806, 205.92039, 205.40323, 205.580636, 205.263129, 204.954005, 205.831193]
sync delay = 137.139270847
out notify interest = 4756.0
out data interest = 8763.0
out bundled interest = 0.0
out data = 0.0
out bundled data = 0.0
collision rx = 221.735294118
collision tx = 69.2352941176
cache hit = 16282.0
cache hit special = 2890.0
retx_notify_interest = 324.0
retx_data_interest = 429.0
retx_bundled_interest = 0.0
state sync duration = 137.139270847
