data availability = 1.0
[196.308817, 156.361151, 196.102876, 196.143774, 196.169644, 196.228847, 196.448365, 156.471709, 196.348029, 196.336142, 196.559732, 260.911907, 220.757389, 260.890188, 221.168432, 220.819161, 220.824092, 261.173487, 260.929164, 220.769001, 220.531673, 260.914067, 220.860137, 260.964599, 260.963281, 287.745951, 287.902597, 288.055934, 287.968043, 288.014056, 208.409059, 288.034229, 288.098705, 208.441996, 288.129057, 288.160328, 248.442411, 208.25474, 288.091348, 248.21218, 288.13567, 288.1786, 248.422937, 288.309201, 248.847498, 248.453397, 288.363823, 288.262106, 288.445686, 288.618691, 208.682678, 288.77998, 208.541957, 248.67709, 209.119036, 270.848157, 270.97695, 191.237675, 230.933084, 230.952239, 190.808384, 191.048553, 270.418718, 270.771687, 310.321863, 270.725567, 310.829476, 310.882792, 311.088449, 270.635961, 310.901138, 310.912105, 270.799916, 311.856479, 271.793364, 272.605982, 290.312295, 250.72539, 330.363343, 291.094691, 330.757968, 291.238671, 331.092394, 292.017914, 250.911209, 331.279491, 291.026431, 291.415322, 252.102519, 251.104604, 331.550342, 291.914751, 292.015582, 371.537604, 371.287425, 371.308288, 292.210453, 332.707767, 371.850547, 291.755068, 292.307134, 291.931801, 343.059316, 423.345497, 423.230077, 383.463115, 303.606124, 303.452362, 223.658209, 383.819037, 265.037845, 463.658965, 343.824984, 343.570665, 224.058471, 384.116853, 424.050014, 383.718899, 264.314771, 424.1012, 303.990432, 344.169129, 304.476501, 303.940492, 304.169574, 224.216693, 344.814269, 463.913935, 224.455263, 344.327941, 384.225102, 264.513995, 304.570523, 265.482825, 185.486845, 264.696657, 304.939396, 423.913702, 305.394324, 384.247725, 264.936023, 224.473299, 304.67526, 264.324522, 343.872313, 344.687008, 464.163475, 345.150031, 225.506174, 424.465759, 344.85185, 304.055071, 264.753381, 464.527336, 464.677862, 305.042022, 345.110429, 304.614399, 344.750923, 464.770499, 305.827409, 305.387686, 346.172233, 225.256316, 186.498598, 226.250583, 345.171397, 388.343123, 348.954434, 388.865354, 388.457395, 228.742498, 269.158602, 309.122418, 189.636824, 428.707543, 309.000383, 389.523897, 389.244677, 268.290336, 229.348609, 309.170747, 429.648904, 389.544323, 428.765938, 188.359911, 429.366546, 349.005106, 349.308444, 388.930019, 189.33862, 428.831839, 350.01021, 349.104748, 348.586403, 308.879362, 309.01332, 349.341244, 349.618239, 229.554364, 349.759871, 389.078853, 309.747853, 229.488283, 189.25545, 428.802617, 348.766903, 228.911692, 350.133819, 228.937845, 388.926839, 189.496453, 349.444896, 230.140081, 389.573158, 270.178639, 309.009605, 349.856482, 269.926192, 269.617721, 389.412223, 189.040863, 190.068806, 229.640303, 309.512162, 389.174108, 269.230655, 268.977308, 349.773384, 309.570983, 270.834821, 188.91783, 269.288339, 229.073266, 349.330914, 349.709482, 269.369119, 311.030599, 229.160668, 389.997175, 309.944006, 190.0236, 190.044194, 269.930208, 429.999067, 327.547361, 326.355198, 246.528882, 286.773188, 286.568927, 246.272687, 326.570528, 367.415849, 286.673349, 246.702275, 286.277028, 326.282243, 326.803335, 366.507319, 246.398655, 246.79882, 326.312555, 366.683541, 286.948598, 246.637158, 327.065942, 366.744251, 286.515586, 327.878666, 286.221471, 246.57108, 286.831967, 326.623311, 366.498774, 406.294508, 366.771745, 366.745209, 366.569935, 286.76129, 286.132084, 285.14929, 286.511421, 285.394704, 286.438833, 286.069547, 385.867287, 345.820447, 345.550999, 345.44399, 499.510943, 619.318784, 539.862578, 580.12528, 459.594011, 579.66702, 579.314153, 579.620277, 499.313906, 580.009017, 539.77848, 540.331418, 539.757099, 620.242574, 459.767593, 459.485045, 579.5757, 499.804667, 539.425224, 539.958482, 539.799659, 458.806511, 460.362235, 619.756936, 459.743043, 459.875821, 499.475352, 580.012199, 619.8016, 500.700512, 459.676698, 499.861076, 619.656011, 460.026487, 460.013517, 619.92179, 620.135309, 500.260315, 500.212686, 476.350154, 515.348142, 475.134914, 514.557191, 474.140073, 515.649285, 475.258127, 476.571411, 515.591478, 475.653538, 515.18304, 475.91549]
sync delay = 332.165441691
out notify interest = 33706.0
out data interest = 68273.0
out bundled interest = 0.0
out data = 59716.0
out bundled data = 0.0
collision rx = 1303.14705882
collision tx = 12.5882352941
cache hit = 11153.0
cache hit special = 736.0
retx_notify_interest = 11685.0
retx_data_interest = 50166.0
retx_bundled_interest = 0.0
state sync duration = 331.509019285
data availability = 1.0
[142.247375, 142.040737, 142.337209, 142.027953, 102.805911, 142.068459, 142.330473, 142.112625, 142.262723, 102.300664, 142.123108, 142.114471, 142.291368, 173.921656, 174.033068, 174.364551, 174.140345, 174.196554, 174.240495, 174.559544, 174.718513, 252.472514, 213.942723, 214.149422, 214.259015, 214.100685, 214.536413, 215.08837, 214.93501, 207.542813, 287.527159, 247.296492, 207.527302, 247.82288, 247.37581, 287.792487, 287.833777, 247.864159, 208.318741, 287.783609, 247.862607, 288.058744, 208.051813, 248.187599, 208.476357, 248.190506, 247.783485, 288.073694, 248.060951, 288.299707, 288.10025, 288.129785, 208.183418, 288.163178, 247.926968, 288.24598, 248.523016, 288.235552, 248.231333, 207.959152, 248.139251, 288.391097, 248.402034, 248.135978, 248.338102, 208.34992, 288.403052, 208.809188, 288.420321, 248.22107, 288.417471, 248.72871, 208.548055, 248.481421, 288.676413, 248.565611, 248.709695, 248.275908, 208.677542, 288.53359, 288.947711, 248.798517, 175.039741, 134.508094, 135.108344, 214.887345, 214.796336, 175.133657, 175.147386, 214.907903, 135.618095, 175.521275, 175.547556, 215.612704, 135.42247, 215.320886, 175.52845, 216.102003, 216.31555, 176.948519, 149.916959, 149.922828, 189.86276, 190.645586, 190.504019, 230.638623, 190.281914, 190.383124, 150.435167, 150.192035, 150.637952, 190.845112, 190.464793, 151.112491, 190.954413, 151.220158, 151.195796, 192.109273, 328.393243, 328.029706, 208.385849, 168.994563, 368.734851, 248.896893, 368.675693, 168.881477, 209.041532, 289.538222, 288.733864, 209.127835, 328.577746, 209.349422, 289.361037, 368.814514, 328.841358, 329.143885, 208.166568, 249.341393, 288.689776, 369.181618, 328.965715, 289.296808, 329.634187, 289.287541, 248.871025, 209.260606, 329.724129, 209.313643, 249.48906, 169.847017, 289.855901, 209.717827, 210.292519, 369.770434, 209.442017, 330.048535, 289.835914, 370.020143, 250.642338, 330.269826, 330.33713, 250.900374, 250.348796, 290.306611, 250.47318, 370.153371, 210.308546, 250.712301, 250.561581, 251.294776, 211.053892, 250.475573, 250.37256, 291.418265, 291.333909, 211.578531, 290.718308, 331.181088, 211.833343, 291.086072, 291.489364, 291.621156, 331.298903, 202.157343, 162.575992, 161.606778, 282.547227, 242.719136, 202.858848, 162.752935, 242.306327, 163.125152, 202.483717, 202.969309, 242.967182, 203.231377, 163.40502, 282.836464, 282.952135, 163.155314, 202.420005, 203.132374, 283.337882, 243.301914, 243.021277, 283.28374, 163.191351, 203.21233, 283.042453, 242.870632, 163.779409, 203.168031, 244.129007, 188.062827, 188.613378, 267.081115, 268.808326, 227.575111, 347.827746, 188.611951, 148.890171, 147.68198, 228.606291, 228.301445, 147.59878, 229.21496, 148.559915, 428.181133, 148.927767, 227.818655, 188.801273, 229.352006, 388.688571, 428.980336, 228.291006, 388.148444, 348.992172, 229.080547, 308.777243, 309.792482, 150.722833, 230.351567, 428.5289, 229.436813, 149.071501, 308.277511, 268.809543, 308.839797, 188.685523, 229.673798, 228.728888, 429.342261, 309.088769, 189.084675, 229.499517, 149.627949, 228.926468, 388.998268, 308.76719, 309.6708, 229.641156, 189.984266, 188.652861, 269.235345, 228.991377, 150.086009, 268.916178, 150.060508, 229.712467, 388.968465, 269.805954, 229.900381, 309.93516, 228.71961, 229.073495, 269.184995, 189.801018, 269.160165, 149.52425, 189.581011, 188.621095, 390.439454, 189.077013, 270.880649, 149.455523, 389.838112, 190.351139, 270.06396, 309.714573, 148.630626, 310.207967, 229.354772, 190.005468, 269.573955, 229.883668, 189.393543, 269.972606, 190.134355, 191.416591, 229.814083, 270.006646, 349.954734, 309.806702, 230.110194, 349.578344, 309.472255, 189.233211, 149.915176, 270.131943, 389.445788, 230.10566, 269.754258, 150.724537, 190.044757, 309.695659, 189.7155, 269.278474, 349.691557, 230.034136, 189.513866, 269.882137, 270.146632, 189.894773, 430.669198, 349.723481, 269.703001, 230.486476, 270.2781, 310.009218, 269.809778, 149.703382, 349.03181, 269.507803, 309.78804, 229.623433, 389.878816, 189.557086, 270.103168, 189.892427, 310.020586, 228.963313, 350.98546, 150.430103, 190.133133, 309.951061, 230.00104, 269.544823, 429.283055, 270.137322, 430.118258, 189.662404, 269.881393, 230.138725, 310.226733, 189.833837, 270.765166, 204.10712, 203.336002, 203.471637, 203.555772, 203.815644, 202.89739, 203.83539, 203.259471, 202.685632, 278.226326, 278.10653, 318.775248, 278.639978, 318.558221, 278.897485, 318.579793, 277.436055, 318.362051, 278.422807, 317.479883, 318.60735, 278.638154, 473.77717, 513.539083, 473.350737, 514.280985, 514.290259, 473.908401, 474.56645, 512.501386, 472.452554, 513.916882, 474.173544, 514.299193]
sync delay = 249.78381269
out notify interest = 40431.0
out data interest = 51011.0
out bundled interest = 0.0
out data = 67539.0
out bundled data = 0.0
collision rx = 928.820512821
collision tx = 11.3846153846
cache hit = 15768.0
cache hit special = 748.0
retx_notify_interest = 15168.0
retx_data_interest = 33237.0
retx_bundled_interest = 0.0
state sync duration = 248.493718949
data availability = 1.0
[126.169964, 126.376927, 126.310184, 126.289343, 126.443369, 134.587171, 134.563108, 134.807869, 144.13118, 104.113198, 103.930655, 103.95155, 104.360802, 144.251774, 143.900013, 143.914158, 143.937281, 143.948638, 143.931366, 143.902117, 148.164933, 151.459587, 151.698447, 151.782485, 151.503126, 151.498446, 174.150196, 214.332025, 174.547762, 174.363033, 214.38594, 214.396257, 214.428455, 214.827167, 174.820516, 214.832783, 174.549485, 174.783036, 214.649942, 134.734252, 214.900409, 214.70005, 214.757937, 214.75332, 134.496945, 175.150455, 175.019212, 174.727956, 214.823358, 214.789475, 214.989641, 215.081913, 175.043607, 175.191607, 174.605897, 174.674009, 175.015688, 215.672904, 175.947285, 215.842534, 175.795969, 215.946357, 135.836928, 215.95085, 137.359105, 137.183532, 166.887349, 252.350183, 252.314083, 252.564096, 173.751358, 173.947211, 173.756907, 214.450327, 213.706902, 213.861544, 173.755888, 214.144592, 214.396872, 213.987813, 174.567509, 134.686104, 214.12734, 174.488391, 214.257039, 174.315545, 174.358369, 214.099029, 174.319895, 134.54302, 214.146462, 214.391771, 174.241775, 214.238804, 214.779774, 174.165304, 174.37408, 174.971063, 214.362283, 214.440261, 174.61288, 174.947942, 214.685866, 214.620764, 215.994428, 176.291716, 175.792286, 167.910443, 168.306621, 167.818841, 175.085932, 134.970601, 175.042461, 215.027135, 175.135856, 175.22462, 215.691947, 175.571122, 175.555195, 136.053891, 215.982574, 175.499291, 176.026869, 176.318165, 176.038822, 216.224907, 136.633828, 215.581821, 136.184611, 215.782792, 216.193134, 215.998801, 215.913573, 189.380594, 189.072289, 189.747488, 189.570518, 150.112971, 189.263996, 189.843215, 189.499071, 149.67106, 149.501829, 149.61858, 149.943326, 190.064846, 229.919031, 149.501533, 189.798383, 149.479623, 150.408411, 150.464295, 270.498266, 150.601816, 190.51445, 190.426689, 150.196021, 270.43792, 189.81272, 230.852731, 270.359583, 190.714629, 230.002056, 270.15921, 150.294163, 150.6324, 150.23351, 230.194272, 149.676133, 150.162002, 190.11412, 190.775631, 150.291724, 151.008909, 190.430386, 190.273585, 191.180258, 190.026849, 270.891039, 190.927041, 232.043868, 152.542956, 151.816711, 152.269958, 151.360601, 232.354743, 272.305407, 192.257809, 152.546874, 122.746136, 162.770584, 161.857162, 161.950278, 162.555158, 162.29537, 162.168909, 122.200989, 226.004334, 225.980808, 266.559457, 226.599362, 186.224876, 226.653301, 226.718497, 187.103533, 266.624689, 267.058809, 266.45515, 267.056806, 227.054873, 226.809067, 147.08207, 267.191484, 147.35228, 155.65487, 115.895977, 115.566859, 156.225487, 155.047669, 116.286739, 196.139594, 195.677146, 195.818822, 155.882126, 154.988236, 155.760696, 156.588338, 195.982202, 195.79983, 155.923332, 195.801616, 155.817063, 155.65288, 155.991706, 156.912617, 195.76737, 156.649826, 156.177082, 156.179136, 208.689603, 170.040589, 208.775296, 169.608589, 209.682424, 169.483726, 168.936853, 209.059235, 208.871467, 169.249585, 129.47319, 169.172028, 170.305221, 209.568174, 169.211263, 170.134746, 129.731952, 169.314749, 169.740505, 234.342288, 276.236134, 235.391548, 196.864286, 235.717819, 195.810342, 236.380694, 195.388704, 236.161076, 236.440534, 237.116391, 196.031719, 195.965102, 196.663057, 236.519632, 155.969645, 275.679875, 196.045714, 235.915611, 316.807979, 236.898172, 236.091767, 157.436362, 158.468205, 160.448261, 240.70309, 201.077237, 161.510719, 201.40651, 201.135297, 160.68066, 240.536926, 122.01871, 161.714416, 160.706059, 241.980676, 201.142681, 161.28806, 202.153618, 200.962353, 161.534947, 162.150076, 161.070498, 121.627366, 161.553452, 241.308785, 202.283427, 160.710513, 122.228782, 121.405753, 241.969962, 241.556071, 120.816151, 160.933386, 122.094724, 162.264131, 201.319865, 161.536792, 201.619361, 242.132073, 161.370338, 201.906707, 162.379902, 242.997891, 162.844574, 122.798349, 122.322956, 163.825668, 122.503208, 162.73041, 122.533515, 162.873911, 163.56934, 163.590802, 164.308878, 104.151665, 184.951335, 104.0199, 184.593268, 145.18469, 144.169069, 224.137217, 144.101804, 103.966348, 223.783491, 105.076224, 224.467003, 144.951926, 224.597989, 223.953694, 184.03722, 224.986744, 223.91003, 104.591691, 104.354477, 144.853643, 144.206503, 183.992866, 144.089505, 144.489258, 225.099341, 184.071355, 143.778782, 224.085107, 224.442428, 184.166393, 224.9374, 144.348817, 224.249423, 144.656692, 183.961822, 183.550572, 184.609349, 144.308313, 224.332687, 184.067414, 184.835563, 184.05583, 144.393178, 184.556908, 184.777401, 185.026204, 145.052273, 184.542264, 144.858487, 117.530786, 117.235131, 132.140348, 132.121824, 131.088007, 133.187953, 132.613188, 132.107285, 132.823191, 132.028692, 172.160489, 171.472342, 173.094952, 133.382537, 172.145863, 172.601469, 132.764566, 172.245798, 172.288235, 180.444499, 179.345525, 179.566803, 220.074088, 179.793539, 219.91818, 220.013035, 220.057807, 219.823956, 220.917911, 180.748333, 179.553738, 179.519002, 180.185495, 189.956704, 190.149912, 190.117653, 189.881828, 190.474968, 190.836716, 189.715437, 190.279165, 279.09073, 239.122693, 278.420838, 278.776272, 279.23907, 279.654925, 279.287758, 238.676771, 278.03422, 267.160457, 267.091006, 267.501769, 267.665286, 268.06993, 268.737179, 268.055846]
sync delay = 184.156060027
out notify interest = 47198.0
out data interest = 137514.0
out bundled interest = 0.0
out data = 75484.0
out bundled data = 0.0
collision rx = 1386.06818182
collision tx = 15.4090909091
cache hit = 19906.0
cache hit special = 901.0
retx_notify_interest = 18612.0
retx_data_interest = 102673.0
retx_bundled_interest = 0.0
state sync duration = 182.26047582
data availability = 1.0
[126.452186, 126.399663, 126.563319, 126.471826, 126.576297, 126.571148, 126.652439, 126.74957, 136.172699, 136.210865, 136.401731, 136.286705, 96.790251, 96.086737, 136.248977, 136.298285, 137.826435, 138.362083, 138.334127, 138.165533, 103.659425, 103.688349, 103.90783, 103.809591, 103.582397, 104.065399, 104.233807, 143.536626, 143.547483, 143.520112, 143.576108, 143.567415, 143.541603, 111.367349, 151.293284, 151.63197, 111.45292, 151.732134, 151.458972, 173.841935, 214.258213, 214.602413, 174.480751, 214.574318, 134.410359, 214.428168, 134.655536, 214.558852, 174.786428, 214.846414, 214.573694, 214.621278, 135.385465, 214.614785, 214.943395, 214.713413, 214.760566, 175.154213, 214.737202, 174.661943, 214.747456, 215.023384, 214.869891, 175.499553, 215.138324, 176.209171, 142.43409, 142.762436, 182.556159, 182.958161, 183.003599, 143.063738, 182.57555, 182.671767, 142.37256, 182.599297, 182.701979, 182.845707, 182.746878, 182.658456, 182.663567, 252.262052, 252.316144, 253.006652, 253.355878, 134.062873, 174.507599, 214.41197, 173.897875, 173.522334, 213.97946, 174.176884, 134.492017, 214.829905, 174.526871, 174.96458, 174.734919, 175.534366, 214.916771, 174.911673, 175.558802, 215.090994, 174.311056, 175.077424, 175.238978, 174.87945, 214.629921, 175.030084, 214.700411, 175.133807, 215.452429, 175.626242, 214.760503, 175.4529, 214.924322, 175.007814, 135.41251, 175.339368, 175.332977, 175.313264, 215.203853, 175.792879, 175.586682, 175.932656, 135.732961, 215.219297, 135.143604, 215.580901, 175.477541, 215.837971, 175.975192, 140.841593, 141.296028, 142.504809, 158.564572, 119.048199, 159.970287, 199.415285, 159.477609, 159.890915, 199.772092, 159.962505, 119.8672, 159.803587, 159.938026, 199.986927, 119.758986, 159.828102, 159.634112, 119.757668, 120.260608, 160.170393, 120.430147, 159.845714, 160.377579, 120.762569, 120.755652, 160.734119, 160.776601, 135.284908, 175.814741, 135.642622, 175.407164, 175.220788, 136.826055, 176.696454, 135.756799, 136.183506, 175.908718, 135.59342, 175.974529, 136.010324, 136.117095, 177.259999, 150.184813, 150.884164, 190.186155, 149.957389, 149.914735, 189.492737, 190.744944, 190.875697, 189.88057, 190.038449, 150.592002, 189.791089, 190.2517, 230.36559, 150.657511, 190.424933, 150.437853, 230.355499, 151.292766, 110.336069, 150.683746, 230.312256, 270.390685, 270.474431, 190.388175, 110.43419, 190.905471, 110.978916, 230.269723, 270.485119, 150.641608, 230.672363, 150.667452, 270.814869, 150.451059, 111.482696, 150.878552, 150.946422, 190.870617, 230.759431, 271.158843, 190.428131, 150.765507, 151.460963, 151.195703, 111.297389, 151.017626, 153.436723, 152.088183, 272.187864, 152.583227, 123.342569, 123.350616, 143.501314, 143.883958, 183.412438, 183.675852, 223.603446, 183.342735, 223.291607, 263.677049, 263.153417, 263.249371, 223.642325, 263.712429, 264.118261, 223.994298, 223.463835, 263.310677, 223.69618, 195.712167, 154.78524, 195.862172, 155.59661, 195.165656, 155.497891, 116.100916, 195.683631, 155.506848, 155.566996, 155.755926, 115.377589, 155.977321, 156.065555, 155.458295, 155.941415, 155.714659, 196.010147, 157.022168, 197.210034, 117.221826, 157.090452, 197.02146, 157.304209, 125.310493, 165.585125, 165.390052, 244.830755, 204.735558, 164.960461, 124.967648, 165.367009, 165.563255, 205.339621, 165.51502, 165.265791, 164.844965, 165.04265, 204.878991, 165.687804, 165.673773, 205.417717, 205.861686, 205.667562, 205.127159, 165.295168, 166.070992, 165.476718, 205.803003, 235.594557, 194.802485, 235.214154, 316.131488, 196.518943, 236.546764, 196.376549, 156.800925, 236.598504, 197.778793, 236.490503, 157.089828, 196.952652, 276.926695, 237.644989, 238.056865, 196.938059, 156.895037, 237.063687, 236.601834, 197.711389, 236.091323, 238.255235, 197.897957, 197.996435, 197.556968, 237.559546, 161.027118, 200.593383, 161.092653, 201.309092, 201.386559, 121.34708, 162.440228, 201.281754, 161.506793, 201.429147, 241.354298, 121.77509, 162.029928, 161.816875, 121.824205, 162.498176, 121.958594, 122.248193, 82.467726, 81.873664, 122.445072, 82.363618, 122.018384, 162.145191, 161.965431, 122.28667, 161.864015, 161.153152, 162.078592, 161.864826, 161.999445, 201.4599, 162.599169, 202.310448, 241.751139, 162.168928, 201.268403, 122.312056, 161.824888, 121.95668, 162.442287, 162.123123, 202.09332, 163.402965, 241.720257, 121.031241, 162.538669, 202.308798, 163.480245, 162.483626, 82.634496, 161.70543, 122.635868, 83.843225, 202.391774, 83.585164, 121.985461, 201.652324, 82.405062, 202.319259, 242.273961, 81.798715, 121.781402, 122.105743, 123.414676, 81.813216, 203.351167, 121.562057, 162.538546, 203.576353, 163.13265, 242.650121, 161.710603, 162.041141, 162.09956, 82.645769, 162.69218, 123.792679, 161.823041, 202.120651, 161.942128, 162.605773, 202.748912, 121.904334, 122.937151, 121.577286, 162.208384, 202.047316, 83.454834, 243.32929, 163.576237, 163.281425, 202.224834, 82.728238, 121.842016, 161.790458, 122.859242, 162.850732, 162.139588, 201.738173, 202.00198, 122.527181, 122.655985, 122.028823, 123.235943, 163.124221, 123.766936, 122.510473, 121.931882, 82.448196, 122.77414, 162.462498, 162.805301, 123.34369, 162.129476, 161.837626, 83.695646, 203.137443, 123.841877, 123.965032, 82.251111, 123.213463, 83.006093, 117.676369, 132.852097, 132.395897, 132.747432, 188.039628, 189.232398, 148.250499, 147.745918, 187.165979, 147.14764, 187.510862, 188.152838, 188.341767, 188.06282, 149.270043, 149.897407, 190.009571, 150.568616, 190.116963, 190.099955, 190.271608, 189.799788, 190.025911, 150.156027, 190.328384, 159.289167, 159.245158, 159.179104, 160.242283, 158.82212, 159.201487, 160.721158, 158.755477, 160.018348, 160.134544, 160.721747, 161.006462, 158.80687, 161.995852, 170.979538, 170.461566, 267.908511, 268.219252, 268.190339, 268.293144, 268.479944, 268.509474]
sync delay = 170.015855833
out notify interest = 52813.0
out data interest = 113301.0
out bundled interest = 0.0
out data = 84829.0
out bundled data = 0.0
collision rx = 996.489795918
collision tx = 16.8163265306
cache hit = 25040.0
cache hit special = 1097.0
retx_notify_interest = 20979.0
retx_data_interest = 79178.0
retx_bundled_interest = 0.0
state sync duration = 168.669133441
data availability = 1.0
[126.256773, 126.201139, 126.316894, 126.34368, 126.650428, 126.570224, 126.684763, 126.553654, 126.765148, 134.291434, 134.295395, 134.529746, 134.994979, 135.029167, 134.954901, 94.656956, 94.852401, 134.920494, 134.813562, 134.829215, 94.848776, 134.651101, 134.912697, 94.835965, 134.990159, 135.135986, 95.28217, 134.997304, 95.081752, 95.234801, 135.106327, 134.936772, 135.089287, 135.650075, 96.112171, 135.839591, 96.290986, 104.493471, 104.636239, 144.186699, 104.395787, 104.361996, 107.920407, 107.946131, 147.341646, 147.360377, 147.331069, 132.691693, 175.714403, 175.710607, 175.807001, 176.014417, 96.037836, 135.59927, 136.035531, 136.405931, 135.835368, 175.992879, 96.294228, 135.970592, 176.249562, 176.402037, 136.187299, 176.197213, 135.914952, 176.422804, 136.601672, 176.156522, 176.188877, 176.111406, 136.035374, 136.567775, 136.541995, 176.221499, 136.048943, 136.398998, 136.137669, 176.615744, 176.39189, 176.350927, 176.285915, 96.691669, 136.461423, 136.78441, 137.069985, 138.451525, 179.559437, 139.709364, 179.641994, 190.68511, 190.827792, 191.429329, 112.583328, 152.604451, 152.308052, 112.947239, 152.208437, 112.499313, 152.187339, 112.414353, 112.838598, 113.154379, 152.32908, 152.232578, 113.075805, 112.546553, 152.419715, 112.88333, 134.498565, 134.069834, 94.326792, 94.387659, 134.766161, 134.461091, 135.599065, 95.682051, 136.078025, 130.062041, 129.710272, 130.52172, 130.043151, 130.748562, 170.180841, 130.315255, 130.32111, 131.250285, 132.476069, 95.250739, 174.10937, 173.748538, 214.005316, 135.011078, 94.414794, 94.645593, 95.273913, 175.296099, 94.186645, 174.735166, 175.299728, 175.035472, 174.558333, 134.700795, 214.848958, 174.849544, 174.933981, 134.912216, 134.897181, 214.833021, 135.315623, 95.747019, 175.138972, 135.242993, 175.637893, 175.009124, 214.78696, 215.182134, 135.057214, 175.225326, 175.048211, 135.128743, 175.387612, 95.140347, 135.749568, 175.317926, 175.263404, 135.330883, 175.383244, 176.004555, 175.477185, 135.749876, 95.621972, 214.914759, 95.629248, 175.706542, 175.227557, 175.090801, 136.316516, 136.738484, 149.100015, 189.563219, 229.494904, 108.926233, 110.535868, 229.610161, 110.039138, 149.949629, 149.262214, 229.897701, 109.235253, 149.563028, 189.561613, 229.354154, 189.399467, 189.867885, 189.383733, 149.85272, 190.111521, 149.657082, 189.687719, 149.154614, 149.945309, 109.160284, 189.684909, 229.790858, 149.414836, 189.55752, 189.638585, 110.356898, 109.65514, 149.550703, 190.200136, 150.09514, 110.171967, 110.323949, 229.776117, 150.441791, 110.142249, 189.510442, 159.070707, 118.903818, 119.966964, 159.260107, 136.473055, 175.87484, 175.956543, 176.563014, 96.86558, 135.867385, 136.239772, 175.898431, 96.809492, 96.340652, 135.956476, 136.19231, 135.893168, 136.111622, 175.962291, 176.176438, 136.343421, 176.475624, 177.063924, 136.967721, 150.295722, 190.832953, 149.286541, 149.978732, 189.420543, 190.242981, 190.402249, 189.842611, 109.970485, 189.700672, 150.49706, 110.344302, 150.493779, 150.053626, 149.995885, 110.531667, 110.34509, 150.643268, 151.567193, 190.217964, 150.697051, 150.2907, 132.661496, 173.291825, 144.306396, 143.316985, 183.426465, 183.508744, 144.199718, 183.577545, 143.948517, 183.098799, 183.850381, 183.879726, 183.412005, 143.813836, 183.458747, 183.473274, 143.464167, 183.683127, 184.053318, 155.164105, 154.79336, 155.664181, 114.956499, 155.887307, 155.350336, 155.487444, 155.723187, 155.736566, 155.162468, 115.76292, 155.247333, 156.053119, 156.8194, 155.677818, 115.987402, 116.124702, 150.283983, 189.986779, 149.885788, 150.188445, 150.827218, 110.126167, 190.954738, 150.309845, 190.950256, 151.009813, 152.118302, 190.908866, 151.110585, 191.075529, 190.686687, 151.181037, 151.267236, 191.844727, 151.68778, 151.103798, 111.134243, 191.52559, 151.700449, 152.547378, 169.826118, 169.304543, 170.356841, 250.584043, 210.253633, 209.926138, 169.270926, 210.209022, 169.81012, 209.955527, 130.916574, 171.406576, 211.286991, 171.671367, 211.766335, 170.571287, 171.283408, 211.451344, 170.993875, 170.998498, 170.146371, 210.373023, 170.61553, 170.723586, 171.277534, 170.427706, 170.27009, 210.748262, 170.529824, 172.31772, 211.269137, 170.66914, 171.507948, 170.689561, 210.702178, 171.469336, 131.841667, 211.525692, 132.635491, 172.059918, 172.274855, 172.324029, 134.207237, 94.145308, 93.284161, 81.740727, 121.95783, 122.282147, 202.035376, 122.042006, 161.545246, 162.417668, 122.318315, 121.903784, 162.231552, 121.870135, 122.345046, 82.723356, 122.397234, 123.607755, 162.187294, 161.733684, 121.931996, 122.864765, 161.37962, 162.294562, 82.055214, 122.369407, 122.690709, 242.603898, 123.027335, 162.44685, 122.991932, 121.995534, 81.642527, 161.97063, 82.802654, 162.967527, 162.538582, 163.414963, 82.624871, 162.712953, 163.031036, 202.419497, 162.642246, 162.460576, 202.610182, 121.918775, 82.811296, 162.136099, 162.633681, 123.574503, 83.94515, 122.001614, 203.47622, 201.86226, 83.628067, 203.165346, 122.047521, 163.104319, 83.618964, 122.672744, 202.695921, 122.350467, 162.710572, 122.536359, 162.894154, 162.378778, 163.352453, 162.843483, 164.103518, 82.869432, 123.516886, 83.32813, 203.346037, 124.100353, 163.380979, 162.255915, 122.947532, 82.022178, 123.517257, 163.2711, 122.524615, 123.55625, 163.414825, 122.415022, 83.411106, 122.961533, 162.953236, 124.001275, 123.806632, 163.938746, 163.680348, 123.343309, 165.025472, 163.506822, 124.049249, 83.924353, 203.920544, 163.276206, 244.159858, 243.466583, 162.52172, 243.58315, 242.912319, 163.126468, 163.219018, 163.498095, 164.252958, 83.689652, 123.767713, 163.984304, 203.901961, 124.302767, 124.428331, 163.588061, 164.350102, 163.368205, 84.264184, 123.892893, 163.797348, 123.557286, 163.45946, 124.125149, 163.918305, 124.594836, 83.983683, 123.639655, 243.925739, 85.425999, 123.753442, 123.564305, 164.718104, 244.463694, 83.992703, 131.921483, 131.956366, 132.374458, 187.669839, 187.894564, 187.597991, 148.533188, 187.987025, 188.229863, 147.332123, 148.45106, 147.218863, 147.739082, 187.129001, 149.01438, 187.958566, 149.485227, 149.022261, 149.859155, 158.827523, 159.778439, 159.152707, 159.41912, 159.423474, 160.082078, 159.097793, 159.897952, 158.760358, 159.219132, 159.702909, 161.057548, 159.359884, 160.160802, 169.118113, 169.808816, 170.265233, 169.474413, 170.824792, 170.326985, 169.46972, 170.258527]
sync delay = 150.952262189
out notify interest = 58037.0
out data interest = 117893.0
out bundled interest = 0.0
out data = 96195.0
out bundled data = 0.0
collision rx = 1032.75925926
collision tx = 18.7777777778
cache hit = 30504.0
cache hit special = 1142.0
retx_notify_interest = 22764.0
retx_data_interest = 79381.0
retx_bundled_interest = 0.0
state sync duration = 149.887631587
