data availability = 1.0
[142.245137, 142.255137, 142.342472, 145.253533, 145.659084, 105.329644, 145.37599, 145.373934, 145.371356, 145.391214, 145.374438, 145.69341, 105.685492, 135.675777, 175.956234, 175.866234, 135.487234, 175.902478, 176.006909, 175.976909, 176.00329, 176.408137, 136.277137, 216.351137, 217.389845, 177.322907, 217.387477, 217.431006, 177.314179, 217.670032, 177.888789, 217.444753, 177.364391, 217.682916, 177.912418, 137.887173, 217.789365, 177.874838, 217.883635, 218.043619, 178.201018, 218.157499, 218.273798, 178.444484, 218.331866, 178.006752, 218.675806, 178.975212, 139.202015, 218.567643, 218.620926, 178.577433, 218.620284, 178.538545, 178.675742, 219.680898, 180.033088, 179.951804, 219.802297, 254.976069, 215.103069, 254.966069, 215.185069, 254.956069, 214.805069, 255.176069, 254.946069, 214.968069, 254.936069, 215.011069, 254.926069, 215.181069, 214.855069, 174.586069, 255.259842, 215.335842, 175.128842, 215.31319, 175.330553, 215.045917, 175.226917, 180.012457, 168.645236, 168.566377, 208.440829, 168.253851, 210.330961, 209.980288, 169.642325, 170.530984, 272.110522, 232.361522, 192.290522, 152.460522, 271.531522, 231.880522, 191.938522, 151.952522, 271.736522, 232.093522, 192.211522, 152.412522, 151.303522, 271.411522, 231.149522, 191.173522, 151.094522, 272.349465, 232.225465, 192.128465, 151.942465, 272.492465, 232.046465, 192.190465, 152.156465, 151.616465, 232.728661, 192.410329, 152.609684, 233.391444, 193.245444, 312.614444, 232.717444, 192.899444, 272.675604, 233.490604, 312.973144, 273.589144, 233.358144, 193.290144, 272.655144, 232.886144, 273.242144, 233.367144, 193.147144, 193.169784, 272.691854, 232.645854, 312.681854, 272.541854, 273.195854, 233.313854, 312.77699, 272.85899, 272.85066, 232.640029, 273.310788, 233.117167, 312.978082, 273.126858, 233.661248, 193.506407, 153.792765, 275.019368, 234.947466, 275.507134, 235.72565, 196.197449, 275.855907, 315.815399, 275.93182, 156.202113, 155.928513, 157.219336, 155.599279, 156.45449, 116.40251, 276.503199, 236.66734, 196.808019, 316.464644, 157.262894, 196.398894, 196.496894, 197.852894, 157.827894, 157.412894, 197.113333, 155.656333, 156.225333, 276.779945, 155.873489, 316.416422, 276.125552, 237.026566, 197.100566, 157.072566, 197.139566, 157.811566, 117.582566, 157.882685, 197.009685, 197.199685, 138.964232, 192.603854, 236.563109, 196.527109, 156.614109, 356.814001, 316.602001, 276.497001, 236.401001, 196.837001, 356.588001, 316.274001, 316.222347, 276.306347, 276.459984, 236.367984, 356.350984, 316.477984, 276.533984, 236.799984, 316.668144, 276.761144, 236.845144, 357.076758, 316.876758, 277.160758, 237.188758, 316.213758, 276.066758, 277.280446, 237.424446, 317.039522, 277.002522, 236.895522, 196.629522, 357.101522, 317.493522, 277.248522, 237.355522, 317.12641, 277.53441, 356.864775, 317.047775, 277.366775, 237.050775, 357.035775, 237.381704, 197.576704, 317.276217, 277.184217, 236.978217, 357.110217, 316.993217, 277.076217, 316.628151, 276.440151, 316.945151, 277.230151, 277.813042, 237.675042, 197.613042, 157.873042, 317.112042, 277.169042, 237.694394, 197.416394, 157.089394, 197.896394, 237.936103, 317.492099, 277.492099, 162.281643, 122.251643, 202.478643, 162.552643, 122.586643, 201.516643, 242.704286, 202.747286, 163.099286, 242.039286, 201.974286, 161.886286, 162.800286, 162.369286, 242.088286, 201.887286, 202.117105, 162.136105, 122.162105, 242.120105, 201.862105, 242.315105, 202.577105, 242.000868, 201.823868, 161.766868, 161.775868, 242.054868, 201.951868, 242.173868, 202.389868, 241.502977, 201.632977, 161.751977, 241.742977, 201.802977, 203.627199, 163.633199, 162.295199, 242.297199, 202.322199, 162.443199, 241.881199, 201.820199, 241.955529, 201.633529, 241.803529, 201.938529, 161.263529, 202.810529, 162.758529, 162.806529, 122.647529, 163.305174, 124.074339, 163.279337, 123.257337, 163.545337, 163.196337, 122.876337, 162.543337, 163.389778, 123.316778, 163.148778, 163.500852, 186.438611, 146.365996, 106.657353, 105.933179, 225.725914, 186.015993, 146.123684, 226.042591, 186.08683, 145.937433, 147.111534, 226.239827, 186.083524, 146.425718, 146.07718, 225.495777, 185.684614, 145.603133, 225.951465, 186.187611, 146.22559, 106.149729, 185.00128, 144.985258, 104.842035, 225.688887, 185.989956, 145.838648, 185.191372, 145.085592, 226.293611, 185.785289, 145.87512, 145.565833, 105.891753, 158.527582, 158.595076, 239.089908, 199.10316, 117.941587, 118.461159, 175.147086, 135.050086, 134.585086, 176.002144, 135.622279, 291.092283, 250.965283, 210.780283, 170.292283, 292.686283, 252.655283, 212.773283, 172.804283, 211.785283, 291.074283, 172.113994, 290.783994, 251.126994, 211.088994, 170.972994, 292.283994, 251.962994, 251.010447, 210.685447, 170.782447, 292.102447, 252.166447, 212.249447, 172.309447, 212.0803, 172.0763, 189.774141, 190.252141, 279.764625, 280.953965, 241.537718, 279.433584, 279.486852, 279.01857, 240.516597, 280.245643, 246.870269, 247.215672, 286.918385, 247.021052, 247.277364, 247.505455, 246.958821, 247.304905, 247.81936, 246.792584, 286.830631, 246.718982, 287.385858, 247.352168, 286.494399, 246.824956, 287.499336, 247.647245, 287.088324, 247.409394, 302.897113, 302.461488, 301.289982, 406.967739, 408.513554, 406.952606, 407.029231, 407.64947, 406.698296]
sync delay = 217.522263745
out notify interest = 48684.0
out beacon = 0.0
out data interest = 6743.0
out bundled interest = 1496.0
out data = 8034.0
out ack = 45866.0
out bundled data = 1259.0
collision rx = 257.840909091
collision tx = 0.863636363636
cache hit = 5241.0
cache hit special = 535.0
retx_notify_interest = 20128.0
retx_data_interest = 299.0
retx_bundled_interest = 725.0
state sync duration = 219.63335248
data availability = 1.0
[126.640163, 126.630163, 126.600163, 126.515935, 126.545935, 135.848675, 135.942219, 135.862219, 143.556337, 103.345337, 143.306337, 103.457456, 143.270456, 143.290456, 143.280456, 103.307456, 143.300456, 143.640456, 103.673456, 143.320456, 148.242596, 151.295923, 151.265923, 151.255923, 151.314522, 151.294522, 151.514522, 151.284522, 151.584522, 174.855689, 134.911689, 214.886982, 174.740982, 214.866982, 174.614982, 215.096982, 174.960982, 134.768982, 214.876982, 174.432982, 215.106982, 175.182982, 214.808853, 174.861853, 214.829235, 214.969235, 174.936235, 215.079235, 175.034235, 135.272235, 214.849235, 214.819235, 214.919235, 174.707235, 214.899235, 174.949235, 214.909235, 174.711235, 215.089235, 174.883235, 214.839622, 214.949622, 174.631622, 174.976653, 214.859653, 214.999653, 174.732653, 138.233806, 137.406111, 166.779365, 173.875996, 213.183548, 213.793548, 173.469548, 213.606607, 173.430607, 214.143607, 174.541607, 213.606607, 213.878729, 174.054729, 174.379085, 214.278085, 214.477085, 214.232205, 214.132205, 173.984205, 175.418601, 215.135438, 175.096438, 215.873891, 176.215891, 215.36897, 175.31797, 215.43697, 175.56597, 214.87897, 174.81797, 175.658135, 136.068135, 215.729773, 175.723773, 215.259773, 175.312773, 135.379145, 215.417145, 175.115145, 168.472894, 168.444057, 169.213057, 175.670359, 135.504359, 175.720928, 215.558928, 176.111289, 136.187289, 175.521184, 135.191184, 215.632064, 175.950578, 215.54356, 175.57956, 215.28856, 174.89556, 175.035921, 135.251921, 175.167701, 215.440701, 214.629272, 215.245272, 175.776272, 216.144278, 215.483971, 149.666215, 190.055215, 149.963215, 149.054519, 189.202519, 189.655519, 189.636519, 189.26759, 189.79559, 189.32859, 189.787659, 149.893403, 150.270647, 269.864144, 229.772925, 189.787667, 149.838674, 150.590673, 269.962362, 230.257853, 150.498611, 150.288876, 190.652904, 150.264265, 190.456985, 150.34824, 190.246432, 150.337113, 150.844489, 150.013186, 190.327269, 150.138898, 190.252495, 150.230205, 189.416076, 149.213394, 190.224325, 150.391517, 270.457738, 230.245989, 190.4148, 149.943291, 270.57715, 230.438497, 190.30207, 150.293367, 270.929817, 231.029297, 191.418717, 151.824099, 271.079522, 231.18583, 190.91846, 150.793332, 190.66183, 150.660068, 163.921952, 163.34852, 163.323107, 164.001107, 123.726107, 163.574074, 124.041074, 163.724074, 146.850681, 266.182681, 226.160681, 266.352277, 226.190277, 186.315093, 265.477719, 226.802719, 187.067719, 225.714599, 146.721699, 266.512176, 226.434931, 266.136709, 226.083862, 266.348568, 226.618895, 155.820241, 156.254241, 156.233241, 155.144495, 196.154495, 155.714331, 157.234331, 156.531331, 195.874004, 155.999004, 156.677004, 196.259732, 156.013732, 116.187732, 195.676732, 195.854773, 155.921773, 157.017773, 116.857773, 156.328773, 116.711893, 157.019893, 156.068893, 196.361142, 196.125142, 169.470967, 208.634967, 168.939967, 129.598967, 208.536025, 168.645025, 209.286546, 169.231546, 169.279546, 169.408435, 168.615904, 128.325904, 208.840904, 168.821904, 170.067904, 208.44598, 168.55198, 209.25198, 169.64698, 234.686687, 194.562687, 154.606687, 234.244404, 195.363404, 235.090404, 314.724092, 274.681092, 235.068881, 234.776881, 274.43258, 234.21958, 194.14058, 235.36158, 235.318068, 235.562788, 195.418788, 235.411824, 194.848691, 235.192524, 194.971524, 154.918524, 155.103845, 195.399845, 161.578197, 121.561197, 201.276197, 161.170197, 121.115197, 160.429197, 200.948197, 160.941473, 160.882473, 161.462473, 162.667473, 161.305095, 121.361095, 241.103095, 201.157095, 161.912542, 161.801542, 241.491315, 201.667315, 161.343315, 240.896315, 201.027315, 161.421315, 160.568823, 240.612823, 200.703823, 160.732823, 241.838823, 201.769823, 241.635512, 201.861512, 161.571512, 161.162512, 121.045512, 241.248208, 201.339208, 241.502208, 201.991208, 161.421444, 161.665444, 121.329444, 162.198879, 121.663879, 162.171879, 161.206942, 161.435942, 162.295942, 121.076942, 122.400325, 143.522497, 222.837362, 182.918682, 224.088361, 183.839193, 143.829863, 184.943662, 145.503608, 145.658037, 223.725819, 184.243492, 224.194871, 184.355243, 144.296427, 184.47513, 144.533193, 104.474609, 103.996019, 224.439437, 184.533118, 144.501319, 223.993107, 183.950949, 144.054828, 223.833332, 183.639958, 143.770905, 144.870349, 105.189215, 224.386761, 184.057657, 144.138927, 103.976236, 143.929725, 144.892421, 224.65905, 184.821384, 225.180033, 185.2279, 224.422717, 184.729232, 224.593351, 184.723768, 185.170759, 145.418535, 224.110065, 184.281353, 144.267129, 104.1908, 144.312357, 103.920159, 116.506704, 156.769467, 116.629467, 132.734133, 173.080133, 132.932133, 134.083133, 171.063133, 130.794133, 173.086133, 133.007133, 173.208133, 132.620133, 173.941882, 134.269882, 132.548882, 173.308882, 133.407882, 134.304882, 172.617945, 180.279388, 180.473787, 180.552055, 179.696527, 179.586231, 180.162781, 180.162221, 180.022003, 220.87513, 219.972117, 220.605556, 219.923751, 220.726322, 219.416158, 190.179574, 189.96699, 190.770677, 190.917838, 190.124508, 189.774566, 189.566483, 190.854183, 279.607285, 279.42491, 240.211866, 279.548466, 279.125886, 278.69766, 238.388293, 279.330958, 279.699375, 261.617205, 261.641142, 261.997955, 261.702406, 261.278159, 261.609711, 268.076711]
sync delay = 183.412668964
out notify interest = 46967.0
out beacon = 0.0
out data interest = 5951.0
out bundled interest = 1532.0
out data = 7026.0
out ack = 47674.0
out bundled data = 1300.0
collision rx = 264.159090909
collision tx = 1.54545454545
cache hit = 5081.0
cache hit special = 599.0
retx_notify_interest = 18253.0
retx_data_interest = 250.0
retx_bundled_interest = 554.0
state sync duration = 183.412668964
data availability = 1.0
[124.367722, 124.430062, 124.370062, 124.340062, 124.470062, 124.467728, 124.56137, 124.767181, 134.213133, 94.493133, 133.973133, 133.963133, 133.913133, 133.893133, 134.273133, 133.948472, 134.424377, 94.135377, 134.194377, 134.414377, 134.184377, 134.124377, 134.144377, 134.374377, 134.134377, 94.254377, 134.214377, 134.444377, 134.554377, 94.882377, 134.504377, 94.377377, 94.375377, 134.164377, 165.815297, 125.684921, 165.722836, 165.741008, 165.727231, 165.760448, 165.738972, 166.080763, 126.263498, 165.835091, 165.971728, 134.448786, 214.38787, 174.11987, 174.61587, 134.72114, 174.490208, 174.887226, 134.731226, 175.012051, 135.016051, 214.895051, 174.921051, 214.875051, 174.937051, 215.436149, 175.596091, 136.097366, 137.185152, 216.384312, 176.056418, 176.441722, 216.507967, 176.72377, 216.652492, 176.595405, 176.71358, 136.830673, 136.951873, 213.440858, 173.270799, 173.498799, 213.132392, 173.007392, 212.905392, 213.317387, 173.363387, 213.023664, 212.730664, 213.176564, 213.283869, 173.327869, 213.320965, 173.332965, 213.115965, 173.648363, 173.716363, 213.873321, 173.704321, 134.078321, 213.896321, 174.040321, 213.623321, 173.936321, 134.011132, 214.002132, 174.311132, 213.594908, 173.536908, 173.486199, 174.065199, 134.293199, 173.675199, 213.895453, 174.184453, 174.241453, 213.608453, 173.510453, 173.891164, 173.727164, 133.758164, 173.728164, 133.846421, 173.600421, 173.394421, 135.733082, 167.422918, 168.504467, 173.517652, 133.337652, 173.708356, 173.494955, 133.433955, 173.622955, 133.852488, 173.812988, 133.974988, 134.941827, 174.909601, 134.80316, 135.545616, 176.211864, 136.375041, 175.128259, 135.272883, 174.782441, 134.874917, 175.122845, 135.2332, 175.060197, 135.231976, 175.468284, 135.610712, 175.817673, 135.833901, 176.073695, 135.997623, 189.435543, 149.387416, 189.46492, 149.36008, 189.460033, 149.215536, 189.159025, 149.115969, 189.231829, 149.368766, 189.289651, 149.063981, 188.747885, 149.502703, 149.236765, 149.779829, 269.39872, 229.56072, 189.37172, 149.39572, 270.068963, 230.026963, 189.662963, 149.537963, 269.446309, 229.610309, 189.517309, 149.639309, 270.643179, 230.641461, 190.810208, 150.631967, 151.315112, 111.319539, 150.881402, 270.421955, 230.449361, 190.156355, 150.241515, 270.392829, 230.415705, 190.538666, 150.504974, 190.494115, 150.46856, 122.303446, 121.786077, 122.422307, 161.321249, 122.170633, 144.996505, 264.838505, 225.021505, 264.768536, 224.656536, 265.353536, 225.438536, 265.268476, 224.997476, 185.065476, 144.818773, 265.627773, 225.567773, 265.401773, 225.096773, 225.156751, 184.987751, 194.470626, 154.311377, 115.085226, 155.479838, 154.493292, 114.617921, 155.032535, 194.374631, 195.116948, 194.980885, 194.844339, 195.156251, 195.157678, 154.993295, 155.265194, 155.161408, 154.80509, 114.897181, 154.9123, 154.703712, 155.30701, 155.525591, 209.307796, 169.503796, 129.511229, 129.432204, 208.727106, 168.618106, 128.411106, 209.195739, 209.738013, 169.609013, 168.943978, 210.461707, 170.369317, 130.39964, 170.895578, 170.374428, 130.718605, 130.556871, 170.725764, 130.69493, 210.608748, 170.745406, 130.855542, 171.720496, 170.634472, 130.551962, 154.985655, 194.362529, 153.994529, 235.818529, 195.693529, 194.725873, 154.566873, 114.785873, 75.005873, 115.167579, 234.694269, 194.681928, 154.565494, 114.186982, 234.805013, 195.141013, 155.241013, 115.283013, 156.123013, 116.083013, 194.974987, 154.900708, 114.745229, 235.548751, 195.226288, 155.043927, 115.313645, 235.69215, 195.709674, 155.878514, 154.686554, 235.546544, 195.5121, 155.679892, 235.201488, 195.252278, 155.243349, 114.979508, 235.666229, 195.749482, 155.976894, 115.745146, 316.48882, 276.194643, 235.787388, 195.750033, 155.972959, 116.012346, 235.642748, 195.699585, 155.862798, 195.874472, 155.715131, 115.527103, 196.455817, 195.926372, 155.831372, 237.520372, 197.467372, 157.379372, 117.349372, 116.762799, 236.371799, 196.293799, 156.406799, 236.878678, 196.730073, 157.009578, 117.016742, 237.695996, 197.93068, 157.911661, 117.788505, 237.864676, 197.737325, 157.345676, 117.442181, 117.648582, 117.712911, 238.00679, 198.250083, 158.225872, 237.82043, 197.860225, 157.868495, 157.925722, 118.12191, 78.362144, 198.788521, 158.859059, 118.751228, 237.992069, 197.978157, 158.042605, 199.125019, 159.514299, 119.515025, 238.550991, 198.446128, 158.785397, 118.865273, 199.558448, 159.472812, 159.525787, 160.253685, 200.305797, 160.136674, 200.09362, 160.303107, 96.008575, 176.359575, 136.199575, 135.815307, 135.727307, 135.581307, 94.820307, 135.789307, 96.251427, 134.628427, 95.358427, 96.036608, 135.650608, 136.017801, 107.844821, 107.306821, 107.747821, 108.310821, 148.645359, 108.638359, 148.206359, 108.032359, 107.662359, 147.476359, 148.028359, 148.879359, 108.946359, 147.115359, 148.781753, 108.881753, 109.070753, 147.793753, 108.133753, 107.576753, 148.246881, 148.820111, 210.546291, 210.366671, 210.424368, 210.952184, 170.38355, 170.66229, 170.505313, 172.098877, 170.245421, 169.887004, 170.18702, 169.737467, 210.302461, 171.580891, 210.357784, 189.99659, 190.920194, 190.453305, 190.490257, 190.850482, 190.288984, 211.160453, 212.575291, 260.477319, 260.768547, 260.202699, 261.347769, 260.820144, 259.947005]
sync delay = 169.496905064
out notify interest = 45201.0
out beacon = 0.0
out data interest = 6766.0
out bundled interest = 1646.0
out data = 9047.0
out ack = 49277.0
out bundled data = 1439.0
collision rx = 291.795454545
collision tx = 1.54545454545
cache hit = 5602.0
cache hit special = 710.0
retx_notify_interest = 16365.0
retx_data_interest = 371.0
retx_bundled_interest = 3339.0
state sync duration = 177.7484529
data availability = 1.0
[123.943137, 124.233137, 123.983137, 124.203137, 123.963137, 123.973137, 123.933137, 124.215351, 123.955351, 124.155351, 124.131647, 124.361442, 124.331442, 124.271442, 124.380927, 134.133124, 134.11716, 94.744507, 134.279507, 94.560507, 94.792507, 134.219507, 134.199507, 134.599507, 94.670507, 134.489507, 94.558507, 134.259507, 134.189507, 134.526086, 94.501086, 134.556086, 94.597086, 94.370086, 134.216086, 134.186086, 94.029086, 134.256086, 134.586086, 134.476086, 94.420086, 134.246086, 134.466086, 94.546086, 134.436201, 134.286201, 134.186201, 134.246201, 134.559765, 214.811267, 174.916267, 214.821267, 214.801267, 174.449267, 214.911267, 174.552267, 135.018607, 174.781817, 134.793817, 174.784817, 134.923817, 214.785817, 174.748817, 175.063306, 135.090306, 214.796306, 175.009306, 175.032234, 175.565025, 135.351373, 175.616943, 135.913943, 215.766943, 176.019943, 96.246799, 96.607173, 135.806829, 177.156424, 138.689659, 178.471659, 178.167659, 138.553659, 138.786784, 178.145784, 178.115784, 178.356784, 178.491758, 138.488758, 98.417758, 98.559758, 178.121758, 138.253628, 138.317628, 212.4646, 172.540422, 213.475207, 173.69618, 213.453734, 173.253803, 173.498481, 213.406471, 173.539165, 213.177921, 173.349944, 213.171176, 173.268338, 134.11144, 173.680006, 173.463913, 133.6445, 173.48859, 174.155423, 173.601735, 174.018445, 134.059806, 173.552011, 173.700058, 214.143766, 173.929688, 174.353464, 173.979688, 134.143048, 156.694278, 116.463278, 155.746278, 115.814278, 196.150278, 156.377278, 155.877278, 116.570652, 156.281652, 116.089652, 156.148652, 115.945652, 196.401652, 156.366652, 196.438652, 156.489652, 156.431935, 156.706935, 116.918935, 156.176935, 115.754935, 196.274265, 156.081265, 156.184265, 116.300265, 195.918265, 156.183265, 155.181265, 114.901265, 156.436265, 115.982347, 155.906347, 115.868347, 156.204347, 116.155347, 115.937347, 155.561347, 115.583347, 156.138737, 116.081737, 115.955737, 155.973737, 115.903737, 116.341649, 155.859649, 115.793649, 195.891649, 156.071649, 155.953971, 116.032971, 156.135971, 155.937971, 116.082971, 156.786971, 156.344663, 116.137663, 156.417663, 116.291663, 131.604594, 91.685594, 93.38749, 133.5708, 134.197315, 134.30544, 134.347987, 94.394847, 97.828276, 97.722615, 271.676271, 231.575271, 191.614271, 151.663271, 111.630271, 114.735538, 114.580822, 114.139901, 114.945621, 115.32964, 114.670102, 194.416178, 154.119229, 113.809682, 155.004427, 114.851535, 115.282264, 274.730575, 234.850322, 194.985845, 155.138499, 115.166569, 115.731023, 274.406518, 234.714754, 194.561753, 154.464285, 274.989054, 235.294853, 195.329292, 155.595399, 115.898145, 274.65501, 234.774904, 194.793455, 154.60042, 114.982654, 154.600018, 114.710157, 114.725993, 114.723641, 275.269542, 235.306377, 194.803339, 154.646587, 114.909564, 104.453186, 104.725549, 105.357862, 201.794476, 162.392098, 201.708939, 201.73449, 202.745754, 202.22214, 202.023196, 161.426772, 161.578631, 121.902726, 122.170265, 161.401617, 121.582501, 162.276097, 122.30377, 201.714912, 161.98681, 122.252959, 128.083033, 207.489069, 167.806069, 127.724069, 207.469069, 167.315069, 127.453069, 207.273697, 167.416697, 127.494697, 207.915107, 167.786107, 127.737107, 167.71851, 208.01251, 168.16251, 128.32751, 127.55851, 208.822183, 168.842183, 128.754183, 167.818082, 168.537614, 128.259614, 137.655429, 194.4006, 154.5586, 114.5276, 194.363608, 154.437867, 194.806103, 154.583336, 114.844425, 196.050575, 156.356575, 155.094786, 114.690786, 194.403786, 154.595786, 154.419731, 114.378731, 194.451245, 234.914227, 194.896227, 154.861227, 114.942227, 195.800227, 155.550227, 155.514227, 234.841255, 195.072255, 155.247255, 114.996255, 154.593326, 115.007215, 234.410039, 194.532967, 154.722553, 114.799447, 115.634655, 75.717655, 195.424655, 155.586655, 195.023655, 155.332655, 194.45774, 154.26374, 114.66274, 115.77774, 195.111362, 155.128362, 114.989362, 116.003362, 195.058954, 154.818954, 114.666954, 155.163954, 115.447954, 196.300606, 156.341606, 116.361606, 195.255606, 155.140606, 114.866606, 154.320943, 114.392943, 74.208943, 235.118943, 195.085943, 155.290943, 115.333943, 195.517984, 155.734243, 115.589604, 75.164265, 195.008166, 154.98096, 114.880182, 234.92864, 195.012499, 154.897692, 114.710423, 155.088446, 114.938434, 195.553207, 155.671108, 115.727012, 75.968973, 196.041074, 156.000876, 115.441743, 235.481525, 235.730399, 195.746524, 155.673643, 195.220804, 115.46388, 234.094158, 194.263925, 154.487071, 114.407269, 155.322504, 115.29017, 156.043518, 116.252215, 235.5029, 195.564687, 155.75821, 115.717576, 134.175096, 134.015096, 94.099096, 93.390096, 93.639096, 133.803096, 94.049096, 93.675096, 94.009096, 134.008089, 93.659089, 134.793089, 133.787089, 135.015089, 95.058089, 134.730089, 133.672089, 94.800329, 133.290329, 93.044329, 133.662329, 93.761329, 133.692329, 94.809329, 133.783329, 93.849329, 93.825008, 134.461008, 94.683008, 94.113008, 145.12868, 144.040859, 144.199087, 144.451022, 165.035467, 165.457467, 166.079467, 166.247467, 166.355467, 165.597467, 165.983467, 165.507467, 167.437467, 166.503467, 165.983338, 166.158591, 165.958556, 170.58683, 238.970379, 237.808151, 238.145108, 238.274492, 239.196875, 237.820903]
sync delay = 152.771204034
out notify interest = 41551.0
out beacon = 0.0
out data interest = 5803.0
out bundled interest = 1706.0
out data = 8806.0
out ack = 37419.0
out bundled data = 1866.0
collision rx = 196.659090909
collision tx = 16.4545454545
cache hit = 5011.0
cache hit special = 782.0
retx_notify_interest = 12603.0
retx_data_interest = 109.0
retx_bundled_interest = 1806.0
state sync duration = 157.803460216
data availability = 1.0
[123.762319, 124.052319, 123.802319, 124.022319, 123.792319, 123.752319, 123.972319, 123.772319, 124.035761, 123.785761, 124.325639, 124.315639, 124.285639, 124.385639, 124.241847, 124.211847, 132.283718, 92.529718, 132.223718, 132.203718, 92.377718, 132.183718, 132.553718, 92.519718, 132.195072, 132.445072, 132.215072, 132.545072, 92.505072, 132.275072, 132.285072, 132.515072, 132.295072, 132.235072, 92.447072, 132.495072, 92.410072, 132.265072, 132.255072, 132.61105, 92.57105, 132.49105, 133.881108, 93.831108, 94.011108, 93.907108, 93.643108, 133.896223, 93.996591, 111.865035, 151.778035, 111.774035, 111.862035, 112.247035, 151.80394, 111.62394, 112.15394, 111.855413, 151.779413, 111.721413, 151.837681, 112.016681, 151.827681, 111.718681, 151.807681, 111.743681, 151.917681, 111.975681, 132.908563, 132.529967, 92.663967, 132.672967, 133.02692, 132.470453, 133.168453, 132.505242, 92.463242, 132.611242, 98.19061, 137.72813, 97.623123, 177.469818, 137.351249, 137.921101, 177.602455, 137.708618, 177.762339, 138.139592, 138.090086, 98.174536, 138.041026, 97.661615, 98.113476, 177.921404, 137.964899, 138.604747, 138.188423, 98.09049, 138.187474, 98.404271, 138.176266, 98.126003, 138.035672, 97.689037, 177.948502, 137.677625, 138.147171, 98.183847, 138.558659, 98.391023, 138.385143, 98.065176, 98.399538, 178.492592, 138.269376, 98.185247, 178.248281, 138.215035, 98.542287, 210.029777, 170.035777, 210.062777, 169.938777, 209.934366, 169.666366, 210.326366, 170.621366, 169.909148, 209.876148, 170.092148, 209.770233, 169.871233, 170.474999, 211.218958, 171.331222, 133.204545, 93.96229, 134.633087, 133.731987, 133.788711, 133.599058, 133.524584, 133.761327, 94.427771, 174.410999, 174.453886, 134.496589, 134.004375, 134.197519, 134.831505, 94.775963, 134.30514, 94.335637, 105.353525, 105.173281, 104.750535, 104.632688, 104.452264, 104.485064, 105.363921, 105.116487, 104.842993, 105.043369, 155.891638, 115.914276, 157.342101, 117.552101, 156.302299, 116.254299, 156.318924, 116.321924, 156.582924, 116.330924, 156.364924, 157.367714, 117.395714, 156.580714, 116.509714, 116.913714, 116.380714, 125.324117, 85.300117, 126.263117, 86.576117, 126.026117, 86.454117, 85.758117, 86.011117, 126.048967, 125.814967, 96.04824, 95.790286, 266.033493, 226.153493, 186.323493, 146.168493, 106.647493, 105.639493, 266.378493, 226.496493, 186.703493, 146.548493, 106.446493, 106.241493, 106.140745, 105.735745, 146.457466, 106.126466, 266.077466, 226.346466, 186.371466, 146.246466, 106.344466, 67.201466, 145.939466, 106.027466, 105.868466, 106.174297, 106.935297, 106.109297, 185.969956, 146.398956, 106.394956, 266.013956, 226.109956, 185.878956, 145.717956, 105.592956, 266.223945, 226.158945, 186.417945, 146.501945, 106.513945, 266.399945, 226.645945, 186.595945, 146.652945, 106.836945, 105.795945, 105.887981, 144.21512, 104.23512, 103.89712, 144.73212, 183.121264, 142.686264, 183.981264, 143.837264, 183.445264, 143.222264, 103.993264, 183.844893, 143.992893, 183.805877, 143.825877, 183.809877, 144.003877, 144.373172, 184.484172, 144.743172, 104.632172, 104.355365, 144.162365, 104.335365, 114.831701, 113.806087, 165.587451, 165.033547, 125.021547, 166.028547, 125.825547, 165.530547, 125.377547, 125.79173, 126.15273, 166.172017, 126.261017, 166.052014, 126.073014, 166.761014, 126.787014, 166.344014, 126.019014, 166.406446, 126.332446, 234.668564, 194.930564, 155.048564, 114.917564, 195.155564, 155.236564, 115.458564, 194.401564, 194.16222, 154.24722, 114.23822, 233.915942, 193.740942, 153.921942, 114.124942, 194.114942, 154.352942, 114.374942, 233.599942, 194.37891, 154.02991, 154.27291, 114.00991, 193.49991, 153.56591, 113.50291, 194.58991, 234.032059, 194.074059, 154.276059, 114.267059, 193.651059, 153.857059, 114.346059, 154.4122, 113.9882, 154.90781, 114.93581, 194.63881, 154.73381, 194.50081, 194.034162, 153.909162, 113.903162, 113.980539, 155.032377, 114.941729, 155.21687, 115.442885, 154.130845, 113.819469, 194.599525, 154.671465, 114.624436, 155.972762, 116.112502, 76.167869, 233.915986, 194.008342, 154.326783, 114.52917, 196.002181, 155.952474, 115.862514, 76.175917, 154.688607, 114.662752, 74.340035, 194.174618, 153.869228, 114.100065, 233.948921, 194.144878, 154.075095, 114.006457, 194.348339, 154.469029, 114.705712, 154.878384, 155.261151, 115.412392, 195.24799, 155.417983, 195.148619, 155.211836, 234.18627, 193.9882, 153.981666, 113.811397, 155.621944, 115.278648, 75.002538, 194.232915, 154.105534, 194.141975, 154.231614, 114.344009, 194.644687, 154.849488, 115.017258, 114.958769, 74.759257, 134.136797, 134.533797, 94.579797, 94.455797, 93.998797, 133.848797, 93.443797, 94.824797, 134.608797, 134.56396, 95.25996, 94.29696, 134.02096, 94.02596, 133.19196, 134.07396, 133.53696, 134.12196, 94.42296, 94.421237, 132.956237, 95.166237, 93.005237, 94.021237, 93.826237, 93.631237, 134.148237, 94.136237, 133.412237, 134.869293, 94.978293, 94.537293, 93.416293, 165.846106, 166.165106, 166.594106, 165.727106, 166.430106, 166.234106, 166.459106, 166.560106, 167.419106, 166.970106, 166.640714, 166.644714, 166.032714, 169.708061, 237.415827, 236.71618, 236.57097, 235.999934, 235.154029, 236.186289]
sync delay = 141.22121585
out notify interest = 39966.0
out beacon = 0.0
out data interest = 5704.0
out bundled interest = 1528.0
out data = 7941.0
out ack = 39740.0
out bundled data = 1797.0
collision rx = 199.772727273
collision tx = 20.0909090909
cache hit = 5693.0
cache hit special = 894.0
retx_notify_interest = 10822.0
retx_data_interest = 124.0
retx_bundled_interest = 577.0
state sync duration = 142.000285339
data availability = 1.0
[85.964666, 85.972611, 85.945348, 122.63084, 122.746983, 122.801939, 122.698779, 122.691935, 122.731971, 122.773424, 122.81294, 122.939183, 122.792611, 123.137672, 122.817672, 123.037672, 122.807672, 123.077672, 123.092237, 123.172237, 122.842237, 123.112237, 123.222237, 123.162237, 122.832237, 123.128175, 122.798175, 123.158175, 122.808175, 123.038175, 123.068175, 91.954016, 92.265016, 92.138016, 131.883529, 131.863529, 132.193529, 92.333529, 131.893529, 131.873529, 92.176529, 131.853529, 131.843529, 92.053529, 92.146529, 92.167026, 91.842941, 91.841941, 93.121822, 93.119822, 71.488747, 110.707928, 111.277378, 110.908823, 71.706686, 70.962216, 111.090014, 111.467286, 111.572693, 71.660124, 111.065815, 151.487362, 111.573206, 71.860625, 151.481955, 111.293593, 111.539425, 71.565856, 151.555916, 111.50925, 151.585116, 111.675397, 111.673946, 71.790402, 111.691259, 71.754019, 111.842666, 151.648891, 111.54241, 111.771924, 151.697962, 111.591983, 111.712005, 113.19963, 113.28563, 113.94263, 112.623797, 113.479797, 113.139797, 112.756797, 112.861319, 113.130319, 113.578182, 114.24464, 115.04113, 114.999335, 92.116824, 92.243824, 92.002824, 132.313922, 92.211922, 132.198922, 92.276922, 92.776922, 131.903922, 91.535922, 92.17158, 132.24453, 92.55653, 92.37953, 92.49253, 92.379997, 92.137997, 92.596997, 132.275997, 132.097654, 92.284654, 92.064654, 91.940654, 148.273427, 188.150427, 147.971427, 107.950427, 67.732427, 188.365427, 148.354427, 108.560427, 68.628427, 69.104762, 148.288762, 67.747762, 68.190162, 107.558162, 68.742162, 148.29656, 108.57256, 108.656971, 68.593971, 107.971971, 148.648971, 109.041971, 69.087971, 188.2041, 148.2861, 108.2821, 68.4971, 108.8451, 69.0451, 187.857089, 148.271089, 108.193089, 68.341089, 188.161089, 148.066089, 108.107089, 68.694089, 188.451089, 148.187089, 108.778391, 188.397391, 148.238391, 107.970391, 68.049391, 108.710391, 108.481391, 68.753391, 90.078527, 92.495612, 92.247876, 92.212045, 92.568338, 156.16235, 116.288605, 156.841421, 116.911002, 117.637281, 116.309809, 77.04506, 116.470013, 76.988424, 156.586507, 116.567866, 157.555243, 117.465536, 157.10381, 117.204992, 117.582379, 77.56917, 77.909432, 85.176884, 84.852338, 85.723069, 85.879494, 85.151647, 84.342017, 66.197941, 145.636941, 105.631941, 265.357941, 225.321941, 185.553941, 145.549941, 105.513941, 106.069941, 265.248941, 225.200941, 185.393941, 144.956941, 145.527836, 105.691836, 105.262836, 105.990836, 145.270836, 105.239836, 145.453836, 106.005836, 105.945836, 105.205836, 104.676332, 105.641332, 265.468332, 225.634332, 185.577332, 145.528332, 105.426332, 145.384332, 105.681332, 265.603332, 225.286332, 185.449332, 145.279407, 105.293407, 145.921407, 105.914407, 184.964407, 145.317407, 105.145407, 106.361407, 65.985407, 145.608255, 105.849255, 66.033255, 145.644255, 105.837255, 65.891255, 106.114255, 105.998255, 65.929255, 265.200255, 225.082255, 144.913989, 105.066989, 106.050989, 65.985989, 105.133989, 265.509989, 225.459989, 185.370989, 145.331989, 105.523989, 65.348989, 185.108989, 145.408419, 105.631419, 103.212181, 113.660037, 113.807502, 73.887532, 112.968558, 113.521925, 165.236751, 125.514751, 166.139534, 126.334534, 86.199534, 85.838534, 125.017534, 84.833534, 125.646873, 85.642873, 165.204465, 125.293465, 85.026465, 165.701465, 125.102465, 84.799465, 165.102857, 125.240857, 84.810857, 166.181191, 126.472191, 165.487411, 125.260411, 85.193411, 221.712474, 181.498474, 141.565474, 101.731474, 61.781474, 181.692474, 141.837474, 102.034474, 182.149474, 142.431948, 102.387948, 62.299948, 221.123948, 181.041948, 140.682948, 100.758948, 141.892948, 102.131948, 61.896948, 141.970208, 101.778208, 180.828208, 140.891208, 100.936208, 182.254208, 142.312208, 181.565263, 141.541263, 101.702263, 181.913263, 141.955263, 101.927263, 181.704263, 141.862263, 101.590263, 182.454056, 142.560056, 102.520056, 222.507056, 182.617056, 142.704056, 102.714056, 222.306056, 142.06057, 101.77757, 181.00057, 140.74357, 100.67357, 221.08557, 181.35157, 141.24157, 101.21257, 182.326601, 142.500601, 102.327601, 142.466601, 102.411601, 62.574601, 102.906115, 183.556094, 143.563484, 103.713354, 182.809761, 142.725212, 102.767432, 182.9623, 143.185278, 143.225468, 103.049441, 181.910457, 141.992871, 182.579064, 142.747965, 102.699899, 63.072554, 222.158815, 182.414519, 142.238267, 102.304804, 222.490967, 182.448169, 142.355579, 102.43122, 143.822593, 103.603318, 142.3863, 102.41388, 182.96242, 142.943174, 102.822794, 143.397676, 103.37255, 182.790374, 142.962617, 182.783436, 142.39576, 143.350493, 103.170508, 182.843061, 143.140884, 104.498448, 64.265806, 71.879764, 92.009468, 132.405468, 92.573468, 92.695468, 92.954468, 133.037468, 92.963468, 92.534468, 91.900468, 131.571816, 91.848816, 92.803816, 131.348816, 91.143816, 92.320816, 91.086816, 132.652019, 92.931051, 132.524786, 93.028665, 92.704143, 92.368805, 93.027725, 149.096805, 149.292454, 148.86462, 149.52386, 149.716222, 150.800519, 149.175309, 149.711515, 149.07683, 150.462411, 149.586187, 149.949687, 150.352527, 167.602399, 167.461248, 167.829404, 167.563963, 167.732255, 168.698061, 168.56653]
sync delay = 125.575423389
out notify interest = 38718.0
out beacon = 0.0
out data interest = 6353.0
out bundled interest = 1622.0
out data = 9482.0
out ack = 46482.0
out bundled data = 1790.0
collision rx = 380.25
collision tx = 18.9545454545
cache hit = 6916.0
cache hit special = 1204.0
retx_notify_interest = 9365.0
retx_data_interest = 231.0
retx_bundled_interest = 1264.0
state sync duration = 128.615585776
data availability = 1.0
[37.90419, 37.93419, 37.86419, 37.99419, 38.00419, 37.85419, 37.87419, 37.98419, 83.391692, 83.393035, 83.508769, 83.59396, 83.499576, 83.738117, 83.525175, 83.823697, 83.529917, 81.30681, 81.27681, 121.03781, 80.67881, 121.33781, 81.53181, 121.00781, 80.79881, 121.23781, 81.23381, 81.18181, 121.02781, 81.29781, 121.029905, 81.001905, 121.069905, 81.203905, 121.299905, 81.455905, 120.999905, 80.760905, 121.109905, 81.105905, 81.55999, 121.10399, 81.34799, 121.03399, 81.11599, 81.06699, 121.39399, 81.39899, 121.40399, 81.52599, 121.31399, 81.46199, 121.08399, 81.12599, 81.241816, 121.188816, 81.240816, 121.418816, 81.489816, 121.198816, 81.152816, 121.528816, 81.783816, 121.428816, 81.307816, 140.254845, 100.382845, 60.245845, 60.523845, 140.284845, 100.203845, 60.264845, 140.274845, 100.247845, 60.284845, 100.550845, 60.580845, 140.274085, 100.305085, 60.059085, 140.304085, 61.433942, 60.572942, 61.379942, 141.242942, 100.962942, 61.036942, 101.208942, 61.295942, 61.070942, 60.952942, 61.284273, 61.511273, 101.269273, 61.156273, 61.295273, 101.264273, 61.268273, 60.819273, 61.155273, 61.636273, 61.132778, 61.402778, 60.697778, 101.395778, 61.221778, 61.448778, 101.164778, 61.060778, 71.858904, 71.537904, 71.752904, 71.577904, 112.255703, 71.904703, 91.611174, 91.341174, 91.606174, 90.457895, 91.401895, 91.408895, 91.356685, 91.157509, 91.205509, 91.582509, 91.624355, 91.269355, 91.54518, 91.53518, 56.225309, 96.269309, 56.542309, 56.252309, 56.599309, 136.443465, 96.618465, 56.555465, 95.840465, 136.447465, 96.485465, 56.924465, 97.639465, 136.587465, 96.497465, 56.477465, 137.088717, 97.074717, 56.950717, 96.112717, 55.831717, 96.483717, 136.759717, 97.071717, 136.9155, 97.1265, 57.0645, 137.0385, 136.7485, 97.0065, 57.1195, 56.8195, 95.992493, 136.659493, 96.612493, 56.887493, 95.746493, 136.298664, 96.129664, 56.109664, 97.020664, 56.981664, 96.879664, 82.956271, 83.062271, 82.770794, 82.983794, 82.658642, 118.591452, 78.447103, 116.906129, 76.883948, 77.423636, 115.963741, 76.095298, 77.142835, 117.019915, 77.131487, 76.60896, 76.960375, 116.476042, 76.481618, 117.556514, 77.698178, 116.597256, 76.669485, 117.002545, 76.811209, 76.953505, 81.993474, 81.515474, 241.410474, 201.577474, 161.611474, 121.735474, 81.758474, 241.751474, 201.774474, 241.395474, 201.639474, 161.530474, 121.692474, 120.801359, 241.345359, 201.561359, 161.834359, 121.692359, 121.406359, 121.866359, 162.342359, 122.655359, 82.603359, 121.394359, 81.782359, 121.808801, 241.452801, 201.517801, 161.648801, 121.870801, 81.149801, 121.336801, 121.802801, 241.428801, 201.280801, 161.575801, 121.615801, 121.434801, 102.247429, 62.570429, 102.062429, 62.213429, 101.717429, 61.451429, 62.678429, 62.158429, 142.215429, 101.679545, 102.206545, 102.175545, 62.230545, 102.262545, 101.650545, 101.168545, 101.538545, 101.495545, 101.819545, 102.032926, 61.995926, 101.912926, 102.299926, 62.923926, 102.040926, 102.202926, 101.650926, 61.732926, 101.492354, 102.340354, 101.216354, 61.158354, 182.497354, 142.542354, 102.377354, 61.525354, 102.533354, 101.882354, 102.621203, 62.753203, 110.244901, 70.217901, 110.779901, 70.931901, 111.203901, 110.201665, 70.448665, 110.402665, 69.983665, 71.452665, 71.470141, 110.337931, 70.566931, 111.037931, 71.063931, 70.177411, 69.544283, 54.661817, 56.235817, 55.683817, 55.875817, 55.318817, 56.042817, 55.557174, 56.778972, 175.929164, 136.139164, 96.027164, 56.196164, 176.796164, 136.724164, 96.548164, 136.099164, 96.026164, 176.257296, 136.120296, 96.024296, 136.652296, 96.911296, 57.220296, 176.483296, 136.232296, 96.564296, 178.109296, 136.981703, 96.720703, 56.602703, 56.202703, 176.370703, 136.406703, 96.288703, 137.168703, 97.444703, 177.014153, 137.108153, 96.837153, 176.439153, 136.536153, 96.502153, 137.355153, 97.308153, 57.484153, 137.944153, 57.277217, 176.615217, 136.195217, 96.325217, 137.658217, 97.594217, 176.765217, 136.790217, 98.015287, 57.847287, 176.203287, 136.112287, 95.911287, 137.509287, 97.403287, 57.416287, 176.927287, 96.727856, 56.868856, 177.116856, 137.066856, 97.084856, 97.482856, 57.318856, 176.338856, 135.882856, 176.514663, 136.645663, 96.462663, 95.607663, 55.481663, 136.903663, 96.944663, 136.331663, 96.296663, 177.137191, 137.412191, 97.315191, 57.535191, 96.040191, 55.898191, 176.575191, 136.440191, 96.246191, 176.032895, 136.026895, 96.117895, 177.168895, 137.016895, 96.890895, 176.148895, 136.057895, 176.539403, 136.452403, 96.462403, 176.845403, 136.658403, 96.199403, 56.618403, 177.299403, 96.193578, 56.435578, 176.385578, 136.177578, 96.113578, 136.969578, 97.137578, 57.188578, 137.4685, 97.1235, 176.7235, 136.5485, 97.0805, 91.674169, 91.332632, 92.003408, 91.182154, 92.067561, 92.067608, 91.584357, 91.918181, 91.174261, 91.875335, 93.033236, 91.597677, 91.386719, 92.457134, 113.973908, 113.049086, 114.543204, 114.80914, 113.543862, 113.514578, 113.534103, 113.482199, 131.486429, 131.201385, 131.462014, 131.062046, 131.930325, 130.038324]
sync delay = 103.174267143
out notify interest = 36156.0
out beacon = 0.0
out data interest = 6085.0
out bundled interest = 1504.0
out data = 9339.0
out ack = 46521.0
out bundled data = 2091.0
collision rx = 242.590909091
collision tx = 56.8181818182
cache hit = 8502.0
cache hit special = 1536.0
retx_notify_interest = 6279.0
retx_data_interest = 272.0
retx_bundled_interest = 609.0
state sync duration = 103.953305093
data availability = 1.0
[37.965, 37.985, 38.045, 37.935, 37.785, 38.015, 37.795, 38.025, 38.035, 37.885, 37.865, 37.895, 37.905, 52.015216, 52.045216, 52.265216, 52.035216, 52.025216, 76.041862, 116.098862, 76.086862, 76.074862, 76.682862, 36.580862, 116.213677, 76.596677, 115.983677, 75.804677, 116.313677, 76.179677, 116.043677, 76.308677, 116.263677, 76.200677, 116.033677, 75.968677, 116.283677, 76.219277, 76.315277, 116.105277, 76.092277, 76.254277, 76.294277, 116.035277, 116.393191, 76.152191, 116.063191, 76.116191, 116.443191, 76.478191, 116.213191, 76.008191, 76.128191, 76.127915, 36.514915, 116.057915, 75.794915, 116.207915, 76.031915, 76.173915, 116.130414, 76.043414, 116.250414, 76.386414, 116.140414, 76.158414, 116.370414, 76.372414, 116.260414, 76.392414, 116.040414, 116.357588, 76.506588, 76.122588, 116.127588, 76.167588, 116.077588, 76.135588, 116.297588, 76.382588, 75.935505, 57.470574, 57.442574, 58.135574, 57.631574, 57.858574, 57.575574, 58.146574, 57.630574, 57.498781, 57.443781, 57.253781, 58.070781, 57.750781, 57.470781, 57.893781, 57.705781, 97.698252, 57.828252, 57.612252, 58.259252, 98.022252, 58.110252, 57.423252, 57.631252, 97.740252, 57.758252, 57.805819, 57.585819, 57.303819, 72.46758, 72.04958, 72.38858, 71.57758, 72.341799, 71.651799, 72.385693, 72.140191, 151.996124, 111.792301, 151.886954, 112.007593, 72.513816, 152.33836, 111.984888, 84.250438, 84.819679, 84.307679, 85.069679, 85.058679, 84.633679, 85.240921, 86.105777, 85.460561, 85.93704, 85.692358, 50.449066, 50.003066, 49.643066, 50.164074, 54.24771, 143.73256, 103.60522, 63.67536, 144.246375, 63.629866, 143.711453, 103.726769, 63.668239, 103.648059, 63.292569, 144.132056, 103.737378, 63.985278, 104.692575, 65.028165, 144.373953, 104.322377, 63.824396, 103.590566, 63.716549, 144.533179, 104.652567, 64.931653, 103.770481, 63.811122, 103.692196, 63.449531, 143.839888, 103.841857, 64.261665, 143.823474, 103.757263, 63.906359, 103.50987, 63.679392, 65.194721, 144.22703, 104.226273, 64.337152, 104.01313, 64.074939, 64.595726, 104.49734, 64.513898, 63.961838, 64.118747, 65.000854, 64.724667, 147.435804, 107.467534, 67.672707, 30.619677, 30.500068, 30.900749, 85.188711, 85.191429, 84.336001, 84.74892, 84.332718, 85.169722, 204.60577, 164.635301, 124.658938, 84.785613, 124.873768, 84.958124, 125.030533, 85.004155, 205.03061, 165.221204, 125.594879, 85.846987, 45.132562, 204.953036, 164.700176, 124.783759, 84.791498, 124.426002, 84.534883, 85.083605, 125.633058, 85.836428, 45.789009, 45.082586, 45.255818, 85.578673, 45.256247, 52.144634, 52.654151, 53.038174, 51.930411, 52.195713, 52.563457, 52.161526, 53.231031, 55.245101, 54.216101, 54.185101, 53.324101, 54.289101, 53.736101, 54.188101, 55.321921, 56.993281, 57.07807, 56.770229, 78.455161, 47.149676, 47.609676, 47.610676, 87.386676, 47.573676, 48.179676, 87.514676, 47.593676, 87.197418, 88.029418, 87.631418, 87.596418, 87.053418, 46.671418, 47.601418, 87.789418, 87.176418, 87.941572, 87.471572, 47.509572, 88.620572, 87.668572, 47.415572, 47.867786, 47.045786, 87.556786, 47.931786, 47.865786, 47.012786, 48.334786, 48.295786, 47.375786, 47.655859, 47.310859, 87.727859, 47.862859, 87.057859, 88.37135, 88.78735, 88.24135, 88.23144, 87.998328, 87.562328, 88.462328, 88.330328, 88.452328, 88.146239, 89.173239, 87.886239, 88.442692, 87.996692, 87.824692, 89.534692, 89.589692, 57.060831, 56.946831, 57.294831, 57.465831, 56.867831, 96.75577, 97.30477, 96.92677, 96.91977, 57.19084, 56.80984, 56.93984, 56.59384, 58.32784, 96.999999, 56.873999, 57.482999, 57.300999, 58.101843, 57.074843, 57.375843, 56.471843, 56.704843, 56.514112, 96.464112, 56.942112, 56.807112, 56.71533, 57.99533, 57.81133, 56.14533, 56.617281, 21.292931, 60.830931, 20.614931, 20.220931, 20.517931, 20.919931, 60.319931, 60.713931, 20.893931, 60.328458, 61.492458, 60.526458, 61.151458, 20.943458, 60.251458, 21.135458, 20.862458, 60.511458, 60.520458, 23.04536, 22.17936, 22.60736, 22.489225, 22.151225, 22.410225, 23.449225, 22.506225, 133.870724, 94.182724, 54.159724, 93.595724, 53.531724, 134.927724, 95.156724, 55.256724, 95.097724, 55.188724, 134.111923, 94.246923, 54.071923, 95.276923, 55.367923, 92.974923, 52.933923, 94.306923, 54.737923, 94.720923, 133.814351, 93.554351, 53.516351, 54.148351, 93.539351, 53.859351, 54.299351, 95.609351, 55.573351, 94.411351, 54.813815, 54.071815, 94.266815, 54.209815, 53.730815, 93.934815, 53.889815, 55.067815, 93.658815, 53.889815, 134.697264, 94.763264, 54.667264, 54.053264, 54.440264, 54.413264, 93.735264, 53.851264, 94.411264, 54.314264, 93.978636, 53.722636, 54.229636, 94.416636, 54.190636, 54.296636, 134.487636, 93.915636, 54.154636, 94.038636, 55.175031, 134.315031, 94.526031, 54.508031, 135.364031, 95.691031, 55.301031, 94.168031, 53.808031, 94.773031, 53.5762, 54.8342, 55.0042, 129.219405, 129.178379, 129.18947, 130.352443, 129.41215, 129.453236]
sync delay = 76.7931889932
out notify interest = 34676.0
out beacon = 0.0
out data interest = 6209.0
out bundled interest = 1959.0
out data = 10118.0
out ack = 52357.0
out bundled data = 2469.0
collision rx = 322.795454545
collision tx = 69.4090909091
cache hit = 9688.0
cache hit special = 2021.0
retx_notify_interest = 4139.0
retx_data_interest = 302.0
retx_bundled_interest = 1896.0
state sync duration = 79.4955816591
data availability = 1.0
[29.907012, 29.877012, 29.867012, 29.857012, 30.007012, 30.017012, 29.767012, 29.997012, 29.757012, 29.987012, 29.837012, 29.957012, 29.727012, 29.747012, 29.737012, 29.967012, 29.937012, 29.785945, 74.261745, 34.206745, 74.108745, 74.645745, 34.549745, 114.226745, 74.143745, 74.445745, 34.284745, 114.1449, 74.2529, 34.1609, 114.1549, 73.9189, 114.3849, 74.2569, 114.1649, 74.1159, 114.3949, 74.4859, 114.3449, 74.2709, 74.129472, 34.581472, 74.203472, 33.970472, 114.225472, 74.124472, 74.981472, 34.868472, 74.531472, 34.589472, 74.570472, 34.256472, 114.150785, 74.257785, 34.093785, 114.480785, 74.656785, 34.783785, 114.340785, 74.330785, 34.588785, 114.560785, 74.639785, 34.702785, 114.330785, 74.291785, 114.333167, 74.580167, 34.388167, 114.183167, 73.999167, 34.108167, 74.156167, 114.163167, 74.090167, 34.483167, 74.478167, 34.885167, 114.551277, 74.661277, 74.669277, 34.447277, 114.211277, 74.327277, 34.205277, 114.491277, 74.794277, 34.398277, 114.261277, 73.852277, 114.413609, 74.761609, 34.891609, 114.513609, 74.380609, 114.183609, 74.161609, 34.392609, 114.403609, 74.157609, 114.283609, 114.303139, 74.400139, 74.292139, 55.352088, 55.474806, 55.601806, 55.558806, 56.176119, 55.966405, 56.463466, 95.929122, 56.068122, 96.094122, 136.098122, 96.269122, 96.390122, 56.505828, 56.953828, 56.028828, 55.783828, 56.197828, 56.873828, 56.258828, 136.218828, 96.124828, 95.400309, 96.239309, 96.036309, 96.375259, 136.508259, 96.091259, 56.405259, 136.448259, 96.442259, 96.716259, 96.081741, 136.349741, 96.718741, 56.405741, 136.101741, 96.256741, 56.055034, 69.614028, 69.950028, 70.098028, 69.587028, 69.565028, 69.449741, 70.469741, 69.657741, 69.523741, 69.969741, 69.543889, 69.521889, 69.463889, 69.700889, 69.504889, 69.456435, 68.720435, 69.397435, 69.339435, 70.115435, 70.385435, 69.356435, 69.727435, 69.743435, 69.788435, 70.278435, 41.030175, 41.690175, 41.364175, 41.149175, 40.936175, 40.985175, 41.430307, 41.433307, 41.460307, 41.004307, 41.102307, 42.023843, 41.051843, 40.44571, 41.53771, 41.04571, 41.33971, 42.18471, 41.27671, 41.425357, 40.933357, 40.817357, 41.249357, 41.046357, 46.510047, 45.849565, 46.409668, 46.289373, 47.043763, 9.52169, 10.264035, 9.402003, 9.445547, 9.873406, 9.675265, 10.323265, 49.947265, 9.958265, 90.014265, 49.781265, 9.415265, 11.584265, 90.409265, 50.338265, 51.096672, 10.994672, 50.576672, 10.638672, 50.950672, 11.233672, 50.087672, 9.797672, 49.872672, 10.467755, 10.025755, 90.596755, 50.522755, 10.587755, 90.247755, 50.158755, 10.244755, 10.822755, 90.251755, 9.75475, 90.33375, 50.51975, 10.45975, 10.04975, 50.45375, 10.33075, 50.61075, 10.75675, 90.07875, 50.660234, 10.492234, 10.341234, 49.984234, 10.308234, 17.78215, 17.958356, 17.524886, 17.959797, 18.401551, 17.879827, 17.797334, 18.731891, 20.615272, 26.032994, 25.664625, 51.579306, 51.746637, 51.737025, 51.524346, 51.226844, 51.729239, 26.010054, 26.756054, 26.081054, 25.706054, 26.183054, 27.757248, 26.317248, 26.373827, 26.287827, 26.341827, 26.395827, 25.520534, 25.889534, 26.141534, 27.028534, 26.016534, 26.772534, 26.497534, 25.92723, 26.48423, 26.21023, 27.878277, 28.127277, 27.875277, 26.887277, 27.805277, 28.087277, 27.299277, 27.939555, 28.721555, 30.351205, 30.712707, 30.365449, 29.933465, 30.695917, 33.659991, 33.711991, 73.936991, 33.907991, 74.811991, 74.119763, 33.809763, 33.715763, 74.523763, 34.324763, 74.299763, 34.694239, 73.888239, 33.886239, 73.537239, 33.603239, 73.391239, 34.375059, 73.694059, 33.960059, 33.426059, 55.264846, 56.295846, 55.417846, 57.911846, 56.050846, 56.744553, 56.628553, 56.223553, 16.154553, 55.850553, 56.773305, 56.063305, 55.595305, 56.028305, 56.301443, 56.160443, 56.275443, 56.984443, 56.51615, 55.96215, 56.03615, 55.85015, 56.454294, 17.987767, 18.098948, 18.04818, 18.591034, 18.654356, 23.357007, 23.596752, 23.44277, 25.536947, 25.475081, 24.478396, 24.861482, 76.885431, 36.710301, 76.645219, 36.492179, 76.566045, 36.191534, 76.076367, 36.085875, 75.879528, 36.269888, 76.866187, 36.781072, 35.357608, 36.38626, 76.682974, 36.704352, 36.776061, 37.387004, 76.773441, 36.834671, 38.451852, 77.137682, 37.11549, 36.697948, 77.099052, 37.091431, 36.232128, 90.53804, 51.04604, 90.43304, 50.28404, 51.05404, 91.37104, 51.35004, 91.26404, 51.29404, 51.20304, 90.848778, 50.791778, 53.014778, 90.940778, 50.885778, 51.105778, 91.359778, 51.353778, 90.737778, 50.905778, 51.732711, 91.122711, 51.031711, 51.046711, 90.140711, 50.075711, 90.732711, 50.498711, 50.085711, 90.963711, 51.328108, 91.455108, 51.382108, 91.020108, 51.258108, 50.743108, 49.779108, 50.618108, 50.965108, 51.868108, 50.514434, 51.152434, 50.753434, 51.292434, 50.956434, 51.505434, 51.148434, 51.539434, 50.566434, 50.398434, 50.902624, 51.290624, 128.520233, 127.688844, 127.562164, 127.55223, 128.041731, 128.561172]
sync delay = 55.6873092
out notify interest = 34267.0
out beacon = 0.0
out data interest = 6271.0
out bundled interest = 1863.0
out data = 11332.0
out ack = 59384.0
out bundled data = 2022.0
collision rx = 473.977272727
collision tx = 80.3636363636
cache hit = 12738.0
cache hit special = 3158.0
retx_notify_interest = 2783.0
retx_data_interest = 394.0
retx_bundled_interest = 1126.0
state sync duration = 57.4674727727
