data availability = 1.0
[127.292213, 127.252213, 127.192213, 127.285175, 127.165175, 135.83696, 135.929706, 136.009706, 144.920935, 104.958436, 144.629857, 144.604406, 105.366002, 144.639172, 144.636951, 144.710891, 144.715394, 104.765327, 145.028594, 105.086407, 149.018309, 150.940632, 151.023917, 216.250541, 176.038541, 216.030541, 176.016541, 216.260541, 176.141541, 136.052541, 216.270541, 175.918541, 216.077663, 176.109663, 216.137663, 176.080663, 216.247663, 175.977663, 135.843663, 216.017663, 216.117663, 176.051663, 176.383418, 136.239418, 216.096418, 176.033418, 215.986418, 215.996418, 216.020953, 176.278953, 216.080953, 175.888953, 176.118953, 216.046886, 216.016886, 216.066886, 175.887886, 216.076886, 175.736886, 216.186886, 176.176886, 137.641828, 170.487958, 254.526413, 214.591413, 175.048439, 214.796439, 174.792439, 174.664352, 254.570352, 214.814352, 254.587036, 214.364036, 214.968036, 175.297483, 254.603483, 214.656483, 214.706645, 174.762645, 174.499645, 254.577135, 214.353135, 214.747884, 174.539884, 254.60085, 214.33585, 214.977706, 175.040706, 215.314706, 175.060706, 175.766706, 135.900706, 215.531384, 175.757384, 175.901384, 215.030384, 175.103384, 215.106577, 175.104577, 134.994007, 215.329007, 175.115007, 215.448442, 175.433442, 215.092368, 175.053368, 207.93424, 167.862627, 168.252726, 168.503922, 215.962434, 177.111434, 216.202753, 176.162753, 216.266969, 176.583969, 216.089969, 176.122389, 136.326389, 176.049093, 135.791093, 217.884157, 217.879157, 177.936157, 177.176157, 217.709301, 178.069301, 138.103301, 217.392301, 177.817841, 137.531841, 217.881379, 177.892379, 189.967513, 149.797513, 190.026513, 150.140513, 189.766513, 150.111513, 190.082954, 150.140954, 190.082954, 149.927954, 189.921086, 150.325086, 149.417086, 190.234086, 150.415086, 150.048387, 150.595387, 150.953159, 190.141992, 189.769507, 189.935266, 190.040096, 190.521902, 150.133481, 150.22223, 150.904589, 270.389805, 230.401805, 190.654805, 150.567805, 151.087805, 270.404805, 230.282805, 190.130805, 149.882805, 189.954805, 270.184646, 229.800646, 189.916646, 270.173646, 229.917646, 189.907646, 149.925646, 270.735646, 230.470646, 190.891646, 150.471646, 191.36672, 151.46772, 149.63472, 189.72872, 270.87872, 230.51172, 190.60472, 150.64072, 150.56772, 163.791206, 123.210835, 162.646951, 163.942506, 163.757337, 163.356786, 123.823209, 163.847268, 265.523983, 225.454983, 145.945983, 265.845983, 225.654983, 265.794983, 225.608983, 186.249784, 265.732784, 226.201784, 225.678786, 185.844786, 266.056833, 225.923833, 265.930833, 225.753833, 146.31619, 195.775937, 154.674361, 156.217706, 195.39274, 155.921299, 155.735273, 154.918302, 154.444623, 115.472277, 195.671259, 155.886037, 155.729972, 196.088956, 195.709711, 195.766668, 195.40199, 156.324087, 155.92023, 116.160703, 154.894023, 156.369512, 155.778927, 155.405413, 156.830876, 116.743265, 210.101537, 169.940537, 130.279058, 168.967058, 209.870058, 169.718058, 209.962052, 170.04971, 130.24371, 170.89771, 170.239196, 170.74925, 209.70925, 169.71025, 210.057968, 170.012968, 210.547968, 170.498683, 235.452299, 235.817299, 236.516305, 235.358518, 235.990877, 196.104877, 156.130877, 196.445174, 196.476117, 236.336074, 236.688074, 195.811974, 155.813974, 236.34686, 236.29786, 275.45186, 195.730722, 236.085227, 235.344818, 195.350818, 196.553933, 156.469933, 316.41021, 276.23421, 123.195226, 162.887226, 162.815226, 162.610226, 242.775226, 202.668226, 243.08559, 202.93459, 162.92959, 243.19259, 203.14959, 163.19459, 162.79759, 163.07259, 242.110117, 202.088117, 163.583117, 123.501117, 242.340117, 202.364117, 202.087117, 162.262969, 242.803969, 202.761969, 161.817969, 121.715969, 162.549202, 243.170202, 202.651202, 162.513202, 123.004202, 163.694202, 243.378958, 203.034958, 202.150958, 162.282958, 122.395958, 203.678958, 163.583958, 162.262135, 163.811135, 123.958135, 84.089135, 123.946797, 163.581797, 162.775481, 223.380012, 183.462279, 224.739828, 184.865298, 144.862828, 185.627962, 223.82635, 183.816366, 143.613123, 224.150673, 184.122497, 224.859067, 184.759614, 144.573895, 104.689549, 184.479581, 144.593722, 104.669659, 144.222841, 225.080783, 184.918331, 105.157296, 224.838848, 185.14929, 225.054889, 184.941411, 185.729407, 145.698009, 224.133463, 183.852345, 160.357665, 159.678587, 159.109943, 133.01575, 131.02575, 171.28175, 131.30275, 130.75575, 170.74775, 130.48275, 171.15675, 131.280232, 131.395232, 171.497341, 131.526341, 170.836341, 131.458341, 171.948341, 131.964341, 239.385963, 240.028963, 199.977963, 159.507963, 199.470963, 159.184575, 200.828391, 160.815817, 201.669206, 281.157809, 240.998917, 201.075768, 161.956714, 281.615762, 241.691934, 201.339536, 281.060216, 241.213446, 201.123819, 201.45484, 240.973567, 161.645068, 241.480655, 282.226473, 242.077006, 202.068304, 172.008324, 218.740452, 179.493452, 179.122452, 179.618452, 179.207452, 178.254452, 219.038452, 219.568452, 179.244001, 218.874001, 218.459001, 179.199001, 218.325001, 179.732001, 190.313671, 189.600671, 189.988671, 189.403671, 190.423671, 189.260381, 190.370381, 189.436381, 279.237036, 279.280438, 279.928554, 239.750535, 280.036595, 240.241429, 279.991197, 280.0736, 279.230748, 268.196427, 268.135275, 268.949328, 268.839763, 269.129463, 267.852187]
sync delay = 188.74472486136364
out notify interest = 8473.0
out beacon = 20665.0
out data interest = 6030.0
out bundled interest = 1596.0
out data = 7401.0
out ack = 6049.0
out bundled data = 1411.0
cache hit = 5485.0
cache hit special = 672.0
retx_notify_interest = 3705.0
retx_data_interest = 296.0
retx_bundled_interest = 807.0
state sync duration = 190.11548193166283
