data availability = 1.0
[125.492967, 125.402967, 125.372967, 125.506762, 125.466762, 135.322537, 135.302537, 135.298461, 135.388461, 135.258461, 143.780255, 103.961282, 143.530877, 143.533519, 103.99045, 143.55674, 143.617321, 143.633579, 143.605087, 103.7344, 144.010877, 104.152966, 148.484872, 215.177761, 215.197761, 215.427761, 175.819761, 135.694761, 215.237761, 175.480761, 215.222093, 175.089093, 215.342093, 175.460093, 215.161469, 215.171469, 215.210222, 215.440222, 175.509222, 135.604222, 215.190222, 215.38876, 174.82076, 215.43876, 175.46476, 175.24076, 215.41876, 175.49876, 175.359807, 135.459807, 175.54371, 215.493502, 175.552228, 215.462096, 175.589291, 215.706775, 175.816642, 135.656212, 215.523218, 175.795659, 215.860743, 175.768998, 137.836803, 137.196589, 214.279654, 173.963654, 254.234654, 214.106654, 214.086654, 174.214654, 214.510257, 174.611257, 134.588257, 174.667257, 214.586257, 174.577257, 214.279416, 174.186416, 254.237416, 254.28425, 214.37225, 214.785812, 175.133812, 214.223812, 174.262812, 174.545812, 214.503629, 174.273629, 214.346629, 174.274629, 254.287629, 214.117629, 254.247629, 213.946973, 174.441973, 214.508973, 174.342973, 214.693973, 174.965973, 174.659559, 174.305559, 214.732559, 174.506115, 134.492115, 214.078292, 254.336868, 214.612384, 168.388705, 168.804634, 169.522365, 214.388241, 175.369241, 135.675241, 215.425661, 175.544661, 215.80222, 175.63222, 175.34359, 214.71459, 215.62659, 175.196486, 135.271486, 215.259747, 175.642747, 175.561747, 215.04261, 176.08361, 135.92461, 215.452639, 175.86573, 135.64873, 175.19273, 215.270364, 189.490983, 149.975983, 150.218983, 189.167983, 189.221935, 189.885935, 189.842935, 150.059935, 189.563789, 189.832789, 191.573985, 151.786816, 271.131602, 231.060602, 190.991602, 151.028602, 271.251622, 231.319622, 191.512622, 151.584622, 271.748053, 231.425053, 191.466053, 150.961053, 271.322809, 231.129809, 190.916809, 150.600809, 151.644809, 271.444809, 191.895758, 151.609758, 271.719758, 231.750758, 191.468758, 151.331758, 231.417758, 191.324758, 151.163758, 151.396758, 151.572495, 191.48691, 151.513601, 151.914359, 152.241044, 192.413235, 152.18163, 151.906521, 192.281435, 152.744019, 191.302966, 151.4131, 162.292312, 162.52252, 122.177245, 162.711502, 163.414967, 123.413463, 163.191162, 163.365255, 206.529971, 166.682971, 206.163188, 166.194188, 266.367797, 226.880797, 267.071797, 227.042797, 266.657797, 226.575797, 267.289196, 227.361196, 227.762196, 187.688984, 147.114804, 187.469804, 267.349663, 227.223663, 147.149663, 266.926663, 226.785663, 154.841184, 156.185449, 156.243085, 156.06309, 156.695118, 116.040293, 196.501961, 156.344745, 196.499093, 196.233896, 156.599218, 157.79542, 117.899529, 196.719059, 197.101445, 156.410728, 197.483488, 157.406633, 197.534958, 157.738915, 157.0532, 158.283028, 157.370692, 158.090352, 118.005842, 169.708533, 130.494525, 171.309372, 211.661796, 171.793796, 172.327796, 132.358796, 173.682032, 224.738959, 184.362242, 236.555823, 275.427823, 234.934823, 194.639823, 235.678823, 236.128048, 316.213264, 276.302264, 196.881677, 156.709677, 236.310677, 196.306677, 235.360301, 236.820464, 196.658936, 236.261936, 236.148936, 156.354837, 236.465558, 196.250558, 236.404536, 196.531536, 196.424536, 156.033951, 161.775611, 121.821611, 200.941611, 160.730611, 201.490611, 161.436611, 201.260611, 161.161611, 241.659611, 201.822611, 241.999953, 202.179953, 241.714953, 201.545953, 160.984953, 242.153953, 202.072953, 201.792187, 161.779187, 161.980187, 241.497187, 201.324187, 161.402187, 202.755187, 163.046187, 161.57931, 121.46631, 123.13631, 200.95031, 160.74831, 201.50931, 161.95631, 122.10031, 241.35231, 161.398434, 200.361434, 160.431434, 162.240434, 122.471434, 162.536434, 162.008562, 121.983562, 241.533562, 201.544562, 240.915562, 200.756562, 160.820562, 241.494562, 201.563562, 161.577757, 241.572757, 201.621757, 161.514757, 241.893757, 202.047757, 161.896757, 241.538757, 201.652757, 201.393708, 161.484708, 161.528708, 160.168708, 201.419708, 161.454708, 162.068708, 122.033708, 162.803802, 122.883446, 162.815797, 161.900944, 120.920504, 143.911246, 224.051246, 184.215246, 144.007246, 184.713246, 144.888246, 105.041246, 224.006246, 184.29502, 144.16202, 224.16902, 184.33802, 144.20502, 104.23902, 224.39202, 184.173194, 144.428194, 104.667194, 223.157194, 183.069194, 143.109194, 144.933194, 104.978194, 184.680194, 224.068566, 183.752566, 144.152566, 224.266566, 183.993566, 144.317566, 144.484566, 116.936001, 158.631787, 119.621787, 159.240843, 158.490843, 118.405843, 158.148843, 131.246619, 171.494619, 131.614619, 131.345619, 171.058619, 131.086619, 131.638619, 170.439619, 130.050619, 132.309489, 171.103489, 130.974489, 170.582489, 130.328489, 170.273489, 130.151489, 227.478458, 187.72102, 147.91026, 173.841126, 219.415506, 219.210209, 219.221419, 220.132298, 220.041144, 220.923907, 180.126068, 180.118256, 180.959909, 180.451391, 180.63093, 192.366257, 191.321532, 191.120229, 192.52561, 191.012292, 191.911762, 191.949669, 191.184489, 192.500627, 192.07615, 191.9825, 279.911358, 240.242348, 279.06446, 279.595254, 279.183119, 279.526136, 240.339023, 279.540313, 279.953416, 268.73816, 274.401494, 274.018005, 274.481497, 274.476335, 274.309597, 274.243394]
sync delay = 185.84853745227275
out notify interest = 8920.0
out beacon = 20216.0
out data interest = 6618.0
out bundled interest = 1749.0
out data = 8064.0
out ack = 6290.0
out bundled data = 1432.0
cache hit = 5905.0
cache hit special = 740.0
retx_notify_interest = 4047.0
retx_data_interest = 699.0
retx_bundled_interest = 1080.0
state sync duration = 186.97944490719257
