data availability = 1.0
[126.938388, 127.058388, 126.968388, 127.07358, 127.03358, 135.208114, 135.198114, 135.288114, 144.291584, 144.601139, 104.320009, 104.529086, 144.373474, 144.395562, 144.40578, 144.372046, 144.391795, 104.467089, 144.799258, 104.775537, 148.285467, 151.301756, 151.056519, 151.301388, 151.097898, 151.161282, 151.172491, 151.203272, 151.199979, 215.758436, 215.788436, 176.086436, 215.778436, 175.432436, 216.008436, 175.626436, 215.756718, 215.876718, 176.333718, 215.816718, 175.910718, 215.776718, 175.775718, 216.006718, 175.844718, 136.123718, 175.654316, 216.010036, 176.051036, 215.820036, 175.512036, 175.906036, 135.853036, 215.840036, 175.755036, 215.870036, 175.693036, 215.760036, 176.099873, 216.008873, 175.618873, 135.490873, 215.928873, 175.607873, 215.867482, 215.847482, 215.857482, 137.392577, 137.830555, 167.222216, 215.977519, 176.089519, 215.352012, 216.443012, 176.894012, 215.856012, 216.616012, 176.528012, 176.088214, 215.716214, 216.011268, 175.965268, 216.287268, 176.492268, 216.795613, 176.688613, 136.742613, 216.206613, 175.922613, 216.428304, 176.334304, 216.140304, 176.190304, 216.085304, 216.237412, 176.331412, 175.773412, 176.493412, 215.908412, 176.090412, 216.028412, 216.003931, 176.066931, 216.530931, 176.571931, 136.785931, 176.701883, 168.134938, 167.897938, 168.744438, 270.054737, 230.325737, 190.407737, 150.143737, 151.047737, 269.944737, 230.202737, 189.916737, 149.640737, 270.200983, 230.398983, 190.619983, 150.780983, 190.349983, 150.285983, 269.905983, 229.794983, 189.878983, 149.808983, 270.495186, 230.556186, 190.444186, 150.442186, 149.623186, 269.942186, 230.175186, 190.368186, 150.498186, 202.343083, 163.175623, 202.168326, 162.285074, 163.27745, 242.251057, 202.434954, 162.517342, 242.692393, 202.84827, 162.335748, 243.152469, 203.004559, 162.813473, 202.838699, 242.735418, 202.45224, 162.547742, 203.048553, 203.260316, 163.186302, 203.884778, 163.806829, 243.009082, 203.063331, 163.046176, 203.809828, 163.572293, 163.234386, 122.988386, 124.018386, 163.822319, 268.264967, 228.202967, 188.329718, 268.866575, 229.014575, 267.975575, 227.774575, 268.643936, 228.609936, 148.093327, 229.866608, 190.067608, 149.933608, 230.024608, 189.951608, 229.398608, 189.395608, 269.687608, 229.628608, 229.889303, 190.204303, 230.466303, 190.387303, 269.661041, 229.779041, 189.735041, 270.387656, 230.351656, 190.478656, 230.981656, 190.810656, 270.624656, 230.740656, 230.626942, 190.381942, 231.972605, 191.772605, 272.332605, 232.374605, 192.134605, 233.522605, 193.559605, 272.537162, 232.442162, 192.806162, 195.599412, 156.312412, 156.899412, 195.987412, 156.260412, 156.020412, 115.881412, 196.680691, 156.464132, 116.502132, 196.105132, 155.329132, 156.153292, 157.062292, 156.613292, 115.477573, 196.099573, 154.915724, 156.759724, 155.584724, 155.464096, 196.180096, 196.221204, 156.138204, 211.85365, 171.06865, 131.06765, 130.761412, 172.115412, 211.559412, 211.697647, 171.148647, 211.215647, 211.552029, 171.270029, 210.845399, 170.863399, 171.843399, 171.499421, 170.970421, 171.572421, 211.284622, 171.609627, 236.006121, 196.222121, 235.123015, 236.659601, 196.396601, 156.502601, 235.815139, 196.060139, 236.657254, 235.773254, 236.313618, 196.561618, 235.969116, 197.272116, 235.989116, 235.94134, 315.480464, 275.805464, 235.985133, 196.093133, 156.155133, 195.741054, 155.619054, 122.68755, 161.527024, 241.574024, 201.206024, 161.892727, 161.522727, 121.589727, 161.081727, 120.939727, 200.217195, 160.048195, 162.614195, 241.999845, 202.033845, 161.842898, 241.260898, 201.018898, 161.951898, 242.000542, 201.887542, 241.288542, 201.520542, 161.713614, 161.34322, 162.138, 202.488, 162.301, 122.197, 161.087, 241.35, 201.47, 201.457461, 161.873461, 122.083461, 241.811461, 201.607461, 161.547461, 161.586773, 161.898773, 241.304773, 201.610773, 162.363135, 161.441135, 161.208135, 121.107135, 122.350862, 123.208399, 122.535147, 162.389777, 162.810137, 161.731309, 226.035617, 185.559231, 146.388632, 106.31963, 226.139238, 186.221273, 146.031756, 106.314023, 186.909408, 147.001223, 107.000563, 105.721482, 226.328842, 186.689939, 146.637366, 107.086054, 226.396625, 186.388198, 146.392157, 226.378318, 186.579145, 146.768779, 146.547506, 227.07288, 187.230779, 146.83985, 227.733279, 187.715923, 146.733399, 225.844551, 185.787741, 145.01755, 227.269847, 186.976145, 226.919399, 186.70943, 146.602952, 187.00259, 147.087734, 146.38874, 106.491782, 225.95476, 185.613627, 145.597825, 226.882842, 186.764725, 146.983667, 227.381043, 187.423633, 187.963146, 147.678884, 117.888887, 118.104221, 173.110969, 133.168969, 132.402969, 130.194969, 172.181969, 132.451969, 172.423969, 170.849444, 130.824444, 132.793444, 132.508444, 131.957444, 173.250588, 179.881843, 179.161843, 179.548843, 180.705843, 220.280843, 219.120843, 179.541843, 179.291308, 219.373308, 219.379308, 179.322308, 219.397308, 219.554308, 178.779093, 191.000686, 191.191614, 190.350525, 190.670659, 190.879331, 190.77184, 190.996538, 190.824284, 253.548935, 213.343935, 252.311935, 212.090935, 240.089959, 279.63845, 279.657602, 239.716811, 279.908467, 279.370222, 280.308824, 278.915821, 279.684635, 267.514653, 268.376046, 267.887039, 268.747533, 268.469822, 268.705906, 268.121128]
sync delay = 188.8764016272727
out notify interest = 8371.0
out beacon = 20111.0
out data interest = 6637.0
out bundled interest = 1683.0
out data = 8294.0
out ack = 6169.0
out bundled data = 1431.0
cache hit = 6193.0
cache hit special = 882.0
retx_notify_interest = 3572.0
retx_data_interest = 208.0
retx_bundled_interest = 1247.0
state sync duration = 193.491599737819
