data availability = 1.0
[126.170729, 126.040729, 126.160729, 126.070729, 126.135914, 138.004886, 137.920063, 137.930063, 143.916577, 103.808577, 143.566577, 143.596577, 143.586577, 143.546577, 104.212848, 144.051848, 103.886848, 143.791848, 103.948848, 143.771848, 148.660366, 151.610449, 152.230242, 216.48405, 176.06005, 216.68405, 176.91405, 136.92105, 216.45405, 216.70405, 176.96305, 137.08905, 216.47405, 176.49805, 216.580257, 176.681257, 216.530257, 176.413257, 216.435919, 216.455919, 216.445919, 216.425919, 216.615919, 216.532045, 176.384045, 216.572045, 176.191045, 176.758045, 136.663045, 216.522045, 176.691045, 176.485045, 216.736569, 176.718569, 216.516569, 176.532569, 176.512569, 176.749824, 216.721824, 176.652824, 216.491824, 170.089205, 214.391651, 174.439651, 254.11112, 213.96912, 254.340499, 214.348499, 214.823499, 214.592499, 174.909499, 254.339088, 214.255088, 254.637936, 214.888936, 215.305692, 175.533692, 175.609692, 135.678692, 215.185375, 175.122375, 174.907375, 214.993043, 175.182043, 215.531152, 175.380244, 175.599838, 215.825474, 175.766657, 215.809619, 175.747797, 215.90606, 175.917536, 176.521301, 256.11722, 216.391539, 176.269284, 216.775326, 176.716926, 256.75816, 216.534504, 217.794649, 177.836412, 137.687918, 191.128315, 192.226335, 199.574136, 167.824329, 169.201227, 169.336951, 215.86664, 215.34464, 175.18764, 215.84964, 176.484189, 136.968189, 216.299189, 176.341189, 215.688189, 176.242167, 215.977167, 215.401167, 176.561229, 216.200229, 216.340029, 176.372029, 176.324194, 136.465194, 176.914194, 176.415412, 136.245412, 176.103912, 135.709912, 190.594536, 150.663536, 189.734536, 190.280969, 150.314969, 190.775848, 150.995848, 150.820848, 151.359848, 150.157848, 150.983222, 190.767222, 150.567222, 190.093222, 150.016222, 151.710462, 271.093473, 230.781473, 190.618473, 150.441473, 271.191473, 231.257473, 191.171473, 151.362473, 151.543473, 270.990473, 231.264473, 191.375473, 151.371473, 271.062078, 230.993078, 191.014078, 151.142078, 271.452078, 231.736078, 192.053078, 151.794078, 190.499078, 150.275078, 270.882086, 231.071086, 191.311086, 151.089086, 151.243086, 123.442073, 123.421862, 188.619108, 149.160431, 268.749431, 228.401431, 269.174431, 228.848431, 268.666791, 228.734791, 268.813791, 229.020791, 268.815791, 228.963791, 268.582791, 228.526791, 230.112374, 190.110323, 156.148196, 197.045196, 157.651196, 157.16879, 155.86279, 115.80379, 156.871325, 196.918325, 196.387256, 196.650256, 116.629256, 196.973995, 157.180468, 156.867468, 157.24422, 196.469959, 249.569608, 209.828608, 213.794738, 214.415437, 214.252042, 174.478042, 174.678741, 135.146313, 214.458393, 215.698024, 175.395456, 215.94057, 175.520335, 178.230297, 217.437341, 217.432827, 177.362827, 224.394356, 184.749356, 225.516921, 185.636888, 225.475775, 184.998279, 225.484728, 185.658777, 186.949731, 186.802792, 146.187111, 316.258914, 275.861914, 236.050537, 318.6735, 278.6965, 240.54092, 200.38992, 160.58492, 162.463473, 162.554473, 241.496473, 201.399473, 161.825845, 161.467845, 161.542845, 241.677554, 161.620385, 201.614385, 161.192522, 163.909268, 163.139204, 162.913672, 293.029077, 252.853667, 213.458346, 173.403024, 133.129987, 213.38648, 332.997447, 293.401054, 253.301639, 213.443306, 173.520813, 214.403246, 174.817116, 294.66212, 254.476794, 214.801156, 174.688662, 134.952835, 214.256085, 174.479406, 173.104247, 133.149927, 334.587418, 294.858558, 255.271846, 215.207316, 175.367568, 175.414212, 135.62277, 335.31048, 294.90443, 255.304051, 214.973344, 175.025654, 255.349079, 254.704827, 256.070965, 176.043537, 216.080785, 176.108084, 216.019118, 175.928519, 135.80579, 216.299624, 176.2424, 216.645506, 176.676412, 136.766302, 297.028322, 256.993597, 217.562227, 177.67952, 137.803151, 216.304477, 176.613767, 257.053213, 217.034551, 177.193137, 139.510337, 337.632512, 297.517545, 257.140014, 216.80517, 176.866018, 217.775587, 177.785807, 337.632519, 297.287628, 257.198054, 217.055323, 177.112291, 338.435784, 298.371892, 258.656595, 218.762899, 178.979235, 138.631059, 338.871277, 298.688243, 258.869431, 258.942129, 259.552683, 219.598283, 179.629157, 139.624674, 103.64018, 184.835779, 144.822828, 224.661813, 184.199717, 144.255272, 225.430865, 185.523497, 145.466973, 224.249668, 184.216866, 144.281272, 224.707881, 184.865257, 145.010801, 225.823064, 185.897943, 145.847384, 145.957153, 105.864128, 226.015442, 185.908457, 146.135796, 145.687132, 225.539974, 185.935434, 146.099454, 145.650046, 150.540197, 190.73831, 150.681277, 110.230216, 150.851962, 111.089299, 149.63253, 110.548507, 117.092084, 118.541582, 118.484582, 172.584203, 132.751203, 132.812203, 172.119203, 132.204203, 171.232456, 131.268456, 172.907456, 133.247456, 172.289031, 132.142031, 132.440955, 172.919382, 133.090732, 133.689999, 132.049229, 189.415021, 190.202021, 190.642585, 223.422475, 222.801475, 222.421475, 279.506543, 278.798041, 279.564098, 279.060607, 279.731959, 280.249847, 279.808837, 266.928952, 267.43666, 268.334867, 268.016782, 268.678877, 267.42882, 268.174316, 270.031482, 311.799592, 271.916354, 272.151201, 272.53378, 312.004245, 271.835869, 274.256512, 272.092353, 312.748314, 273.019969, 273.088135, 313.389824, 273.141606, 312.137764, 272.001599, 312.357919, 272.463029, 272.894905]
sync delay = 199.2569114681818
out notify interest = 9560.0
out beacon = 20823.0
out data interest = 7832.0
out bundled interest = 2041.0
out data = 9283.0
out ack = 6758.0
out bundled data = 1618.0
cache hit = 6775.0
cache hit special = 777.0
retx_notify_interest = 4460.0
retx_data_interest = 1524.0
retx_bundled_interest = 2070.0
state sync duration = 220.38843834924623
