data availability = 1.0
[126.68563, 127.879925, 127.939925, 127.969925, 130.988564, 158.091705, 158.101705, 158.788523, 159.566964, 159.813856, 160.374667, 121.547793, 161.312672, 121.928241, 161.715243, 161.489968, 161.696723, 162.039716, 122.085388, 163.316366, 123.413013, 164.705045, 165.323602, 215.855795, 175.860795, 215.625795, 215.665795, 215.775795, 175.911795, 215.599476, 215.639476, 215.889476, 215.726285, 215.716285, 215.796285, 215.756285, 215.99092, 175.99692, 215.81092, 215.70092, 217.02781, 185.313362, 224.811362, 186.299415, 227.162126, 228.182298, 187.999323, 231.673543, 165.283279, 207.271184, 207.580184, 207.585184, 207.640966, 207.760818, 207.759186, 207.794186, 215.045927, 174.831762, 256.336737, 216.761737, 177.084737, 176.472737, 216.891545, 256.861999, 217.067999, 257.184278, 217.502163, 217.771765, 257.61051, 217.493871, 260.136904, 220.391593, 221.546862, 181.463862, 182.789471, 223.543279, 183.558279, 224.576329, 184.603329, 242.928216, 210.218498, 250.026498, 210.164498, 250.693658, 210.618658, 170.312658, 210.520685, 250.945357, 211.209355, 251.496061, 211.817222, 172.190997, 252.011064, 211.826064, 252.299064, 212.583064, 252.709139, 213.201556, 176.516351, 178.611865, 186.766737, 271.911274, 232.430053, 152.848965, 276.370355, 317.727825, 277.625751, 197.360335, 238.20264, 239.258748, 281.979096, 242.075979, 203.89037, 203.860693, 243.810487, 163.835015, 165.354163, 285.166154, 244.910154, 204.982154, 245.254843, 205.139056, 294.943136, 254.804136, 214.596136, 174.526136, 255.262414, 215.270414, 270.429366, 230.119366, 192.375384, 235.420794, 195.275794, 315.624036, 275.777036, 235.621036, 195.847036, 276.294948, 195.800948, 237.796538, 197.699538, 276.713488, 279.139521, 280.014021, 280.74556, 240.674833, 281.495551, 241.498551, 281.785072, 283.262495, 284.8624, 245.366625, 205.707216, 166.185339, 287.39766, 247.403401, 207.132401, 287.678579, 208.059018, 168.045018, 208.020018, 167.954018, 247.815361, 331.719187, 291.854187, 258.233758, 218.208865, 298.352689, 258.616386, 218.700095, 234.32486, 234.390415, 194.400855, 235.043699, 195.697429, 275.294842, 154.671484, 314.754431, 274.607483, 194.472733, 274.858154, 315.153922, 275.155949, 235.025134, 276.028046, 235.163128, 236.070687, 195.969219, 276.198461, 260.975052, 220.753052, 180.843052, 340.977297, 222.383951, 194.112578, 239.858003, 199.806003, 319.884003, 279.869003, 240.135003, 204.591153, 285.261488, 285.617338, 245.686315, 167.451972, 333.513122, 293.847197, 253.553658, 293.665497, 253.769326, 214.248461, 174.393024, 341.699389, 301.690117, 302.002625, 262.1167, 222.328599, 302.390988, 262.584955, 222.477873, 182.36809, 183.177266, 263.161353, 342.676956, 302.616653, 262.854214, 343.307644, 303.27192, 343.269102, 302.940234, 266.227218, 267.124201, 266.890813, 226.762813, 186.791813, 266.56534, 306.88556, 266.717625, 226.640466, 186.657903, 227.430064, 187.893059, 268.408371, 228.385371, 264.6873, 224.490519, 229.321265, 314.77186, 393.54186, 353.37086, 394.323835, 354.073835, 313.979814, 273.975814, 313.820145, 273.714333, 233.969648, 276.665637, 396.700197, 357.524197, 317.980197, 277.957197, 396.6123, 356.4193, 316.8713, 276.6563, 396.311502, 356.236951, 397.048872, 357.575872, 237.962119, 198.080206, 359.006042, 318.662464, 278.821575, 399.003381, 358.948381, 239.784041, 399.891671, 359.838947, 239.610753, 319.718897, 279.724265, 280.947254, 241.055254, 200.084836, 400.213373, 360.371204, 280.341325, 280.914863, 322.223142, 282.275287, 242.133144, 201.816286, 161.650405, 321.006214, 280.636214, 240.631214, 321.215214, 281.064214, 240.923214, 200.802214, 321.402214, 281.093214, 241.637163, 201.79849, 321.196119, 281.100119, 240.859119, 200.778119, 202.048275, 241.829475, 242.951078, 255.023114, 185.081159, 233.849357, 238.362564, 198.533223, 324.137306, 284.185306, 244.324306, 375.089377, 293.978309, 374.435954, 334.624609, 294.895852, 374.451224, 254.135224, 294.996224, 254.907224, 298.078022, 391.397319, 351.674319, 311.776319, 271.759319, 271.859319, 232.001319, 273.141319, 359.185425, 319.262456, 279.301182, 398.470182, 358.526366, 318.482511, 279.349181, 239.392639, 360.1071, 320.315538, 280.385571, 240.537252, 320.461542, 280.682021, 360.268767, 320.293882, 280.323422, 240.554953, 359.560355, 319.542948, 279.527739, 240.200202, 280.403689, 240.268141, 360.440968, 320.321578, 280.395252, 360.412074, 320.636494, 281.043092, 241.136514, 360.058894, 241.040041, 319.951566, 279.922651, 239.862206, 240.965653, 240.613065, 322.338257, 282.094113, 401.169766, 361.143295, 321.514735, 362.677375, 323.108201, 282.988756, 363.922257, 324.130525, 322.717623, 282.689539, 242.626804, 402.444246, 362.461133, 404.000823, 363.922212, 323.867426, 283.730002, 243.715595, 284.367425, 323.569143, 285.643604, 245.56356, 249.37639, 250.175176, 250.380842, 259.704895, 259.950686, 280.926559, 280.284636, 320.287437, 319.994834, 280.216579, 319.886532, 279.845661, 319.992411, 280.054423, 281.875514, 281.404603, 320.619317, 280.705512, 320.575624, 280.484082, 281.592464, 322.135294, 282.245835, 281.664323, 321.061687, 281.38669, 321.545038, 321.3384, 320.786088, 320.921333, 280.570691, 282.632458, 321.806177, 294.77818, 482.099828, 481.972462, 482.195002, 482.14812, 483.069976, 517.872389]
sync delay = 261.04288159545456
out notify interest = 13841.0
out beacon = 21142.0
out data interest = 12160.0
out bundled interest = 4195.0
out data = 12395.0
out ack = 9668.0
out bundled data = 2636.0
cache hit = 9096.0
cache hit special = 1059.0
retx_notify_interest = 7063.0
retx_data_interest = 4852.0
retx_bundled_interest = 6861.0
state sync duration = 307.28983860655734
