data availability = 1.0
[136.73323, 137.177515, 137.234781, 139.094589, 159.732806, 119.904806, 165.593862, 166.913984, 180.217571, 210.923141, 283.61419, 286.704847, 294.160605, 294.307531, 254.412531, 294.928859, 298.666049, 299.381105, 300.664203, 302.894861, 302.974323, 304.662216, 265.673193, 306.430088, 307.028346, 307.587983, 310.185452, 310.195158, 310.425158, 270.173158, 312.396825, 312.448759, 272.690361, 316.597939, 317.830612, 318.448085, 278.623101, 318.439816, 318.593099, 278.755969, 318.76574, 318.749001, 284.201359, 289.356826, 289.191354, 298.516087, 317.727469, 277.846988, 324.970385, 285.129982, 365.946566, 326.170566, 340.060463, 380.345115, 348.58748, 317.993321, 399.912553, 359.877553, 399.882553, 359.810553, 321.469628, 283.21951, 328.604927, 331.618225, 411.170336, 370.89786, 383.947694, 344.209582, 304.357456, 460.712238, 461.037309, 421.164714, 381.068924, 381.04538, 381.295501, 427.649285, 430.310376, 431.673811, 392.187813, 351.784243, 311.987571, 475.282672, 435.653099, 395.59815, 397.87819, 439.017327, 440.220126, 408.442962, 293.777783, 253.791783, 454.306783, 414.405783, 374.750783, 374.808783, 454.954352, 415.006455, 335.7491, 456.658315, 416.611939, 376.98755, 462.213915, 422.239915, 382.367915, 342.601915, 389.467196, 229.510496, 446.037416, 491.271688, 451.21492, 411.34185, 371.502899, 414.930812, 496.727695, 456.715649, 418.399394, 379.452912, 425.446318, 385.293607, 425.71736, 468.814774, 428.814817, 389.138076, 469.973388, 430.019731, 389.778336, 511.691368, 473.564065, 433.425021, 235.262991, 397.354605, 358.232482, 358.555719, 318.421719, 399.054719, 519.130846, 479.347846, 439.460846, 399.455846, 559.655691, 407.013747, 446.638394, 406.384316, 407.636966, 367.132966, 406.275331, 448.75987, 408.75387, 489.145311, 448.857311, 408.976311, 449.288311, 290.252428, 250.550084, 330.780482, 290.921482, 250.729482, 533.380783, 493.553783, 453.625783, 533.120329, 493.128329, 453.038329, 413.247329, 373.445329, 333.465329, 532.731329, 492.620329, 452.828329, 412.967329, 372.805329, 533.357329, 493.467329, 453.132329, 453.87087, 373.577099, 333.585099, 293.747099, 375.269709, 534.922805, 416.101119, 376.166119, 336.330119, 254.996295, 535.958414, 496.082414, 296.292236, 337.202898, 299.600183, 501.525119, 461.783119, 421.727119, 382.188119, 342.466119, 302.221119, 425.193138, 357.808563, 317.575563, 518.282657, 478.316657, 438.180657, 438.009657, 517.936948, 281.589783, 419.231139, 579.771407, 539.8571, 500.592671, 460.532983, 539.634149, 421.815131, 505.086661, 464.897661, 424.774661, 384.509661, 507.266984, 467.397052, 467.842254, 428.019254, 388.130254, 508.456419, 468.474419, 428.738419, 554.445427, 514.453427, 474.465427, 434.445427, 394.340427, 354.211427, 314.082427, 478.213557, 438.347544, 398.867373, 517.653231, 478.114413, 360.136125, 320.098027, 406.726624, 366.449624, 533.189635, 493.081635, 453.530635, 413.551635, 373.683635, 333.851635, 382.523676, 385.546139, 345.809139, 305.907139, 304.592499, 305.614864, 315.320849, 436.650581, 362.154956, 493.283529, 372.671556, 332.596556, 331.736556, 453.097513, 412.829383, 499.773558, 620.036192, 579.826192, 539.943192, 499.727192, 460.020192, 502.608063, 462.866673, 423.108041, 505.342057, 465.109786, 425.312627, 385.492714, 345.835385, 505.29324, 465.19741, 505.899314, 505.908604, 465.908783, 666.31634, 626.34634, 586.18034, 546.02434, 505.75334, 465.79434, 425.89334, 426.839126, 426.845539, 386.678598, 467.613044, 427.660563, 667.720755, 627.497755, 587.505755, 547.650755, 627.508755, 587.379755, 547.323755, 506.996755, 467.221755, 507.852811, 468.117793, 428.092672, 388.043916, 348.598977, 510.615894, 470.470894, 430.560894, 390.634894, 350.623894, 510.520894, 470.533894, 591.010001, 550.821001, 510.505001, 470.491001, 430.679001, 470.943001, 430.994001, 390.677001, 350.647001, 430.993681, 431.583681, 391.798681, 352.209681, 512.040681, 472.089681, 431.812681, 391.390681, 351.106681, 351.053681, 437.458489, 397.807489, 558.89109, 518.67309, 478.90909, 438.70809, 638.716891, 598.95579, 559.139351, 439.675192, 399.705192, 359.919192, 519.467192, 400.336871, 358.834871, 519.869871, 479.892871, 361.251393, 523.651959, 424.524019, 424.609407, 384.598594, 587.768571, 547.659571, 507.801571, 467.643571, 427.413571, 508.708571, 468.921571, 429.002571, 468.526246, 428.521246, 388.728246, 547.841246, 507.647246, 467.789246, 427.830246, 387.672246, 627.569246, 587.393246, 547.684956, 507.717956, 467.495956, 428.158956, 387.966956, 429.116367, 389.139064, 549.180222, 509.365763, 470.030697, 430.069874, 390.343489, 392.328973, 430.24605, 390.407126, 671.148682, 630.990069, 591.307521, 551.207382, 511.47454, 471.591984, 431.750494, 391.376946, 512.109549, 472.099999, 435.788488, 395.819298, 561.916927, 522.545713, 482.696752, 442.831919, 402.936789, 403.990527, 536.047563, 495.574962, 455.742819, 415.783972, 695.863002, 655.987698, 616.304864, 576.308218, 536.166075, 496.05835, 456.200708, 456.692356, 416.763223, 537.170893, 497.22474, 457.636276, 433.250868, 432.068868, 512.722868, 472.366868, 473.306868, 472.229868, 432.291868, 473.033868, 433.210868, 472.512868, 432.501868, 461.108629, 459.88006, 460.428992, 465.227506, 485.330541, 496.585545, 495.59314, 535.500178, 510.285945, 510.795188]
sync delay = 422.00751855227276
out notify interest = 20905.0
out beacon = 20394.0
out data interest = 15921.0
out bundled interest = 8884.0
out data = 13655.0
out ack = 12694.0
out bundled data = 4195.0
cache hit = 10485.0
cache hit special = 1390.0
retx_notify_interest = 11964.0
retx_data_interest = 8414.0
retx_bundled_interest = 11733.0
state sync duration = 484.13168856507934
