1.0
36.34048
191.0581
39
[1255491, 1256758, 1248239, 1259301, 1259359, 1269994, 1240382, 1248404, 1251416, 1247186]
1.0
36.8707
184.3945
51
[1315277, 1318623, 1318667, 1319149, 1330313, 1326243, 1304127, 1307410, 1308217, 1312438]
1.0
38.08731
183.4295
53
[1346587, 1358627, 1359491, 1367568, 1365983, 1367220, 1343801, 1347308, 1348269, 1352298]
1.0
36.57224
180.0258
49
[1343949, 1344235, 1351332, 1355363, 1358401, 1358689, 1327137, 1332386, 1339824, 1336408]
1.0
36.79837
177.1067
55
[1232079, 1238353, 1245876, 1246091, 1243486, 1250211, 1231696, 1231304, 1234991, 1236270]
1.0
35.6996
183.281
43
[1239586, 1244367, 1240103, 1251413, 1246546, 1247337, 1236640, 1235607, 1235059, 1228345]
1.0
37.69781
179.3225
43
[1221493, 1229848, 1223590, 1226473, 1229995, 1231158, 1219110, 1211094, 1219226, 1215305]
1.0
36.76227
177.5585
58
[1215610, 1206673, 1205886, 1217914, 1222057, 1215650, 1203906, 1199314, 1196477, 1200273]
1.0
37.09043
185.7504
44
[1245562, 1250262, 1254123, 1252405, 1255387, 1262316, 1243609, 1235234, 1243032, 1251360]
1.0
35.85298
177.04
49
[1226498, 1219261, 1229847, 1234642, 1234301, 1234236, 1215442, 1227203, 1215069, 1223688]
