1.0
24.42006
115.1378
103
[1340274, 1338857, 1342739, 1350852, 1342740, 1346570, 1324089, 1324770, 1335601, 1331660]
1.0
24.60904
119.011
69
[1246937, 1250849, 1262755, 1263051, 1254700, 1262961, 1239711, 1244926, 1251855, 1259737]
1.0
24.02234
113.4745
76
[1283910, 1295017, 1300781, 1297017, 1298804, 1302777, 1280573, 1281036, 1279960, 1283849]
1.0
25.22618
121.3597
79
[1295792, 1287637, 1302756, 1302701, 1303021, 1310874, 1284070, 1287739, 1291696, 1287956]
1.0
26.09084
123.9334
93
[1267062, 1258504, 1258668, 1267731, 1258870, 1267917, 1247632, 1251413, 1247820, 1255695]
1.0
25.17979
118.7885
70
[1224777, 1226721, 1238610, 1226976, 1234844, 1230932, 1216881, 1219775, 1220650, 1216780]
1.0
25.53295
117.3967
86
[1286883, 1294586, 1290846, 1286585, 1302618, 1286813, 1275777, 1267491, 1287827, 1271940]
1.0
26.39933
119.5546
68
[1212847, 1215966, 1216586, 1222585, 1213825, 1223899, 1205044, 1204655, 1199851, 1208490]
1.0
24.75924
119.1002
90
[1258791, 1267983, 1271731, 1272110, 1276017, 1278662, 1255973, 1256580, 1256819, 1259704]
1.0
24.47038
119.5323
82
[1240059, 1251914, 1243737, 1260730, 1251036, 1258949, 1240787, 1229782, 1231980, 1247750]
