1.0
26.72293
140.1531
71
[1232820, 1238799, 1231843, 1238701, 1242712, 1247610, 1220934, 1227767, 1223837, 1227489]
1.0
29.33627
131.6317
58
[1391798, 1406789, 1399417, 1394416, 1390712, 1406437, 1375631, 1395620, 1379642, 1383495]
1.0
28.2379
141.7776
75
[1227071, 1231748, 1234866, 1226458, 1243473, 1230678, 1223623, 1215471, 1213903, 1219489]
1.0
29.39476
139.5225
63
[1262906, 1262507, 1259792, 1270494, 1270745, 1271448, 1259599, 1248841, 1251330, 1260629]
1.0
29.16881
145.825
63
[1239960, 1235822, 1247739, 1240501, 1251898, 1248582, 1231638, 1232602, 1235493, 1228474]
1.0
28.7857
151.6795
64
[1235871, 1238725, 1247728, 1242783, 1248711, 1250520, 1224704, 1227686, 1232428, 1235592]
1.0
27.51914
134.3048
65
[1283980, 1286704, 1287845, 1294592, 1306673, 1294486, 1287652, 1283451, 1288619, 1291934]
1.0
26.73646
128.4261
85
[1262630, 1262727, 1263616, 1266687, 1266801, 1274625, 1247882, 1252584, 1255847, 1260583]
1.0
32.98652
154.4462
80
[1300835, 1303234, 1304449, 1303599, 1306681, 1301692, 1273670, 1291643, 1292661, 1280705]
1.0
30.1824
141.0101
70
[1294831, 1307387, 1310628, 1293559, 1307921, 1310537, 1304511, 1293350, 1291580, 1291602]
