1.0
64.10997
335.6464
33
[1290470, 1286180, 1294404, 1292567, 1293564, 1294088, 1278640, 1282984, 1274945, 1285967]
1.0
62.84433
329.9402
15
[1240981, 1245626, 1245480, 1238088, 1252937, 1245496, 1237973, 1234112, 1234329, 1229619]
1.0
64.29192
325.6207
39
[1253707, 1251571, 1252939, 1252982, 1256393, 1265267, 1242248, 1238317, 1258159, 1247153]
1.0
67.56795
314.6781
22
[1242399, 1245356, 1253759, 1263399, 1264594, 1249700, 1236492, 1245916, 1246751, 1254382]
1.0
70.42952
358.1534
33
[1306415, 1322070, 1315447, 1311353, 1321603, 1318120, 1310258, 1298541, 1291290, 1302873]
1.0
60.18304
316.57
15
[1273999, 1281878, 1273325, 1273702, 1268965, 1280729, 1254057, 1262566, 1258151, 1258330]
1.0
61.45295
319.3606
32
[1237244, 1238683, 1251395, 1242147, 1248755, 1257592, 1226138, 1235330, 1242388, 1241852]
1.0
62.02128
320.8145
36
[1365208, 1357199, 1362215, 1365525, 1377111, 1370005, 1353987, 1358068, 1362149, 1354193]
1.0
63.03483
332.5903
26
[1217495, 1208681, 1221983, 1222664, 1225396, 1226390, 1209830, 1209609, 1210773, 1218177]
1.0
59.58869
294.2168
26
[1309222, 1317072, 1313596, 1318097, 1321380, 1326244, 1306663, 1307211, 1306879, 1317886]
