1.0
48.55804
242.6247
45
[1267390, 1274994, 1275875, 1289722, 1282748, 1278072, 1262762, 1270717, 1274976, 1270721]
1.0
41.72388
219.8115
46
[1229969, 1229957, 1233870, 1239948, 1231229, 1238540, 1214845, 1226964, 1223944, 1219228]
1.0
41.55246
209.4377
39
[1354914, 1358969, 1353507, 1347014, 1363143, 1351139, 1335257, 1335795, 1351599, 1347309]
1.0
41.57266
212.6082
38
[1290179, 1294110, 1297762, 1297837, 1293922, 1298910, 1275581, 1280048, 1291029, 1283054]
1.0
42.48347
216.4524
41
[1322412, 1318280, 1319037, 1330001, 1321448, 1321840, 1303005, 1304305, 1311353, 1315666]
1.0
42.69762
217.0687
38
[1275337, 1281962, 1277274, 1286481, 1287331, 1286667, 1271251, 1271427, 1275563, 1280004]
1.0
46.10333
234.3623
33
[1259267, 1239048, 1250796, 1258714, 1263098, 1258857, 1240445, 1244349, 1235182, 1250496]
1.0
43.37137
225.7484
41
[1315426, 1323487, 1322820, 1326098, 1325749, 1325971, 1307143, 1304471, 1314578, 1315721]
1.0
45.53299
229.582
40
[1238590, 1250863, 1239024, 1254896, 1257463, 1260394, 1231788, 1247316, 1238807, 1242559]
1.0
44.61514
226.2481
45
[1298325, 1305701, 1302791, 1303027, 1314211, 1313301, 1284055, 1295059, 1298747, 1299917]
