1.0
21.22563
98.26457
85
[1276246, 1282909, 1278933, 1272084, 1275631, 1272077, 1251933, 1264137, 1265034, 1259949]
1.0
22.27482
102.5156
110
[1251954, 1255121, 1243978, 1271128, 1260018, 1267722, 1241049, 1257181, 1243916, 1259763]
1.0
20.63183
100.23313
112
[1230936, 1240012, 1236030, 1236045, 1235109, 1241129, 1222020, 1225172, 1221068, 1223948]
1.0
23.88251
107.75526
107
[1235879, 1247923, 1242811, 1246957, 1239754, 1259133, 1231906, 1235990, 1235942, 1247794]
1.0
21.60311
98.28803
108
[1288120, 1295016, 1308949, 1296150, 1299772, 1302963, 1292201, 1287674, 1288076, 1288171]
1.0
23.44289
98.59394
101
[1340011, 1346661, 1354915, 1347195, 1354927, 1354818, 1331761, 1336835, 1340053, 1339741]
1.0
20.92051
96.72497
82
[1243905, 1236008, 1246064, 1241138, 1246834, 1254976, 1231132, 1231902, 1233153, 1244136]
1.0
21.80684
94.45516
87
[1328243, 1342978, 1339946, 1342719, 1330852, 1346959, 1320102, 1323855, 1323878, 1332185]
1.0
23.20382
107.22792
110
[1283898, 1272010, 1279563, 1284047, 1287775, 1288080, 1260065, 1262012, 1283843, 1275935]
1.0
24.44335
98.04348
115
[1318810, 1320998, 1322870, 1324688, 1326806, 1331766, 1307838, 1315904, 1315926, 1316770]
