1.0
32.517
169.815
54
[1239670, 1235389, 1246531, 1239561, 1243785, 1250644, 1219688, 1239508, 1239193, 1231348]
1.0
33.34044
164.2145
62
[1259768, 1263465, 1260696, 1274335, 1272275, 1275592, 1251450, 1251319, 1263260, 1251321]
1.0
36.2508
172.0055
51
[1243630, 1246046, 1263303, 1250555, 1266410, 1266462, 1248128, 1247455, 1239366, 1253172]
1.0
32.97444
150.3914
59
[1284660, 1287450, 1290777, 1286485, 1294740, 1297762, 1279529, 1284995, 1279387, 1279563]
1.0
32.84491
153.4107
43
[1383690, 1398270, 1394648, 1402449, 1398286, 1403312, 1384390, 1379877, 1388270, 1383471]
1.0
34.48354
159.9204
36
[1375420, 1375418, 1391460, 1383346, 1390410, 1390331, 1368460, 1379464, 1375334, 1375416]
1.0
30.9017
155.2965
47
[1235582, 1232347, 1227789, 1238361, 1234432, 1242373, 1215861, 1219565, 1211518, 1235286]
1.0
32.47356
161.3503
59
[1223565, 1225904, 1230193, 1231695, 1230383, 1230454, 1213799, 1212177, 1219578, 1215692]
1.0
34.88938
164.5422
57
[1304660, 1318611, 1319302, 1314378, 1314413, 1318337, 1290739, 1308450, 1299400, 1311313]
1.0
35.42236
171.528
56
[1227783, 1250722, 1242800, 1243245, 1235483, 1247101, 1235497, 1220226, 1223455, 1231264]
