1.0
50.12833
250.5079
35
[1220086, 1220778, 1221351, 1221835, 1222133, 1222580, 1202636, 1212550, 1214625, 1216148]
1.0
44.53389
226.4548
39
[1360853, 1354135, 1354254, 1366707, 1369966, 1369080, 1351227, 1345310, 1355278, 1355278]
1.0
47.62334
253.9206
47
[1278125, 1290506, 1289826, 1286779, 1289625, 1301533, 1283265, 1271534, 1282472, 1278546]
1.0
46.81802
250.444
34
[1386323, 1385832, 1380062, 1397900, 1389980, 1382430, 1371099, 1374804, 1370182, 1370734]
1.0
50.67415
266.1773
34
[1237679, 1233487, 1237324, 1245534, 1237772, 1238010, 1225218, 1222622, 1222717, 1231248]
1.0
49.50186
252.5197
27
[1266902, 1254967, 1259934, 1282819, 1271457, 1265484, 1254864, 1253220, 1260417, 1260003]
1.0
43.23807
230.1254
32
[1392308, 1406016, 1397737, 1414237, 1402046, 1418327, 1383682, 1399796, 1390315, 1403021]
1.0
50.40163
229.4421
47
[1474576, 1470754, 1474012, 1473514, 1474738, 1473068, 1455893, 1465508, 1454687, 1471173]
1.0
50.95855
257.3249
37
[1250808, 1254178, 1254275, 1245642, 1258624, 1260631, 1243685, 1234231, 1238955, 1242669]
1.0
51.31108
247.5187
45
[1273942, 1279006, 1278530, 1277327, 1278966, 1285958, 1259431, 1274079, 1280144, 1267422]
