1.0
55.09653
277.6342
20
[1247321, 1245104, 1245778, 1252855, 1249233, 1246267, 1238971, 1230288, 1230596, 1235157]
1.0
53.21654
273.0329
32
[1262859, 1265280, 1269913, 1273290, 1265674, 1273616, 1250613, 1254448, 1255854, 1262599]
1.0
54.17713
278.3538
35
[1229706, 1225507, 1225285, 1232483, 1229428, 1229747, 1210625, 1214499, 1223107, 1218869]
1.0
48.08844
252.4825
37
[1280060, 1285780, 1281603, 1285826, 1289411, 1289800, 1266901, 1274665, 1274992, 1280339]
1.0
57.81271
293.3556
34
[1286075, 1269646, 1274019, 1274047, 1289364, 1289820, 1263527, 1274659, 1275095, 1274363]
1.0
54.43542
279.6685
32
[1314032, 1309581, 1317695, 1329558, 1318375, 1321939, 1306233, 1307781, 1302630, 1318136]
1.0
56.25461
279.8621
35
[1238751, 1234189, 1242233, 1244584, 1249466, 1237258, 1230474, 1220794, 1219153, 1226372]
1.0
47.70794
250.8058
37
[1227896, 1236963, 1238141, 1237430, 1231723, 1245990, 1215654, 1228025, 1228160, 1230579]
1.0
50.90418
270.2864
27
[1351109, 1342929, 1350706, 1350728, 1349201, 1349792, 1328081, 1346875, 1334570, 1335889]
1.0
50.36281
267.8041
34
[1241862, 1241956, 1233435, 1229676, 1234816, 1245179, 1222975, 1218424, 1219308, 1222491]
