1.0
57.75989
303.6851
40
[1245374, 1249638, 1255165, 1249161, 1258028, 1253131, 1239221, 1238486, 1233918, 1238322]
1.0
54.74312
295.2611
55
[1223723, 1225229, 1237821, 1225792, 1228929, 1237308, 1210841, 1218409, 1222666, 1213893]
1.0
56.33312
306.9919
31
[1344778, 1361494, 1353604, 1360894, 1354186, 1357659, 1340075, 1334931, 1342106, 1350098]
1.0
65.44903
330.3795
41
[1236389, 1230071, 1230248, 1238651, 1246528, 1252539, 1228428, 1214827, 1226716, 1230808]
1.0
58.28307
294.647
36
[1382580, 1394395, 1398547, 1382217, 1385521, 1405442, 1378375, 1386372, 1370574, 1373539]
1.0
59.22254
305.869
40
[1213534, 1211435, 1213159, 1221119, 1226289, 1221469, 1202638, 1215366, 1207765, 1202328]
1.0
56.61717
294.4264
33
[1245328, 1241086, 1245839, 1242156, 1250063, 1250110, 1230880, 1238910, 1232264, 1239554]
1.0
57.49794
306.7345
28
[1240262, 1250893, 1266255, 1258080, 1258272, 1258893, 1234836, 1235098, 1255367, 1254097]
1.0
56.15791
287.4632
35
[1366480, 1377587, 1366497, 1374527, 1381179, 1373619, 1362121, 1358303, 1371025, 1351780]
1.0
57.16415
298.1965
27
[1274504, 1272600, 1266902, 1277166, 1273664, 1284750, 1255494, 1263175, 1265773, 1266843]
