1.0
42.09989
202.8816
42
[1242084, 1247334, 1247087, 1246928, 1254293, 1257981, 1240237, 1235186, 1239944, 1234453]
1.0
40.94883
213.8251
52
[1232414, 1233875, 1234990, 1234009, 1238689, 1257806, 1228613, 1230913, 1231784, 1231984]
1.0
39.0371
191.3166
38
[1250290, 1239424, 1250047, 1254563, 1270310, 1262158, 1231003, 1248006, 1248016, 1248049]
1.0
40.61594
194.1641
30
[1342418, 1339458, 1338092, 1338066, 1337782, 1338550, 1316013, 1326764, 1335486, 1319242]
1.0
42.26427
212.1133
31
[1254475, 1259100, 1257484, 1266271, 1261735, 1258255, 1242732, 1242994, 1252062, 1246873]
1.0
40.19398
203.3125
50
[1260427, 1263153, 1261930, 1259277, 1266087, 1265788, 1247178, 1248196, 1243182, 1251926]
1.0
38.92517
195.2178
40
[1275649, 1282311, 1282955, 1286607, 1282269, 1294004, 1270928, 1275310, 1271429, 1279028]
1.0
43.06878
212.8011
40
[1344278, 1358085, 1349913, 1353614, 1353602, 1362477, 1347334, 1338508, 1339056, 1353073]
1.0
41.28812
196.8764
52
[1242878, 1241874, 1246024, 1242064, 1250073, 1250208, 1223214, 1230726, 1236181, 1235275]
1.0
40.63869
208.4328
34
[1231542, 1234074, 1234469, 1226469, 1245547, 1238010, 1224247, 1216164, 1220016, 1219086]
