0.999938732998
45.16192
242.0803
[1344700, 1343300, 1353950, 1346950, 1358300, 1357950, 1337000, 1336650, 1341600, 1333950]
1.0
48.67199
245.0349
[1292300, 1289250, 1285600, 1293250, 1293600, 1301950, 1288000, 1278950, 1270650, 1283300]
1.0
48.9321
235.8418
[1276900, 1290950, 1286600, 1296900, 1305600, 1308700, 1278950, 1282600, 1278650, 1277600]
1.0
44.12496
226.9839
[1252900, 1255300, 1252900, 1260550, 1246600, 1261250, 1239950, 1235600, 1244550, 1234600]
1.0
44.84201
226.0266
[1248550, 1247650, 1248900, 1252000, 1252900, 1258950, 1236300, 1240350, 1236550, 1243300]
1.0
44.57976
239.2697
[1285600, 1281600, 1296700, 1293600, 1285950, 1293950, 1269350, 1287650, 1280900, 1287950]
1.0
45.20919
232.8198
[1253950, 1251300, 1252550, 1254250, 1250600, 1261600, 1242600, 1234950, 1236550, 1233950]
1.0
54.37
267.3037
[1252550, 1254950, 1260900, 1260550, 1270650, 1261250, 1242250, 1246600, 1257250, 1251000]
1.0
46.56856
226.1228
[1274250, 1282950, 1274600, 1276900, 1276900, 1280900, 1272300, 1258600, 1268900, 1281250]
0.99913975131
39.25404
188.8479
[1432200, 1432200, 1428550, 1428550, 1436900, 1448900, 1418250, 1422250, 1410950, 1426600]
