0.978605335295
30.55488
154.3544
[1332700, 1328300, 1328600, 1353800, 1342100, 1345900, 1323000, 1329700, 1328700, 1318800]
0.990575971359
33.86415
183.9276
[1241800, 1249800, 1252700, 1252600, 1256700, 1260400, 1238700, 1250100, 1245500, 1245600]
0.982289336316
26.24944
143.5398
[1264600, 1256300, 1252500, 1268300, 1264400, 1264400, 1241600, 1245700, 1257900, 1252200]
0.945671882345
30.49196
155.1949
[1357700, 1349800, 1361800, 1361800, 1358100, 1361900, 1343000, 1353800, 1356100, 1356300]
0.984115118669
27.44271
146.6797
[1257600, 1269500, 1272200, 1268500, 1268400, 1276300, 1245600, 1261600, 1260900, 1268400]
0.977248588518
28.44006
153.6654
[1308900, 1312800, 1313000, 1320400, 1316500, 1321600, 1301700, 1301900, 1309700, 1305900]
0.985323218997
28.29783
154.2178
[1272300, 1281700, 1280900, 1280500, 1288500, 1288400, 1262000, 1273700, 1273800, 1270700]
0.990974729242
27.86929
154.3427
[1324200, 1320900, 1332500, 1316300, 1316500, 1329700, 1309500, 1309600, 1310200, 1312200]
0.991617528038
31.98747
172.2926
[1312200, 1304600, 1304400, 1316300, 1308400, 1308400, 1289600, 1304200, 1292200, 1300300]
0.976701570681
24.30471
127.11824
[1297700, 1296500, 1288900, 1297700, 1304700, 1293700, 1289800, 1281900, 1278100, 1284900]
