1.0
46.05508
228.0743
[1276000, 1272000, 1279000, 1277000, 1277000, 1287000, 1265000, 1263000, 1260000, 1270000]
1.0
49.90065
246.959
[1246000, 1255000, 1247000, 1256000, 1259000, 1254000, 1238000, 1246000, 1240000, 1243000]
1.0
48.72177
236.2378
[1256000, 1263000, 1262000, 1272000, 1267000, 1274000, 1266000, 1258000, 1255000, 1257000]
1.0
43.93718
209.6633
[1362000, 1354000, 1361000, 1371000, 1377000, 1382000, 1352000, 1353000, 1361000, 1355000]
1.0
49.98739
240.9987
[1273000, 1280000, 1267000, 1284000, 1266000, 1276000, 1260000, 1251000, 1254000, 1261000]
1.0
48.88945
243.8552
[1253000, 1268000, 1259000, 1264000, 1273000, 1259000, 1251000, 1251000, 1252000, 1256000]
1.0
44.24902
233.4238
[1252000, 1261000, 1255000, 1262000, 1257000, 1272000, 1244000, 1241000, 1259000, 1257000]
1.0
53.03475
254.4759
[1343000, 1340000, 1337000, 1338000, 1349000, 1343000, 1322000, 1325000, 1330000, 1331000]
1.0
45.77369
242.2161
[1224000, 1218000, 1226000, 1216000, 1227000, 1232000, 1206000, 1208000, 1213000, 1216000]
1.0
48.2803
239.5621
[1217000, 1209000, 1226000, 1218000, 1216000, 1217000, 1191000, 1197000, 1212000, 1197000]
