1.0
45.4068
238.8063
[1258600, 1256400, 1259200, 1266900, 1268400, 1268100, 1252500, 1252800, 1258600, 1262000]
0.994742824666
42.66926
216.8292
[1365100, 1359800, 1381400, 1361400, 1379500, 1372400, 1357100, 1361100, 1353100, 1371500]
0.995813988888
43.30116
199.8877
[1427500, 1435200, 1429400, 1451800, 1443800, 1435800, 1416800, 1428500, 1436100, 1437400]
1.0
46.76645
229.6561
[1339500, 1336700, 1334900, 1331500, 1339800, 1339100, 1310100, 1333700, 1325100, 1338400]
1.0
42.29569
225.7645
[1271200, 1270900, 1271200, 1280400, 1283200, 1279200, 1264800, 1269200, 1265700, 1266300]
1.0
48.32714
228.7088
[1277800, 1274300, 1276400, 1275200, 1274600, 1283200, 1266900, 1254100, 1266900, 1276100]
1.0
46.65536
225.8596
[1292800, 1289100, 1295800, 1297500, 1296100, 1302400, 1284500, 1284800, 1281100, 1281400]
1.0
49.65729
239.9353
[1202900, 1198900, 1207800, 1202900, 1215500, 1211500, 1198100, 1189800, 1188500, 1201800]
0.996327413594
44.57355
227.9531
[1278900, 1287200, 1288500, 1296100, 1292700, 1300400, 1274700, 1275000, 1275800, 1277100]
1.0
47.65846
243.4104
[1251500, 1251800, 1263200, 1258900, 1264400, 1263200, 1240800, 1250900, 1246000, 1250900]
