0.994712523222
41.86532
210.2298
[1245250, 1249250, 1257250, 1253500, 1257500, 1263000, 1239000, 1247000, 1245000, 1251000]
0.992784448872
44.32663
218.4426
[1302250, 1305750, 1307000, 1310000, 1313750, 1314000, 1292750, 1300250, 1301500, 1301750]
0.999303356555
41.76817
202.2361
[1317500, 1321500, 1317750, 1325750, 1317750, 1326750, 1307250, 1303500, 1313500, 1315250]
1.0
45.95257
236.3537
[1264250, 1265250, 1277500, 1269500, 1269500, 1278250, 1244500, 1255000, 1251750, 1264250]
0.997458410351
46.24742
235.7097
[1239000, 1253250, 1249250, 1249750, 1251250, 1249750, 1232500, 1230750, 1237250, 1247250]
0.995891863239
42.17018
218.545
[1247250, 1246250, 1249500, 1249750, 1250000, 1250500, 1231250, 1251000, 1237500, 1237500]
0.989971509972
47.04704
215.6031
[1304250, 1298500, 1283000, 1301500, 1302000, 1302000, 1279250, 1279250, 1292000, 1293250]
1.0
49.34932
240.4113
[1281000, 1278000, 1276250, 1289750, 1286000, 1279250, 1267500, 1268750, 1274750, 1275250]
0.983556765815
42.70486
215.166
[1317750, 1315750, 1322000, 1319250, 1323000, 1326000, 1311250, 1311750, 1309500, 1312000]
0.99045534683
39.74219
204.9855
[1315750, 1313500, 1321500, 1315000, 1322000, 1322750, 1303000, 1292500, 1310500, 1315250]
