1.0
48.12727
238.8851
[1219000, 1234600, 1233800, 1243400, 1230600, 1248400, 1215400, 1228400, 1233400, 1229400]
1.0
49.42097
248.2782
[1268000, 1274200, 1276000, 1283000, 1280800, 1286200, 1260000, 1266200, 1263400, 1269800]
1.0
48.03134
246.2528
[1229200, 1222600, 1231400, 1227000, 1236000, 1236400, 1216800, 1218200, 1219000, 1222600]
1.0
47.54887
234.9681
[1235400, 1243800, 1254600, 1248800, 1255800, 1262600, 1240000, 1235600, 1252200, 1248800]
0.999563471276
50.03441
237.7263
[1217400, 1221600, 1217800, 1231400, 1223000, 1223800, 1204400, 1212400, 1210600, 1208400]
1.0
46.50444
237.3526
[1310200, 1311000, 1305000, 1316800, 1324200, 1323400, 1300200, 1302200, 1315800, 1309600]
1.0
46.46939
239.7751
[1246200, 1247400, 1247400, 1246600, 1251800, 1248200, 1229200, 1236800, 1233600, 1248800]
1.0
44.69209
214.7468
[1353800, 1362600, 1362200, 1360000, 1367000, 1367400, 1361200, 1350200, 1347600, 1359000]
1.0
48.26299
235.109
[1258600, 1272600, 1278600, 1270600, 1272600, 1266600, 1257200, 1264000, 1258200, 1256800]
1.0
50.32323
234.728
[1326200, 1313200, 1327400, 1328400, 1330600, 1330600, 1313600, 1308000, 1314600, 1316800]
