1.0
49.58051
240.9586
[1255850, 1252300, 1255100, 1250650, 1260750, 1261750, 1238200, 1254200, 1243850, 1247100]
1.0
49.64709
221.7592
[1294100, 1296300, 1294650, 1297300, 1305300, 1300300, 1286200, 1283100, 1280100, 1295400]
1.0
44.34755
228.8288
[1251850, 1249750, 1251850, 1258100, 1263850, 1260750, 1248100, 1246200, 1246550, 1249750]
1.0
45.35856
224.1963
[1279100, 1299850, 1296300, 1297650, 1307900, 1293200, 1287100, 1280300, 1273650, 1293650]
1.0
48.33583
249.6919
[1232300, 1227100, 1236750, 1239850, 1241200, 1232750, 1217750, 1224100, 1223850, 1227100]
1.0
48.89504
236.9617
[1300100, 1301200, 1296300, 1296750, 1299300, 1305200, 1277450, 1295100, 1297200, 1299650]
1.0
47.70138
232.579
[1294950, 1295400, 1296750, 1302650, 1308300, 1308300, 1286650, 1293750, 1282650, 1294200]
1.0
45.57104
227.1606
[1232750, 1227850, 1237200, 1239650, 1240300, 1242550, 1218750, 1225750, 1230200, 1227200]
1.0
43.28817
223.8947
[1206950, 1206950, 1210950, 1196300, 1203400, 1219400, 1185300, 1197300, 1199400, 1188300]
1.0
44.88286
234.3985
[1304750, 1305200, 1305650, 1308300, 1316750, 1317650, 1302200, 1299100, 1299550, 1308750]
