0.989245150266
38.26257
191.9844
[1234850, 1242100, 1241950, 1246100, 1238250, 1254250, 1227550, 1228400, 1229950, 1241950]
1.0
43.64551
236.0053
[1274100, 1265950, 1282100, 1282250, 1282700, 1283100, 1259550, 1263250, 1271000, 1269950]
0.996489371934
39.96845
204.6689
[1262250, 1258100, 1263250, 1265950, 1274400, 1267250, 1251550, 1247550, 1259250, 1259400]
0.986590837942
40.5316
204.7959
[1294100, 1294250, 1291300, 1296750, 1290000, 1306700, 1277000, 1277450, 1288450, 1272850]
0.9984375
39.33977
198.6431
[1306550, 1307250, 1318250, 1311400, 1318100, 1318850, 1307850, 1299550, 1302250, 1307700]
0.988332152009
41.25355
189.5611
[1274550, 1281950, 1282100, 1286100, 1287150, 1287250, 1267400, 1268400, 1268550, 1271700]
0.997257296626
43.13014
218.0465
[1261950, 1267250, 1265950, 1274550, 1269950, 1266100, 1256400, 1247150, 1257950, 1261800]
0.988383443967
43.21802
201.8195
[1272700, 1278100, 1286400, 1282250, 1282400, 1282250, 1263700, 1263400, 1279550, 1267550]
0.982869581677
36.71266
196.2812
[1265950, 1275550, 1274400, 1278700, 1278550, 1278550, 1263700, 1260400, 1263850, 1264000]
0.988458634452
38.35228
183.2484
[1302550, 1310100, 1306850, 1310700, 1311400, 1318400, 1291550, 1300550, 1306550, 1302400]
