0.99930212271
40.6049
216.9438
[1273960, 1266920, 1281720, 1286200, 1278200, 1283440, 1259920, 1261960, 1269960, 1266440]
0.993121632466
41.09197
199.209
[1260680, 1273720, 1282200, 1287160, 1273960, 1282440, 1277160, 1263920, 1257960, 1267680]
0.994334140436
39.29604
197.3943
[1237720, 1234200, 1235200, 1237960, 1231680, 1238200, 1215680, 1219440, 1229960, 1223680]
0.996276778554
42.25962
204.5788
[1314720, 1309480, 1322680, 1318960, 1329720, 1333720, 1315680, 1303200, 1318200, 1318200]
0.999287106126
46.60909
240.2206
[1257720, 1251920, 1257720, 1271440, 1276920, 1278200, 1248400, 1259680, 1259440, 1258200]
0.995788117536
41.04477
200.6094
[1250720, 1261720, 1250440, 1267200, 1267440, 1269960, 1243440, 1251200, 1251680, 1258920]
0.991533111581
48.23188
238.065
[1389360, 1390080, 1392640, 1405600, 1397120, 1401600, 1374840, 1382840, 1383840, 1374360]
0.992259313014
45.09804
210.5985
[1323160, 1323160, 1329960, 1329720, 1330440, 1339440, 1315680, 1319920, 1313960, 1322200]
0.999485966896
42.12565
211.3792
[1265720, 1275400, 1269960, 1273960, 1263920, 1278200, 1255440, 1255680, 1253720, 1265960]
0.990511690952
40.5856
202.376
[1337960, 1343400, 1342440, 1351400, 1346200, 1354680, 1327680, 1331920, 1339160, 1338200]
