1.0
43.65592
211.7973
[1495000, 1501000, 1499500, 1494000, 1501500, 1509500, 1484000, 1491500, 1493500, 1486000]
1.0
46.01719
229.199
[1286000, 1286000, 1286500, 1288000, 1290500, 1298000, 1280000, 1277500, 1285000, 1277500]
1.0
41.01241
221.5243
[1318000, 1308500, 1312500, 1324500, 1318500, 1308000, 1296500, 1303500, 1300000, 1302500]
1.0
46.09193
224.7835
[1233000, 1249500, 1250000, 1248000, 1237000, 1246000, 1232000, 1239500, 1231000, 1234000]
1.0
52.31601
248.5151
[1219000, 1225500, 1224000, 1217500, 1232500, 1233000, 1217000, 1214500, 1208500, 1219000]
0.999626467449
43.95775
230.2355
[1246000, 1262000, 1256500, 1264500, 1262500, 1265000, 1245500, 1254000, 1247000, 1251500]
1.0
48.08865
242.1651
[1262500, 1264000, 1271000, 1257000, 1264500, 1267500, 1252500, 1240500, 1263000, 1249000]
1.0
50.9463
231.4801
[1418000, 1419500, 1426000, 1408500, 1426000, 1426000, 1400000, 1401000, 1404000, 1412500]
1.0
46.24584
231.241
[1294500, 1298500, 1302000, 1290500, 1306000, 1311000, 1288000, 1294000, 1288500, 1297000]
1.0
45.48339
223.5602
[1293500, 1294500, 1297000, 1298500, 1299000, 1310000, 1289000, 1292000, 1292500, 1293000]
