0.970117658642
8.297796
49.37333
[1263700, 1270600, 1258850, 1274650, 1274700, 1275800, 1251900, 1263750, 1259100, 1263800]
0.972802779437
13.414134
64.1485
[1282650, 1274750, 1279800, 1282600, 1293800, 1287800, 1270650, 1279700, 1279750, 1274700]
0.96631097561
5.635398
38.52576
[1264750, 1263650, 1266700, 1262850, 1274900, 1270800, 1254800, 1258650, 1254850, 1262850]
0.96396733038
8.469176
56.65863
[1278750, 1294750, 1287800, 1290750, 1279850, 1306850, 1278850, 1279850, 1282650, 1278900]
0.963099428069
8.741503
51.72797
[1282750, 1296950, 1298650, 1287800, 1294750, 1303900, 1275750, 1279800, 1264800, 1282700]
0.963413280036
8.264148
52.30705
[1278650, 1279850, 1280850, 1286700, 1290750, 1286750, 1268950, 1271900, 1274750, 1275750]
0.970208238334
5.338524
33.98114
[1302750, 1298850, 1310800, 1319950, 1318800, 1318800, 1295800, 1308900, 1311900, 1299950]
0.9674112442
6.077388
35.11505
[1294850, 1302850, 1295800, 1310850, 1295950, 1311800, 1284900, 1291750, 1299100, 1282800]
0.963663617098
9.437688
50.54192
[1282600, 1286650, 1279900, 1294650, 1286800, 1298700, 1274800, 1268800, 1275900, 1271900]
0.960580141316
8.456645
53.79582
[1299000, 1314700, 1306750, 1316800, 1330800, 1326800, 1303900, 1311950, 1306800, 1307850]
