0.988079686479
38.23237
195.7746
[1275480, 1272080, 1284840, 1276080, 1279840, 1287840, 1262080, 1269320, 1268560, 1267600]
0.993224729736
38.09101
187.0004
[1247480, 1251480, 1252600, 1255840, 1259600, 1263360, 1237600, 1241960, 1244960, 1245960]
0.982213093261
34.82247
179.8032
[1264080, 1271720, 1268560, 1267360, 1263600, 1277200, 1250080, 1252840, 1261080, 1260720]
0.992288989232
35.97313
187.0224
[1372600, 1375960, 1383720, 1372600, 1387480, 1383960, 1360720, 1364600, 1367480, 1379600]
0.995638441871
36.43645
187.7432
[1235480, 1243240, 1240480, 1240720, 1232840, 1247360, 1224600, 1224840, 1223600, 1227960]
0.981335451296
30.42067
166.4804
[1284840, 1283240, 1288960, 1300440, 1295480, 1295600, 1272840, 1280960, 1283480, 1279600]
0.984008475004
36.83756
194.3132
[1263600, 1279360, 1279480, 1275600, 1283600, 1289320, 1262200, 1264720, 1268720, 1269200]
0.970260009204
28.47171
148.8554
[1339480, 1337720, 1339600, 1339600, 1351720, 1347840, 1328840, 1329720, 1339720, 1334320]
0.982628782629
39.87455
189.9844
[1263360, 1271240, 1271720, 1275480, 1279360, 1279600, 1260600, 1256840, 1259360, 1265720]
0.985185559713
36.32236
178.7815
[1227240, 1240720, 1241560, 1251600, 1239600, 1247600, 1236840, 1229960, 1234080, 1226200]
