0.989557609539
41.10195
192.7304
[1351100, 1354880, 1363100, 1367540, 1363100, 1368540, 1341540, 1352760, 1350880, 1351980]
0.989117291415
39.73409
201.2042
[1270660, 1275320, 1275540, 1286880, 1287100, 1280320, 1264320, 1260540, 1275320, 1272320]
1.0
46.11169
241.5627
[1299100, 1299100, 1299540, 1315320, 1307880, 1315100, 1293760, 1292760, 1298880, 1304420]
1.0
48.03394
232.6746
[1250660, 1260200, 1247760, 1259100, 1254660, 1267540, 1236760, 1252540, 1241200, 1251320]
0.999115274525
41.63428
219.6119
[1258440, 1268320, 1262880, 1266440, 1264320, 1268540, 1252100, 1248540, 1256540, 1246660]
0.993538211051
38.49057
186.4548
[1250440, 1262880, 1254880, 1254880, 1262880, 1255880, 1245320, 1236100, 1242660, 1250660]
0.996898127993
41.95867
215.1552
[1312100, 1319320, 1307760, 1322880, 1311100, 1320540, 1304320, 1296320, 1311320, 1299100]
0.989945538333
41.96056
209.5568
[1250880, 1256980, 1249420, 1259100, 1255980, 1263320, 1240320, 1240760, 1248860, 1250880]
0.998778839025
43.83497
218.1207
[1246440, 1246880, 1247100, 1248540, 1252320, 1250880, 1229760, 1237760, 1236540, 1243320]
0.996698531586
44.86274
213.1421
[1252540, 1258660, 1247980, 1258880, 1259760, 1255540, 1244320, 1244760, 1240540, 1253320]
