0.989425803403
47.87952
209.8594
[1308000, 1304000, 1310000, 1309200, 1308000, 1313600, 1289600, 1293600, 1293600, 1301600]
1.0
43.7414
231.788
[1301200, 1307600, 1309400, 1308400, 1311200, 1308400, 1289000, 1293600, 1297400, 1292400]
0.994773706897
42.32585
214.4185
[1295600, 1285200, 1291800, 1301000, 1295600, 1296400, 1281400, 1281200, 1279800, 1288400]
0.995290767714
47.46813
221.2441
[1309000, 1309000, 1312800, 1316200, 1317400, 1316200, 1297800, 1297600, 1304400, 1311800]
0.998049449101
40.19015
206.0895
[1283800, 1269600, 1288200, 1280600, 1289200, 1292400, 1269200, 1273400, 1272400, 1273800]
0.990785432207
41.4728
209.2911
[1284000, 1286000, 1288200, 1288600, 1296800, 1292400, 1274800, 1271000, 1285800, 1283000]
0.985630625746
42.60817
204.036
[1299600, 1287600, 1303600, 1297800, 1295800, 1312000, 1277400, 1289200, 1296000, 1289400]
0.992799845366
40.20355
197.031
[1243400, 1239600, 1248200, 1251800, 1248800, 1251000, 1228600, 1229000, 1229400, 1235600]
0.998296598359
43.53793
228.1186
[1279400, 1281000, 1280200, 1289400, 1297200, 1285200, 1273400, 1274200, 1272600, 1265400]
0.993219404631
37.47353
193.9698
[1275600, 1269000, 1279800, 1275800, 1283600, 1272200, 1257800, 1257000, 1257200, 1271600]
