1.0
48.62708
241.5981
[1286250, 1298250, 1291050, 1295200, 1307200, 1295000, 1281150, 1281300, 1278250, 1298050]
1.0
43.00524
217.7028
[1243200, 1250250, 1246250, 1251250, 1255150, 1259200, 1225150, 1241200, 1243200, 1243200]
1.0
46.73013
236.6026
[1235400, 1244150, 1250250, 1244350, 1252200, 1257100, 1232200, 1231100, 1233150, 1239200]
1.0
45.6821
226.7474
[1263400, 1257300, 1266250, 1269300, 1272350, 1277300, 1256000, 1255400, 1256350, 1256200]
1.0
52.73128
235.8897
[1336200, 1346100, 1356150, 1360150, 1353100, 1349100, 1337150, 1345150, 1331050, 1347200]
1.0
54.00166
261.6942
[1212150, 1221150, 1220150, 1227400, 1217300, 1229100, 1206300, 1210150, 1211200, 1216350]
1.0
44.66542
236.9911
[1263200, 1255400, 1252350, 1259200, 1265300, 1258100, 1247250, 1242100, 1248150, 1246250]
1.0
46.48699
234.6933
[1255400, 1252150, 1260200, 1256200, 1260150, 1260350, 1235100, 1257150, 1251200, 1239400]
1.0
42.31231
229.1454
[1302250, 1303200, 1304150, 1318100, 1308150, 1308150, 1288200, 1290000, 1299200, 1292000]
1.0
52.07191
240.0686
[1257150, 1248000, 1255200, 1267050, 1253100, 1256150, 1234900, 1247100, 1245300, 1250100]
