0.983703033047
33.80663
184.3122
[1309270, 1317160, 1309160, 1325160, 1316270, 1319940, 1290270, 1297270, 1303830, 1304050]
0.981293366639
29.82954
158.9985
[1276490, 1271940, 1271940, 1272160, 1283930, 1277270, 1254490, 1261160, 1263830, 1276380]
0.986461991617
29.96814
159.799
[1259940, 1253160, 1259720, 1269050, 1263270, 1272050, 1253050, 1245270, 1257050, 1250270]
0.987137596598
34.2301
175.5832
[1265050, 1273160, 1279830, 1280050, 1280160, 1276380, 1261160, 1261490, 1263940, 1276050]
0.995070883315
32.45908
176.2155
[1236720, 1257160, 1248050, 1264050, 1259610, 1253050, 1239830, 1233270, 1243940, 1245160]
0.991180130945
36.35187
181.8254
[1261380, 1262380, 1263830, 1263940, 1264160, 1268050, 1249050, 1249270, 1249380, 1255720]
0.982728290421
29.58704
153.3738
[1268600, 1267720, 1267940, 1264160, 1281160, 1272270, 1253270, 1257270, 1261380, 1264050]
0.992180787077
34.68219
176.1392
[1263940, 1271720, 1264830, 1272050, 1268050, 1276940, 1253160, 1257380, 1259610, 1257050]
0.988002062146
34.80491
170.645
[1229270, 1245380, 1243940, 1249050, 1240490, 1241270, 1229050, 1221050, 1239830, 1235830]
0.980718193143
30.50174
151.6758
[1313270, 1315830, 1311940, 1319940, 1316270, 1327940, 1301160, 1302050, 1305160, 1310270]
