data availability = 1.0
[126.9494, 126.8494, 126.8194, 126.94567, 126.91567, 136.277017, 136.456361, 136.366361, 143.500604, 103.831798, 143.506067, 143.790869, 103.706402, 104.170408, 143.541882, 143.59289, 143.629821, 144.000213, 104.197169, 143.684185, 148.167987, 151.344901, 151.421267, 216.010686, 175.952686, 215.780686, 176.043686, 216.000686, 175.986686, 135.982686, 215.770686, 175.622686, 215.74564, 215.85564, 175.60264, 215.81564, 175.57164, 215.82564, 176.10864, 175.82064, 215.99564, 176.41664, 136.46664, 176.198117, 215.977117, 215.927117, 216.096574, 176.230574, 216.206574, 176.183574, 136.545574, 215.976574, 176.224574, 136.542574, 216.134638, 175.908638, 216.064638, 216.441683, 176.917683, 216.331683, 176.569683, 216.261683, 137.335937, 137.58867, 239.242831, 199.082981, 159.147688, 199.41003, 239.405251, 199.726185, 240.210147, 200.250904, 160.407442, 279.671202, 239.627828, 200.224848, 280.061635, 240.050662, 240.558409, 200.654855, 240.605599, 200.636102, 280.773105, 240.907105, 240.997105, 200.989105, 280.753105, 240.712105, 240.904105, 200.896105, 202.203918, 241.468217, 201.342511, 281.45402, 241.381928, 281.620529, 241.739987, 202.34083, 242.213613, 202.289766, 202.307573, 242.491558, 202.828322, 242.925365, 202.974294, 243.106753, 203.100276, 170.001079, 169.296137, 170.268137, 215.550529, 175.669529, 176.026397, 176.22062, 215.908719, 216.418719, 215.341698, 176.282698, 215.638698, 215.596707, 136.341614, 176.058113, 136.242113, 176.780113, 215.690113, 175.52797, 135.460459, 176.043399, 176.153399, 135.850399, 215.699609, 216.189892, 176.357892, 190.533634, 150.746634, 190.218451, 150.276451, 190.449451, 190.374451, 151.149451, 190.030451, 189.911451, 150.465646, 190.565646, 189.748722, 149.849722, 189.875722, 149.955722, 189.984722, 150.089722, 190.166834, 150.215834, 190.149834, 150.291834, 150.427409, 150.232409, 189.672409, 149.470409, 190.085517, 150.060517, 150.387517, 150.788517, 270.227848, 230.169848, 189.817848, 149.920848, 150.266848, 270.658848, 230.598848, 191.080848, 150.761848, 150.130409, 190.680409, 270.561172, 230.941172, 190.872172, 150.724172, 270.600702, 230.788702, 190.853702, 150.815702, 270.399702, 230.333702, 189.870702, 150.039702, 270.560702, 230.327702, 190.359702, 150.546702, 150.706702, 162.877854, 162.751573, 163.001062, 122.843116, 162.480397, 162.520364, 122.617606, 162.674671, 267.200568, 226.915568, 267.131568, 226.831568, 266.450568, 226.476568, 267.140568, 267.040439, 226.987439, 147.570439, 227.429439, 147.295812, 267.120812, 226.816812, 188.083812, 148.358812, 228.06617, 188.14817, 194.869387, 195.167387, 155.128387, 195.621387, 195.189387, 155.604853, 156.468853, 156.043853, 156.177853, 194.754622, 155.797622, 115.485622, 155.438622, 155.491542, 156.430542, 196.200542, 155.720542, 155.572542, 156.359542, 156.165431, 115.851431, 156.168431, 195.594431, 115.812431, 170.743832, 130.722832, 210.649832, 171.431426, 171.199426, 131.437038, 211.990038, 172.108038, 210.481943, 170.611943, 172.039943, 211.375943, 172.291248, 170.573248, 171.254205, 211.37055, 171.29655, 211.81955, 171.99855, 236.194886, 196.124886, 236.168886, 236.422947, 196.257145, 195.922056, 235.457056, 316.639668, 276.583668, 235.834742, 235.717051, 195.898051, 156.115051, 236.206051, 197.260548, 196.421854, 155.999854, 236.046549, 236.548281, 237.928369, 197.748369, 157.806369, 236.322576, 161.965483, 162.029483, 161.945483, 123.332343, 161.806343, 161.434343, 161.967417, 121.958417, 242.245417, 161.075417, 162.180417, 162.292417, 163.092417, 162.806417, 241.985655, 202.479655, 162.304655, 122.233655, 163.127655, 122.970655, 241.921655, 202.289357, 241.801357, 201.689357, 242.157357, 202.331357, 162.489357, 202.434208, 242.083208, 202.016208, 163.103585, 202.842995, 122.883548, 122.313217, 202.984957, 162.82784, 123.384699, 243.163315, 123.168132, 162.743132, 203.253032, 163.188388, 243.820375, 204.007331, 164.514533, 186.357747, 146.389747, 185.335747, 145.410747, 105.663747, 145.923747, 146.337467, 146.301467, 105.936467, 225.220467, 185.173467, 145.445467, 185.382467, 224.898619, 184.868619, 145.139619, 226.068619, 186.401619, 225.632619, 185.696619, 145.557619, 226.289155, 186.412155, 145.752155, 225.785155, 185.775155, 225.805155, 185.523155, 145.608155, 147.306155, 225.222402, 184.782402, 144.262402, 226.216402, 186.398402, 145.677402, 225.500402, 225.428613, 185.384613, 145.351613, 185.299613, 105.538613, 145.517613, 105.368613, 146.540613, 225.940613, 185.858541, 106.056541, 117.472247, 118.797247, 172.580635, 132.994635, 172.007635, 131.932635, 132.411635, 171.940635, 132.178635, 132.581635, 171.522635, 172.283877, 132.001877, 132.209877, 131.331877, 171.624877, 131.357877, 132.398877, 205.090332, 245.189332, 246.267494, 246.502363, 166.1188, 246.32405, 206.088013, 285.776772, 245.733293, 205.934799, 171.713474, 220.251983, 180.006307, 219.802811, 179.915998, 220.370851, 180.494841, 220.900764, 180.266176, 180.983789, 180.014794, 179.092381, 180.307197, 190.25148, 231.384461, 191.571151, 191.06704, 190.612247, 190.613294, 230.903385, 190.99319, 190.673461, 190.429155, 239.760999, 279.118922, 239.52146, 278.358002, 279.931947, 279.342025, 278.704363, 263.426551, 261.386283, 262.442561, 260.705189, 261.922509, 260.302965, 271.365253]
sync delay = 188.61529889545452
out notify interest = 8604.0
out beacon = 20048.0
out data interest = 7455.0
out bundled interest = 1627.0
out data = 9546.0
out ack = 6194.0
out bundled data = 1680.0
cache hit = 7418.0
cache hit special = 1082.0
retx_notify_interest = 3733.0
retx_data_interest = 381.0
retx_bundled_interest = 1599.0
state sync duration = 190.40370728403755
