data availability = 1.0
[126.100282, 126.010282, 126.130282, 126.249891, 126.149891, 134.650998, 134.640998, 134.730998, 143.631238, 103.686238, 143.281238, 103.573238, 143.271238, 103.124708, 143.555708, 103.715708, 143.305708, 143.265708, 143.295708, 143.315708, 148.391759, 152.461446, 152.244301, 152.459603, 152.24856, 152.267921, 152.397955, 152.394369, 214.535204, 214.645204, 174.838204, 214.695204, 175.003204, 214.643006, 174.466006, 214.623006, 174.849006, 214.843006, 174.747006, 214.613006, 174.591006, 174.968006, 214.833006, 214.670503, 214.680503, 214.717907, 174.682907, 174.831907, 134.699907, 175.069907, 135.134907, 214.747907, 174.747907, 214.797907, 174.426907, 214.675022, 214.945022, 174.881022, 135.053022, 214.715022, 214.935022, 175.181022, 135.301022, 214.705022, 214.962297, 174.941297, 175.195297, 135.171513, 139.878403, 139.104218, 214.703708, 174.330708, 214.515517, 214.840631, 174.792631, 175.101238, 174.851642, 213.857642, 174.79351, 254.61151, 214.41551, 214.398025, 215.157025, 215.129648, 175.295648, 214.154477, 214.861477, 175.453201, 215.32361, 174.873804, 175.456196, 135.487317, 215.635431, 175.418831, 215.863985, 175.949253, 215.85225, 175.646789, 216.33884, 176.36488, 216.313158, 176.225203, 168.83673, 248.85173, 209.01873, 168.731807, 248.491807, 208.277807, 209.062917, 169.511127, 169.409127, 177.589874, 216.762874, 176.749874, 136.441874, 217.6944, 177.3914, 215.998841, 176.988841, 137.011841, 176.968841, 217.025549, 216.083549, 216.758549, 176.931549, 151.985997, 191.075446, 151.259027, 152.271993, 271.934155, 231.908155, 192.223155, 151.983155, 271.729155, 231.406155, 191.545155, 151.604155, 272.012706, 231.819706, 192.046706, 152.179706, 272.215706, 231.861706, 191.850706, 151.803706, 152.350307, 192.248429, 151.907429, 152.280429, 271.957989, 231.806989, 191.710989, 151.464989, 272.065989, 232.091989, 192.011989, 151.920989, 193.370769, 153.280556, 152.405338, 192.828111, 152.860382, 191.522375, 151.548997, 191.992324, 151.833876, 124.465941, 268.081559, 227.935559, 147.522559, 187.910554, 147.723554, 268.183331, 227.819331, 272.30921, 232.38321, 271.41221, 231.38721, 191.37521, 272.40921, 232.51621, 232.71621, 192.82321, 232.843081, 192.626081, 272.49656, 232.46556, 272.26856, 232.57856, 232.22356, 191.98533, 152.06033, 232.82533, 192.87833, 232.190417, 272.077517, 232.293517, 192.513517, 156.274986, 157.102562, 117.442962, 157.145779, 157.094888, 197.228693, 156.844794, 157.065828, 117.304203, 197.828734, 157.424129, 197.580697, 158.2606, 197.658607, 197.791642, 157.479419, 197.475285, 157.577279, 157.833726, 199.04709, 158.990277, 160.814226, 160.151226, 160.131568, 120.786568, 169.946087, 130.009087, 210.280087, 170.161087, 130.521644, 210.690644, 170.785644, 210.799754, 170.691754, 169.915754, 170.496537, 170.271537, 210.371299, 170.611299, 210.393299, 170.614919, 170.303124, 211.369155, 171.464155, 235.820858, 235.83912, 197.05212, 237.02412, 317.036246, 277.043246, 237.441246, 236.903246, 235.761504, 196.826272, 156.963272, 276.691272, 236.543272, 276.446585, 236.473585, 196.441585, 156.601585, 316.782853, 276.617853, 196.342003, 317.002003, 276.734003, 316.699461, 276.792461, 316.144461, 276.066461, 316.90912, 276.92512, 236.93912, 196.97112, 236.22312, 317.590596, 277.694276, 198.672911, 158.240404, 319.118443, 279.053443, 198.723887, 239.429338, 162.725379, 162.953379, 202.518379, 162.388379, 162.423379, 162.120379, 242.447379, 202.433379, 202.016627, 162.050627, 163.354627, 202.168627, 161.710859, 121.844859, 202.420859, 162.273859, 122.377859, 243.119859, 203.410859, 161.89575, 242.43475, 202.37675, 242.44775, 202.54475, 162.68075, 122.61675, 242.040568, 202.255568, 162.389568, 241.284568, 201.403568, 161.984568, 162.268791, 122.261791, 162.443791, 241.943906, 202.242906, 162.186906, 202.786906, 162.083771, 122.106771, 162.607771, 122.379178, 162.486178, 163.667021, 123.863615, 162.844359, 162.055195, 163.068259, 162.898079, 163.745536, 123.286428, 224.577099, 184.427547, 144.090755, 146.052874, 224.534949, 184.64389, 144.600477, 145.27918, 105.502976, 225.502535, 185.865103, 145.968941, 224.111947, 183.908147, 143.934055, 145.864791, 224.3778, 184.464785, 144.940631, 184.974516, 145.122766, 105.418202, 145.750033, 225.063751, 185.234884, 184.816737, 144.793291, 225.044358, 185.096565, 225.792958, 186.022138, 146.15683, 105.975822, 145.314674, 105.038014, 225.696657, 185.618529, 145.677483, 105.719096, 146.661745, 185.820095, 105.984752, 158.716829, 118.446037, 118.500727, 172.828118, 132.770118, 172.980118, 132.798118, 173.163118, 132.892724, 172.599724, 132.721724, 132.945724, 172.319724, 132.467724, 188.037073, 147.989073, 267.671073, 227.485073, 187.478073, 147.447073, 170.853307, 171.263505, 219.966564, 219.973462, 190.631445, 190.206094, 190.472094, 279.514235, 278.832988, 279.711216, 279.20762, 279.798599, 239.989138, 278.870069, 268.717421, 268.531755, 268.734594, 268.208009, 268.257653, 269.612862, 271.886622, 271.759662, 273.026759, 271.540295, 272.682028, 272.191551, 271.949581, 311.177218, 271.474854, 272.795691, 313.262142, 273.123848, 273.159231, 270.798935, 271.559944, 312.122337, 271.931008, 312.494445, 272.670715, 472.5233, 432.373374, 392.102973, 351.985389, 311.977875, 271.889057]
sync delay = 196.68828979090907
out notify interest = 8749.0
out beacon = 21308.0
out data interest = 7029.0
out bundled interest = 1800.0
out data = 8233.0
out ack = 6227.0
out bundled data = 1496.0
cache hit = 6097.0
cache hit special = 650.0
retx_notify_interest = 3926.0
retx_data_interest = 808.0
retx_bundled_interest = 1684.0
state sync duration = 203.90030507286437
