data availability = 1.0
[126.212905, 126.152905, 126.24866, 126.25866, 126.12866, 136.442867, 136.412867, 136.422867, 136.502867, 136.372867, 144.305479, 144.56152, 104.406413, 104.853538, 144.312872, 144.307761, 104.699947, 144.327962, 144.388955, 144.36484, 144.759913, 104.615456, 147.898028, 214.864719, 215.094719, 175.230719, 215.123323, 175.169323, 214.893323, 174.568323, 174.762323, 214.983323, 174.786323, 214.918066, 174.876066, 214.848066, 214.928066, 174.973066, 215.028919, 175.587919, 215.178919, 175.352919, 135.443919, 214.948919, 175.193919, 214.998919, 175.124919, 214.888919, 214.918919, 215.158919, 215.085673, 175.097673, 214.909854, 174.991854, 214.979854, 175.342854, 175.389854, 135.334854, 214.939854, 175.148854, 135.009854, 168.058637, 254.362268, 214.356268, 174.513268, 214.653392, 175.041392, 214.678042, 254.344474, 214.231474, 174.646474, 254.364474, 214.299474, 174.671359, 254.360359, 214.506359, 214.61959, 174.37659, 254.38759, 214.42859, 254.354627, 214.408627, 214.857627, 174.820627, 174.519655, 134.435338, 174.938997, 134.892907, 214.569875, 174.444614, 214.910358, 174.841621, 214.684721, 174.83376, 215.001792, 175.101371, 175.251664, 214.967044, 175.238858, 214.955233, 174.565662, 214.896241, 174.874318, 215.196407, 175.56938, 168.103789, 209.493387, 208.750387, 168.974387, 168.931612, 215.064886, 215.199886, 175.227886, 175.400055, 135.534055, 175.327055, 134.950055, 215.53495, 176.30095, 214.91695, 215.319348, 175.332348, 175.784348, 215.301348, 215.928891, 175.899891, 215.015891, 215.393847, 176.264847, 175.688286, 135.761286, 175.201794, 135.130576, 150.686351, 189.161797, 150.080797, 189.836797, 189.744321, 190.120321, 150.491321, 189.978321, 190.108062, 149.801062, 149.559062, 189.370062, 269.79006, 229.93306, 189.87206, 150.02106, 150.09506, 269.88006, 229.84306, 189.69906, 149.76606, 270.087645, 230.055645, 190.422645, 150.376645, 269.930645, 230.193645, 190.141645, 150.097645, 270.144261, 229.715261, 189.374261, 149.733261, 269.935261, 229.812261, 189.885261, 149.881261, 190.102261, 150.081261, 150.213261, 150.001934, 189.837336, 149.892541, 190.169932, 150.345271, 150.166255, 190.441777, 150.462048, 150.73474, 189.898882, 149.693887, 190.825341, 150.926218, 190.123258, 150.428982, 190.175523, 150.145858, 164.365134, 163.749307, 163.974076, 123.442562, 163.754242, 124.635611, 164.133052, 163.334664, 267.304329, 227.243329, 186.970329, 266.7658, 226.8798, 266.8798, 227.0238, 147.3098, 266.3918, 226.2898, 226.967209, 187.224209, 267.144665, 226.976665, 267.786199, 229.826612, 148.908187, 196.966584, 197.370584, 156.944584, 156.313265, 156.322265, 156.979393, 156.228393, 156.909393, 156.812718, 116.584718, 116.730555, 196.161003, 197.157003, 156.46454, 156.82054, 156.18354, 196.83308, 156.94208, 196.92708, 156.7645, 197.4825, 157.5155, 156.200445, 156.886445, 116.680445, 171.526772, 131.653772, 210.582772, 170.562772, 130.697725, 210.937375, 170.810375, 210.892138, 171.333138, 210.831138, 211.485284, 171.312284, 170.945142, 211.762948, 171.838948, 171.721928, 171.835928, 171.589434, 171.415434, 196.06327, 236.742679, 236.921578, 236.042578, 236.682118, 316.982669, 276.895669, 197.261669, 236.544609, 157.236943, 196.267104, 236.435104, 237.150639, 197.217639, 237.726592, 237.462627, 237.897625, 197.831788, 157.971373, 198.143683, 237.738796, 197.486069, 157.399871, 162.325654, 202.746654, 162.617654, 201.982654, 161.786654, 201.456654, 161.307654, 163.227654, 162.269062, 241.338062, 201.447062, 161.216062, 161.557062, 121.813062, 162.715062, 241.023449, 201.143449, 161.027449, 162.771449, 162.688449, 122.591449, 162.063449, 202.179172, 162.421172, 122.235172, 201.538172, 161.504172, 162.944172, 122.784172, 242.540571, 202.533571, 162.661571, 122.667571, 242.415571, 202.175571, 162.330571, 122.404571, 241.756092, 201.840092, 161.653092, 241.750092, 201.770092, 201.902092, 242.176681, 202.148681, 162.444681, 162.496681, 162.255681, 122.486681, 161.805681, 201.858681, 162.070681, 121.911681, 201.960947, 162.175947, 162.657947, 122.716947, 162.947947, 242.301947, 202.201947, 223.723811, 183.919811, 143.979811, 223.314811, 183.304811, 143.573811, 144.794811, 145.003222, 224.306222, 184.163222, 143.975222, 103.951222, 224.163222, 184.197222, 104.406004, 144.822004, 225.088004, 185.218004, 145.019004, 144.584004, 145.046004, 184.321004, 104.309011, 224.031011, 184.104011, 144.469011, 144.157011, 144.164011, 103.916011, 183.231011, 144.434186, 144.113186, 145.358186, 144.566186, 104.694186, 224.396186, 184.303186, 144.606186, 143.277197, 102.889197, 118.282016, 157.011767, 116.960767, 171.940194, 131.908194, 173.043194, 133.278194, 132.807194, 133.344194, 132.863194, 172.624194, 132.955194, 171.670493, 131.156493, 172.378493, 132.531493, 132.679493, 172.817493, 132.871493, 171.982522, 204.663856, 284.926661, 244.597661, 204.701661, 221.094987, 221.027987, 222.085987, 279.296763, 279.117418, 279.52555, 239.86453, 270.024184, 270.214201, 269.357037, 269.493236, 270.224708, 269.224762, 311.468932, 271.118199, 310.230573, 270.220862, 271.230887, 271.494347, 271.295499, 271.515384, 271.755542, 309.583522, 269.484091, 271.12786, 271.538652, 310.556421, 270.372072, 351.420021, 311.746995, 271.583477, 350.695867, 310.688855, 270.730324]
sync delay = 188.48507820909091
out notify interest = 8597.0
out beacon = 20136.0
out data interest = 6295.0
out bundled interest = 1578.0
out data = 7693.0
out ack = 6287.0
out bundled data = 1385.0
cache hit = 6241.0
cache hit special = 702.0
retx_notify_interest = 3759.0
retx_data_interest = 185.0
retx_bundled_interest = 932.0
state sync duration = 190.8314659832536
