data availability = 1.0
[125.186665, 125.096665, 125.226665, 125.126665, 125.223273, 136.038445, 141.699561, 141.439561, 104.321654, 144.450654, 144.730654, 104.772654, 144.810654, 104.829654, 144.440654, 144.487652, 144.467652, 149.275503, 159.635753, 159.855753, 159.625753, 159.605753, 159.615753, 159.985753, 159.655753, 159.925753, 215.367086, 215.597086, 215.587086, 175.484086, 135.635086, 215.357086, 176.140086, 136.137086, 215.352923, 215.422923, 175.633923, 215.412923, 174.928923, 215.382923, 175.394923, 215.528047, 175.873047, 215.585778, 175.558778, 215.445778, 215.670041, 175.804041, 175.721024, 215.534024, 215.757601, 216.037601, 175.954601, 135.986601, 216.055986, 176.064986, 215.945986, 176.225986, 215.835986, 175.920986, 215.831869, 175.643869, 213.770109, 213.898109, 173.781109, 213.164109, 213.477109, 174.167686, 173.939743, 215.463504, 175.363504, 175.781147, 215.532724, 215.151724, 175.222724, 255.148724, 215.311115, 175.591115, 215.208319, 175.007319, 215.338319, 175.458319, 215.281552, 175.658552, 215.487552, 215.867354, 256.180089, 215.921089, 175.704089, 216.2448, 176.400817, 216.468534, 216.192163, 176.16675, 216.607485, 176.724104, 216.614801, 176.460555, 216.859571, 176.749695, 176.429834, 181.981606, 169.992698, 210.66996, 209.85896, 169.64396, 169.936268, 250.852681, 210.804589, 170.641207, 171.390094, 217.060033, 216.692033, 216.512033, 176.572033, 216.042699, 152.206868, 271.860868, 231.759868, 191.562868, 151.070868, 271.974868, 231.987868, 191.996868, 152.148868, 271.724058, 231.555058, 191.493058, 151.416058, 191.976058, 152.011058, 271.832058, 232.113058, 192.246058, 152.111058, 151.621424, 271.919424, 231.750424, 191.818424, 151.823424, 271.895424, 232.231424, 192.199424, 152.239424, 193.029869, 152.665539, 192.951996, 153.107453, 196.813023, 158.637197, 198.545029, 190.287602, 272.324338, 232.136338, 271.608338, 231.209338, 271.904338, 192.052597, 191.576379, 231.873379, 231.908379, 191.786379, 232.213164, 192.046164, 191.903783, 232.865783, 192.960783, 231.587163, 191.476163, 272.608845, 232.888845, 192.879845, 272.485845, 232.465845, 232.477845, 192.468845, 232.847886, 272.760886, 232.457886, 192.554886, 152.296886, 232.435808, 192.380808, 232.387808, 232.741614, 192.798614, 273.057614, 233.191614, 192.055614, 152.028614, 231.870614, 191.774614, 272.052877, 272.170877, 231.994877, 233.336758, 232.270382, 191.981151, 273.795776, 233.91071, 194.1352, 233.583713, 193.713273, 154.754108, 156.094025, 196.942563, 194.89131, 196.617432, 156.859632, 157.571408, 117.552408, 197.498684, 163.71918, 163.084625, 203.170871, 204.068027, 164.020206, 124.14467, 164.311541, 164.926968, 204.082712, 165.036547, 164.556313, 124.334111, 167.147421, 166.432473, 167.630902, 210.625324, 170.854324, 170.208324, 209.945782, 170.026782, 170.122782, 170.56063, 130.24163, 129.84596, 209.912203, 169.897203, 211.683468, 171.741468, 185.01423, 224.706224, 184.828224, 238.285456, 198.543456, 158.376456, 277.611867, 237.472867, 196.782867, 237.989434, 319.157687, 278.954002, 238.83529, 319.932115, 279.728991, 239.433125, 320.181864, 280.154864, 240.063864, 240.534864, 240.532008, 200.189069, 240.300711, 200.260485, 160.273833, 241.864909, 201.943369, 162.00069, 163.542844, 201.541933, 322.698492, 162.31841, 282.755128, 242.515951, 162.030648, 162.992898, 243.085656, 283.323955, 243.439562, 203.596533, 161.960241, 121.891241, 242.007846, 201.848846, 161.492846, 163.896846, 123.673846, 243.180846, 203.358846, 243.146481, 202.904481, 203.953481, 203.31207, 163.19107, 123.01107, 162.96307, 242.300489, 243.361075, 203.303551, 163.579982, 123.472096, 163.365132, 242.349331, 324.011787, 284.048121, 163.84513, 244.038971, 164.244272, 124.01517, 164.502955, 164.939955, 125.142955, 244.327142, 164.396505, 124.605689, 204.396562, 164.528478, 205.173483, 164.721483, 204.108525, 164.098525, 244.793202, 204.379686, 164.52789, 165.908269, 125.874269, 245.308269, 205.528269, 165.551269, 166.440635, 225.719551, 185.938225, 145.808166, 105.862899, 224.004655, 183.937896, 185.499507, 145.39766, 185.119646, 145.321546, 105.463181, 224.672642, 185.042589, 145.559143, 224.774505, 184.91252, 144.923375, 145.264763, 225.119972, 185.135225, 225.767045, 185.752134, 145.442221, 145.748982, 225.840466, 185.942591, 226.032331, 185.838092, 145.916737, 106.113787, 106.408693, 146.519918, 226.126802, 186.335124, 225.795419, 185.778126, 145.649269, 226.282194, 186.082808, 145.759115, 225.824948, 185.69848, 145.814685, 148.293448, 146.091365, 105.753929, 226.27619, 186.20795, 146.032681, 146.076627, 116.941269, 158.107816, 118.236, 238.996483, 199.136405, 117.675809, 172.063068, 132.185068, 132.091068, 172.168068, 131.985068, 172.131068, 132.337068, 172.306068, 132.184068, 132.068886, 171.826482, 131.859768, 142.097752, 171.789531, 218.032126, 179.463869, 183.52077, 224.640516, 184.814461, 191.75659, 191.629301, 192.705072, 212.314977, 212.938335, 252.99823, 212.837824, 252.813711, 213.295117, 280.543892, 279.546777, 279.955298, 290.07287, 249.73253, 290.007227, 250.291762, 300.032011, 268.405659, 266.981801, 270.890284, 268.246719, 311.422377, 271.285906, 311.539018, 271.887606, 270.879052, 269.84963, 272.026935, 271.838609, 271.39668, 310.423111, 270.241517, 271.152832, 295.799983, 295.83574]
sync delay = 197.4283611363636
out notify interest = 9689.0
out beacon = 20246.0
out data interest = 8722.0
out bundled interest = 2043.0
out data = 10353.0
out ack = 6913.0
out bundled data = 1641.0
cache hit = 7777.0
cache hit special = 878.0
retx_notify_interest = 4546.0
retx_data_interest = 1596.0
retx_bundled_interest = 2358.0
state sync duration = 208.21630663451776
