data availability = 1.0
[125.814878, 125.714878, 125.774878, 125.684878, 126.534347, 145.016588, 158.303237, 158.291614, 159.779897, 159.769897, 119.730897, 160.069897, 159.989897, 120.106897, 159.795916, 167.626138, 127.765734, 167.730089, 168.73702, 128.733238, 170.60144, 170.67144, 170.978802, 180.798325, 188.975573, 217.329071, 217.239071, 217.249071, 217.419071, 177.525071, 217.509071, 218.345373, 218.583594, 178.734163, 218.559626, 178.438968, 219.103543, 179.112543, 219.193543, 179.407543, 219.083543, 219.053543, 219.133543, 220.863631, 181.245631, 220.883631, 180.416631, 220.683631, 180.594631, 220.633631, 220.653631, 220.703631, 181.189138, 182.574532, 160.13715, 162.28183, 214.443417, 174.432417, 174.900072, 254.857845, 214.723252, 215.661803, 177.040362, 257.922292, 218.051292, 219.544766, 179.464766, 220.929817, 180.868817, 181.411007, 220.923198, 261.022198, 220.755198, 229.459442, 189.158442, 239.408627, 199.698253, 281.271543, 241.328504, 244.493517, 203.993003, 244.538396, 245.796573, 205.779573, 245.794573, 205.813573, 205.918573, 246.068442, 206.076099, 169.30358, 249.982856, 249.649856, 209.904856, 213.6449, 214.64802, 175.624596, 215.616981, 175.721917, 255.876404, 215.75237, 216.31688, 176.827373, 136.817373, 176.957269, 137.3188, 217.017321, 274.371359, 234.359359, 194.236359, 154.498359, 276.837803, 236.930803, 196.912803, 157.404803, 277.123803, 237.408803, 197.063803, 157.148803, 157.211931, 279.358257, 239.164756, 240.042247, 242.072143, 203.70712, 164.04312, 206.43715, 166.361151, 214.009311, 173.996257, 297.075716, 256.906716, 216.497716, 176.359716, 297.062893, 256.904893, 216.849893, 176.886893, 217.033205, 177.254205, 218.088299, 272.610186, 232.575186, 233.878305, 273.863305, 234.449949, 274.918055, 235.549055, 235.73552, 195.799156, 235.471837, 195.825837, 275.790612, 236.136088, 196.306361, 236.460985, 196.968985, 236.360985, 196.396985, 156.460721, 235.656193, 197.584734, 197.24387, 199.432446, 259.364771, 219.534158, 221.351092, 193.294247, 272.847283, 312.65069, 313.282393, 273.077125, 313.419585, 236.309698, 381.733795, 341.551581, 301.380851, 230.92467, 278.42953, 242.718481, 202.681954, 320.801044, 280.717044, 282.764305, 242.64287, 243.01171, 202.49472, 404.101896, 364.086896, 323.995896, 283.802896, 204.845455, 244.776719, 204.534719, 324.807187, 285.245728, 245.596132, 285.543885, 246.539443, 207.02251, 167.174701, 286.725713, 246.917713, 207.261713, 166.965713, 366.086535, 326.160535, 286.056535, 245.737535, 205.723535, 247.069843, 207.451843, 366.958744, 326.797744, 286.787744, 246.702744, 206.619744, 246.986944, 246.581944, 247.538944, 246.625944, 410.569305, 370.64034, 330.501689, 290.486475, 250.43713, 210.548893, 411.474452, 371.554452, 331.702452, 291.702452, 251.796452, 211.919452, 411.764452, 371.897452, 331.779452, 291.665452, 252.582985, 212.571985, 260.589529, 220.766628, 180.790867, 260.267662, 220.037731, 341.151153, 301.259308, 261.147865, 221.115335, 181.434886, 261.86765, 221.926313, 342.854185, 302.794842, 342.254441, 342.167055, 301.709795, 262.363907, 302.422749, 262.134732, 222.132831, 343.210116, 264.527951, 224.754951, 265.167213, 224.637213, 265.009337, 224.954337, 184.738806, 144.731585, 304.663511, 264.461989, 304.384458, 264.41035, 224.44703, 184.882175, 145.345576, 265.469782, 225.369573, 185.114198, 265.961189, 266.030873, 225.854873, 185.793873, 145.550873, 346.682042, 306.434949, 266.346666, 265.830203, 147.016182, 266.547794, 226.768794, 186.774794, 109.419454, 189.447454, 190.107454, 190.118293, 230.669496, 191.660496, 192.566177, 193.37624, 153.019098, 193.002113, 154.185197, 273.671748, 233.732845, 194.155995, 237.874946, 240.246478, 200.527656, 161.142806, 121.135468, 241.098031, 201.053615, 161.296886, 163.721402, 172.008495, 251.224988, 211.317326, 211.364573, 171.604831, 131.618538, 172.701819, 223.403304, 183.232452, 143.199069, 145.824128, 145.506164, 228.515201, 188.459316, 269.774063, 229.813059, 352.772455, 312.462455, 272.707455, 232.421455, 192.211455, 320.16661, 280.25061, 240.34861, 200.13061, 160.36661, 279.04361, 239.26461, 199.44061, 320.29061, 280.44361, 321.063075, 281.488701, 241.387893, 201.169414, 281.219869, 241.589291, 201.641643, 281.36705, 402.61755, 362.568901, 322.47471, 162.983868, 242.543368, 202.454101, 203.951074, 245.107967, 205.138967, 164.077623, 167.861123, 287.322281, 247.318575, 207.727856, 167.328327, 208.591336, 288.170081, 248.445202, 208.134725, 168.666045, 248.958534, 251.814078, 213.190844, 173.372844, 172.831844, 293.566621, 253.606621, 213.494621, 333.371621, 293.215621, 253.237621, 213.006621, 172.702621, 292.523764, 252.375764, 212.331764, 298.089772, 258.284665, 218.015405, 218.92481, 182.669901, 269.833112, 269.260702, 229.406548, 270.163161, 230.995524, 271.723678, 231.690565, 191.932735, 190.441605, 205.20281, 204.36081, 204.80381, 205.08081, 245.764434, 205.718434, 206.257255, 255.818013, 215.886013, 214.981013, 216.810013, 256.315013, 215.798013, 216.505013, 296.683013, 256.793128, 216.361128, 263.672175, 302.622238, 304.142944, 305.652486, 265.379895, 306.307836, 267.176293, 305.699331, 285.647799, 286.639054, 287.097545, 328.396935, 288.235476, 287.667276, 288.236194, 294.238788, 294.149962, 292.70278, 292.73372, 292.797072]
sync delay = 232.39744242727275
out notify interest = 14348.0
out beacon = 21696.0
out data interest = 11991.0
out bundled interest = 4240.0
out data = 12276.0
out ack = 9717.0
out bundled data = 2719.0
cache hit = 9384.0
cache hit special = 1204.0
retx_notify_interest = 7511.0
retx_data_interest = 4753.0
retx_bundled_interest = 6962.0
state sync duration = 274.60828760773484
