data availability = 1.0
[129.559974, 161.847103, 163.776432, 164.066432, 124.005432, 165.130363, 165.505601, 169.345208, 169.365208, 169.655491, 203.382242, 203.371517, 163.373517, 203.091517, 203.291517, 203.101517, 214.654353, 174.990353, 216.342653, 216.112653, 216.222653, 176.415653, 216.082653, 217.637334, 177.768334, 217.687334, 177.526334, 217.787334, 217.975447, 218.152472, 218.209497, 218.229497, 219.729065, 220.276049, 180.345718, 220.591282, 221.616628, 221.494584, 182.25733, 223.02929, 223.583519, 224.774061, 225.471137, 185.901079, 206.556395, 289.855359, 249.821359, 256.037792, 295.982503, 256.041333, 303.426544, 263.723544, 223.532544, 287.46664, 250.983454, 293.589274, 333.568274, 293.620274, 295.884898, 298.725132, 358.385318, 318.413318, 278.931318, 238.904318, 328.385514, 330.450655, 292.412354, 252.364354, 332.276467, 337.153075, 297.275092, 297.403092, 337.137702, 297.115702, 311.058996, 360.853938, 281.110401, 241.448401, 329.197156, 292.770555, 375.460929, 375.154003, 385.576728, 346.432372, 390.869129, 312.314115, 272.097115, 391.792115, 351.543115, 431.857073, 392.239073, 351.927073, 392.585554, 352.643069, 312.869249, 353.718696, 434.090597, 393.909597, 353.737597, 354.149597, 433.866131, 393.758131, 313.643131, 316.924372, 317.867002, 277.790002, 357.767002, 282.828551, 361.974551, 321.852551, 281.965825, 325.488708, 285.640315, 285.687967, 448.659125, 408.996125, 368.278125, 328.607125, 248.199316, 328.942845, 408.880845, 368.803274, 369.085656, 329.630499, 369.57628, 329.514364, 289.964419, 332.466076, 297.272217, 298.040651, 306.752489, 266.628729, 226.526304, 387.467864, 387.698691, 347.653691, 390.790365, 350.646084, 310.606082, 434.214295, 313.967295, 393.938295, 353.859295, 313.880295, 274.055295, 394.349082, 354.543082, 236.781173, 359.972964, 320.135964, 437.50259, 398.54634, 358.18134, 318.17034, 278.382536, 336.52196, 337.552251, 337.482466, 297.605894, 417.47561, 377.533851, 262.570177, 471.123717, 431.340717, 391.547717, 471.268717, 431.123717, 391.266717, 471.847251, 432.067251, 392.264251, 433.058271, 393.126831, 353.100233, 314.549526, 274.443985, 405.839696, 485.63843, 445.48943, 405.43843, 287.258407, 372.136, 332.204839, 292.301096, 532.331218, 492.575361, 332.279397, 492.883897, 452.785897, 412.878897, 372.530897, 332.672897, 533.149897, 493.379897, 453.056623, 413.191094, 373.128521, 373.463576, 493.734343, 453.510343, 413.429343, 373.997608, 334.44593, 294.302514, 535.160435, 494.982878, 374.918195, 335.073195, 294.982195, 415.699785, 375.846645, 375.920142, 376.727853, 336.864779, 456.743768, 547.915309, 507.827309, 467.881309, 427.890309, 388.242309, 348.188309, 427.557309, 387.945309, 347.958309, 363.533324, 484.880966, 444.749966, 404.711966, 405.311966, 365.571966, 445.71193, 326.470588, 286.607588, 566.303588, 526.081588, 486.221588, 446.102588, 406.129588, 331.978001, 252.718398, 375.040846, 335.277846, 423.619976, 383.587268, 343.689268, 349.218741, 308.945741, 439.038091, 399.179091, 519.382091, 479.833091, 439.958091, 599.390801, 559.046801, 518.876801, 478.800801, 438.807801, 439.848801, 519.976042, 480.172042, 440.148042, 400.098042, 359.953042, 519.872042, 479.732042, 439.616042, 399.616042, 359.728042, 320.764796, 280.696796, 359.766616, 401.537714, 380.642395, 420.483395, 380.160395, 586.264599, 546.225599, 506.559599, 467.050599, 426.898599, 386.788599, 346.865599, 466.199599, 426.172599, 385.930599, 467.076321, 427.309321, 387.486321, 347.587321, 466.778321, 426.795321, 386.560321, 426.331321, 425.465897, 466.512054, 426.346054, 386.223054, 346.277054, 346.710054, 466.873054, 426.625054, 386.526054, 346.696054, 466.730054, 587.268054, 546.980054, 346.361644, 426.497644, 386.465644, 346.879644, 347.432636, 307.613636, 426.442636, 386.093636, 346.120636, 426.600636, 386.734764, 346.602764, 547.617764, 507.538764, 467.841764, 427.678764, 387.264764, 387.800764, 347.866764, 388.528113, 348.590253, 308.447355, 308.558103, 348.079103, 428.707103, 388.972103, 348.661103, 348.799116, 392.067286, 352.320979, 312.486598, 337.261165, 376.059165, 335.754165, 536.167165, 496.394165, 456.345165, 416.293165, 376.343165, 336.570165, 616.141477, 576.081477, 536.121477, 495.695477, 455.715477, 415.794477, 336.487477, 536.610289, 496.446289, 456.509289, 416.298289, 376.478289, 535.885289, 616.489429, 576.418429, 536.448429, 496.325429, 456.179429, 416.253429, 495.747429, 455.739429, 415.945429, 376.040429, 383.57349, 344.653704, 388.1943, 430.380812, 390.535812, 430.496812, 473.619789, 513.567789, 473.280789, 433.240789, 393.058789, 352.710789, 553.092789, 355.784774, 476.281774, 436.499774, 356.119774, 355.958774, 356.393408, 515.935408, 475.882408, 435.744408, 440.110858, 400.316858, 360.973024, 402.001722, 361.921616, 442.052717, 402.457668, 402.721215, 362.406571, 363.320263, 402.779015, 403.059769, 403.909969, 437.83162, 397.871806, 398.113651, 507.693649, 469.102292, 480.39724, 520.431063, 481.61088, 480.057985, 521.064057, 520.561727, 480.783594, 560.729526, 520.659542, 480.630589, 521.289799, 480.91462, 521.433225, 481.255537, 521.402739, 481.152397, 481.869376, 481.097326, 481.695896, 561.813323, 521.988019, 481.757113, 482.050578, 490.98366, 504.590442, 505.509442, 506.724193, 517.825486, 518.074213, 517.495705, 517.639672]
sync delay = 378.3399382204545
out notify interest = 21939.0
out beacon = 19956.0
out data interest = 15060.0
out bundled interest = 8085.0
out data = 12366.0
out ack = 12316.0
out bundled data = 3829.0
cache hit = 9965.0
cache hit special = 1309.0
retx_notify_interest = 12758.0
retx_data_interest = 8015.0
retx_bundled_interest = 10923.0
state sync duration = 401.0419232155173
