0.977694569881
[889600, 889600, 889600, 889600, 893600, 897600, 901600, 905600, 909600, 913600]
7746.0
17307.0
18029.0
3.0
[58.0, 3978.0, 152.0, 138.0, 1330.0, 87.0, 97.0, 118.0, 81.0, 117.0, 74.0, 95.0, 114.0, 112.0, 97.0, 3881.0, 175.0, 155.0, 1339.0, 141.0, 65.0, 605.0, 1070.0, 195.0, 184.0, 29.0, 89.0, 294.0, 106.0, 3176.0, 116.0, 92.0, 1253.0, 70.0, 79.0, 1184.0, 1543.0, 64.0, 163.0, 69.0, 157.0, 613.0, 211.0, 2796.0, 110.0, 3702.0, 122.0, 1469.0, 153.0, 790.0, 1750.0, 2843.0, 181.0, 88.0, 81.0, 135.0, 1955.0, 291.0, 2315.0, 434.0, 3277.0, 99.0, 2924.0, 1535.0, 72.0, 2611.0, 2838.0, 3237.0, 138.0, 199.0, 132.0, 78.0, 3961.0, 1913.0, 3449.0, 2935.0, 2960.0, 224.0, 1663.0, 1328.0, 2262.0, 209.0, 1528.0, 1322.0, 142.0, 2726.0, 3855.0, 2494.0, 1670.0, 1156.0, 943.0, 87.0, 266.0, 128.0, 583.0, 2125.0, 3339.0, 2592.0, 252.0, 278.0, 2786.0, 338.0, 1238.0, 346.0, 332.0, 212.0, 837.0, 282.0, 750.0, 804.0, 394.0, 131.0, 155.0, 218.0, 1737.0, 283.0, 3232.0, 1952.0, 2188.0, 484.0, 216.0, 242.0, 1681.0, 139.0, 87.0, 140.0, 253.0, 176.0, 1679.0, 2318.0, 197.0, 99.0, 126.0, 186.0, 3036.0, 209.0, 3123.0, 2621.0, 2689.0, 1599.0, 161.0, 112.0, 816.0, 80.0, 206.0, 155.0, 73.0, 3206.0, 3360.0, 153.0, 74.0, 140.0, 175.0, 85.0, 3099.0, 3273.0, 2378.0, 188.0, 82.0, 1199.0, 181.0, 119.0, 181.0, 38.0, 134.0, 93.0, 112.0, 223.0, 93.0]
[1, 25, 3, 5, 8, 3, 3, 3, 3, 3, 3, 3, 3, 4, 2, 10, 3, 3, 9, 4, 3, 6, 5, 4, 4, 2, 3, 4, 3, 11, 4, 3, 9, 3, 3, 5, 5, 3, 5, 4, 4, 5, 3, 10, 4, 19, 3, 8, 5, 7, 8, 9, 5, 4, 4, 4, 6, 5, 11, 5, 15, 3, 16, 8, 3, 7, 14, 19, 4, 3, 4, 4, 17, 9, 23, 19, 16, 3, 8, 5, 10, 4, 12, 8, 4, 9, 21, 18, 10, 11, 9, 4, 4, 2, 4, 14, 13, 12, 5, 7, 10, 8, 6, 8, 7, 4, 13, 8, 8, 9, 6, 5, 4, 5, 6, 9, 19, 10, 10, 4, 5, 5, 6, 3, 2, 3, 3, 4, 6, 7, 4, 4, 4, 5, 10, 6, 10, 9, 9, 5, 4, 4, 6, 3, 4, 3, 3, 10, 11, 3, 2, 3, 3, 3, 12, 11, 7, 5, 3, 5, 4, 3, 4, 2, 3, 3, 4, 5, 3]
[149.0, 3978.0, 1439.0, 1465.0, 3400.0, 636.0, 747.0, 1814.0, 1219.0, 1467.0, 737.0, 851.0, 1051.0, 1485.0, 183.0, 3881.0, 1249.0, 1131.0, 3012.0, 797.0, 544.0, 2250.0, 2497.0, 1317.0, 785.0, 727.0, 983.0, 1473.0, 247.0, 3394.0, 1345.0, 986.0, 2932.0, 841.0, 669.0, 3221.0, 2811.0, 1053.0, 771.0, 599.0, 929.0, 2345.0, 759.0, 3469.0, 1011.0, 3702.0, 1057.0, 3052.0, 895.0, 1728.0, 3336.0, 3707.0, 800.0, 791.0, 747.0, 831.0, 3646.0, 807.0, 3832.0, 1605.0, 3337.0, 706.0, 2924.0, 2818.0, 743.0, 3879.0, 3206.0, 3843.0, 707.0, 842.0, 676.0, 918.0, 3961.0, 2795.0, 3641.0, 3338.0, 3535.0, 1285.0, 1997.0, 2962.0, 3331.0, 1039.0, 3109.0, 2203.0, 961.0, 3252.0, 3855.0, 2872.0, 3382.0, 2820.0, 2241.0, 1031.0, 1201.0, 678.0, 1493.0, 3235.0, 3880.0, 2916.0, 1218.0, 1169.0, 2786.0, 1563.0, 2265.0, 1532.0, 1154.0, 964.0, 2665.0, 2078.0, 2280.0, 2269.0, 1344.0, 774.0, 832.0, 909.0, 3647.0, 2109.0, 3296.0, 3751.0, 3477.0, 1722.0, 1498.0, 1897.0, 3087.0, 1327.0, 717.0, 723.0, 2705.0, 1937.0, 3981.0, 2855.0, 1173.0, 1162.0, 1071.0, 838.0, 3203.0, 2150.0, 3123.0, 3182.0, 3315.0, 3657.0, 1189.0, 1278.0, 2006.0, 737.0, 1052.0, 1986.0, 1771.0, 3903.0, 3360.0, 1127.0, 913.0, 789.0, 951.0, 1961.0, 3099.0, 3273.0, 3315.0, 1139.0, 1322.0, 3032.0, 785.0, 892.0, 2009.0, 1400.0, 1231.0, 910.0, 979.0, 1206.0, 1575.0]
[1, 25, 33, 38, 37, 25, 24, 45, 34, 35, 25, 25, 27, 39, 2, 10, 32, 33, 35, 26, 24, 44, 34, 34, 25, 24, 26, 37, 6, 11, 32, 32, 34, 26, 23, 40, 31, 28, 26, 24, 28, 37, 9, 10, 29, 19, 30, 29, 26, 26, 8, 9, 27, 25, 24, 27, 34, 14, 22, 28, 15, 24, 16, 26, 25, 28, 21, 26, 25, 24, 24, 26, 17, 9, 23, 19, 16, 17, 24, 27, 35, 24, 31, 23, 26, 9, 21, 14, 43, 30, 29, 26, 26, 23, 27, 18, 13, 12, 22, 30, 10, 35, 27, 35, 26, 26, 57, 46, 42, 34, 32, 28, 27, 24, 26, 43, 29, 48, 36, 25, 33, 41, 25, 38, 28, 26, 64, 49, 45, 7, 34, 29, 28, 26, 10, 52, 10, 9, 9, 26, 33, 41, 39, 26, 26, 61, 46, 10, 11, 37, 27, 27, 27, 50, 12, 11, 7, 33, 38, 37, 25, 26, 55, 38, 35, 27, 26, 28, 43]
0.986370945914
[889600, 889600, 889600, 889600, 893600, 897600, 901600, 905600, 909600, 913600]
5993.0
13369.0
15773.0
3.0
[66.0, 176.0, 94.0, 121.0, 171.0, 93.0, 178.0, 123.0, 121.0, 16.0, 235.0, 161.0, 54.0, 74.0, 182.0, 153.0, 3350.0, 185.0, 1886.0, 3861.0, 71.0, 230.0, 110.0, 136.0, 97.0, 198.0, 133.0, 830.0, 136.0, 161.0, 225.0, 250.0, 105.0, 235.0, 125.0, 160.0, 2380.0, 108.0, 2443.0, 152.0, 193.0, 170.0, 139.0, 236.0, 201.0, 99.0, 1158.0, 210.0, 208.0, 113.0, 212.0, 594.0, 524.0, 132.0, 2974.0, 167.0, 2724.0, 150.0, 1708.0, 3981.0, 75.0, 124.0, 194.0, 93.0, 173.0, 951.0, 3661.0, 190.0, 2828.0, 2935.0, 171.0, 107.0, 247.0, 141.0, 1881.0, 2637.0, 1474.0, 2872.0, 120.0, 99.0, 2822.0, 315.0, 1931.0, 3955.0, 254.0, 132.0, 172.0, 162.0, 542.0, 3637.0, 3346.0, 3148.0, 2185.0, 161.0, 3544.0, 2616.0, 48.0, 2621.0, 3946.0, 124.0, 182.0, 128.0, 2308.0, 2365.0, 2590.0, 2619.0, 61.0, 1722.0, 110.0, 2720.0, 121.0, 1622.0, 3120.0, 27.0, 278.0, 160.0, 116.0, 1191.0, 3185.0, 1767.0, 3802.0, 874.0, 187.0, 620.0, 1029.0, 2082.0, 3078.0, 183.0, 149.0, 120.0, 971.0, 1558.0, 1056.0, 129.0, 725.0, 158.0, 1362.0, 81.0, 1252.0, 46.0, 179.0, 171.0, 93.0, 3644.0, 3548.0, 260.0, 230.0, 169.0, 213.0, 1865.0, 3476.0, 2017.0, 452.0, 160.0, 222.0, 54.0, 301.0, 1957.0, 252.0, 564.0, 236.0, 69.0, 250.0, 159.0, 407.0, 214.0, 205.0, 132.0, 186.0, 187.0, 188.0, 109.0, 90.0, 3744.0, 3773.0, 142.0, 102.0, 152.0, 211.0, 163.0, 2895.0, 155.0, 1794.0, 118.0, 627.0, 246.0, 142.0, 565.0, 40.0, 146.0, 152.0, 110.0, 159.0, 121.0, 97.0, 123.0, 201.0, 101.0, 127.0, 153.0, 186.0, 3916.0, 217.0, 3213.0, 86.0, 1327.0, 234.0, 437.0, 1909.0, 115.0, 167.0, 169.0, 121.0, 258.0, 199.0, 162.0, 133.0, 172.0, 181.0, 159.0, 107.0, 116.0, 133.0, 3675.0, 119.0, 2793.0, 235.0, 1394.0, 2812.0]
[1, 5, 4, 4, 5, 3, 5, 4, 3, 3, 4, 4, 3, 3, 4, 4, 13, 5, 9, 17, 2, 5, 4, 4, 3, 3, 4, 5, 3, 4, 4, 4, 3, 4, 3, 5, 14, 4, 10, 2, 4, 3, 4, 5, 4, 5, 5, 4, 4, 3, 6, 5, 6, 3, 14, 3, 13, 4, 12, 14, 2, 3, 5, 3, 5, 5, 18, 3, 8, 18, 3, 3, 4, 3, 7, 18, 5, 16, 3, 3, 12, 4, 9, 18, 4, 4, 3, 3, 6, 17, 20, 7, 15, 5, 12, 15, 3, 17, 18, 4, 3, 4, 15, 9, 14, 15, 3, 14, 4, 12, 4, 11, 15, 1, 6, 4, 3, 6, 13, 13, 11, 12, 3, 11, 4, 12, 13, 2, 4, 3, 9, 11, 10, 3, 10, 4, 10, 3, 9, 2, 4, 4, 3, 12, 13, 7, 6, 3, 6, 6, 13, 10, 10, 4, 5, 3, 6, 10, 7, 4, 7, 3, 7, 3, 7, 3, 5, 4, 4, 4, 4, 4, 3, 10, 10, 3, 3, 4, 3, 4, 10, 3, 6, 3, 5, 5, 3, 4, 2, 4, 5, 5, 5, 4, 3, 3, 5, 4, 3, 5, 3, 14, 3, 10, 3, 5, 5, 6, 6, 2, 4, 4, 3, 5, 4, 3, 3, 4, 5, 4, 4, 4, 3, 12, 3, 9, 4, 6, 11]
[137.0, 800.0, 984.0, 1053.0, 915.0, 1789.0, 1238.0, 1003.0, 1224.0, 1717.0, 1036.0, 987.0, 657.0, 1282.0, 1555.0, 1365.0, 3778.0, 1267.0, 3379.0, 3861.0, 113.0, 1073.0, 1052.0, 1047.0, 720.0, 1492.0, 1336.0, 1489.0, 1102.0, 1298.0, 1256.0, 1097.0, 817.0, 1279.0, 1091.0, 1320.0, 3591.0, 1404.0, 3245.0, 344.0, 780.0, 725.0, 1133.0, 1285.0, 1483.0, 1089.0, 2548.0, 1478.0, 1771.0, 891.0, 1341.0, 1697.0, 1718.0, 939.0, 2974.0, 997.0, 2931.0, 1597.0, 3545.0, 3981.0, 279.0, 1008.0, 910.0, 719.0, 809.0, 1976.0, 3661.0, 1194.0, 3737.0, 2935.0, 954.0, 1178.0, 1219.0, 888.0, 2816.0, 3609.0, 2928.0, 3699.0, 820.0, 793.0, 3951.0, 1645.0, 3271.0, 3955.0, 799.0, 943.0, 834.0, 990.0, 2032.0, 3961.0, 3768.0, 3738.0, 2753.0, 786.0, 3544.0, 3229.0, 490.0, 3852.0, 3946.0, 885.0, 986.0, 1134.0, 2647.0, 3507.0, 2759.0, 3950.0, 736.0, 3200.0, 849.0, 3095.0, 1056.0, 3360.0, 3483.0, 561.0, 1285.0, 790.0, 864.0, 3505.0, 3757.0, 3307.0, 3802.0, 2956.0, 1023.0, 2963.0, 2223.0, 2510.0, 3528.0, 847.0, 864.0, 905.0, 3158.0, 3351.0, 2172.0, 731.0, 1929.0, 783.0, 2873.0, 1021.0, 2764.0, 556.0, 1216.0, 960.0, 722.0, 3644.0, 3548.0, 1954.0, 1814.0, 969.0, 1862.0, 3345.0, 3476.0, 2809.0, 2226.0, 787.0, 1245.0, 923.0, 1771.0, 2114.0, 1327.0, 1433.0, 1537.0, 976.0, 1311.0, 959.0, 1460.0, 810.0, 1457.0, 939.0, 901.0, 2107.0, 1545.0, 848.0, 1611.0, 3744.0, 3773.0, 2615.0, 857.0, 806.0, 1042.0, 1787.0, 3763.0, 1436.0, 2971.0, 1174.0, 1778.0, 1377.0, 900.0, 1974.0, 667.0, 1006.0, 905.0, 798.0, 2357.0, 1534.0, 810.0, 1411.0, 2253.0, 542.0, 906.0, 869.0, 1347.0, 3916.0, 1999.0, 3844.0, 1353.0, 2709.0, 1295.0, 1486.0, 3946.0, 599.0, 1288.0, 946.0, 836.0, 2153.0, 1742.0, 743.0, 1426.0, 1886.0, 662.0, 889.0, 658.0, 1169.0, 1329.0, 3987.0, 1312.0, 3196.0, 1245.0, 3421.0, 2812.0]
[1, 19, 31, 28, 26, 45, 40, 25, 32, 45, 26, 27, 25, 32, 39, 34, 13, 34, 26, 17, 3, 20, 31, 29, 26, 40, 37, 25, 29, 35, 26, 28, 24, 30, 32, 34, 14, 35, 10, 5, 23, 28, 29, 28, 34, 34, 25, 28, 34, 27, 30, 26, 31, 28, 14, 30, 13, 35, 29, 14, 7, 24, 29, 28, 30, 32, 18, 31, 25, 18, 24, 32, 27, 28, 7, 18, 29, 16, 24, 25, 28, 34, 29, 18, 11, 25, 27, 27, 32, 17, 20, 30, 15, 30, 12, 15, 22, 17, 18, 27, 27, 28, 12, 9, 14, 32, 22, 26, 25, 12, 30, 31, 15, 12, 29, 27, 25, 31, 13, 42, 11, 46, 29, 41, 23, 12, 13, 24, 27, 28, 47, 43, 33, 22, 30, 26, 28, 28, 28, 14, 31, 27, 24, 12, 13, 48, 45, 28, 42, 23, 13, 10, 49, 24, 27, 27, 46, 10, 37, 23, 36, 26, 30, 27, 29, 16, 31, 27, 24, 55, 46, 27, 42, 10, 10, 59, 24, 27, 26, 47, 16, 41, 23, 36, 27, 34, 25, 34, 16, 30, 28, 25, 53, 45, 26, 39, 59, 24, 26, 27, 41, 14, 39, 10, 34, 25, 33, 27, 33, 16, 30, 29, 24, 52, 41, 24, 35, 52, 25, 27, 25, 37, 37, 12, 34, 9, 32, 27, 11]
0.983668831169
[889600, 889600, 889600, 889600, 893600, 897600, 901600, 905600, 909600, 913600]
6817.0
15192.0
16923.0
3.0
[60.0, 211.0, 161.0, 64.0, 103.0, 93.0, 3918.0, 1162.0, 714.0, 123.0, 98.0, 155.0, 123.0, 94.0, 92.0, 74.0, 3129.0, 177.0, 134.0, 86.0, 131.0, 101.0, 115.0, 1032.0, 502.0, 140.0, 69.0, 757.0, 200.0, 88.0, 133.0, 168.0, 2839.0, 97.0, 104.0, 182.0, 204.0, 138.0, 118.0, 1113.0, 1841.0, 107.0, 210.0, 1505.0, 172.0, 118.0, 552.0, 89.0, 3432.0, 187.0, 92.0, 192.0, 3685.0, 165.0, 177.0, 116.0, 2587.0, 572.0, 3195.0, 145.0, 121.0, 2236.0, 498.0, 3416.0, 185.0, 1155.0, 3530.0, 149.0, 3599.0, 154.0, 172.0, 181.0, 1771.0, 178.0, 187.0, 115.0, 3986.0, 3494.0, 2991.0, 2980.0, 657.0, 3905.0, 3006.0, 201.0, 106.0, 2959.0, 712.0, 2914.0, 175.0, 2207.0, 207.0, 2946.0, 2690.0, 2962.0, 133.0, 129.0, 1085.0, 1183.0, 174.0, 165.0, 368.0, 1927.0, 1616.0, 1398.0, 2040.0, 582.0, 1959.0, 77.0, 277.0, 3880.0, 2538.0, 1286.0, 1722.0, 826.0, 91.0, 3451.0, 3301.0, 157.0, 3936.0, 1700.0, 748.0, 134.0, 166.0, 2314.0, 159.0, 172.0, 114.0, 1458.0, 923.0, 1483.0, 727.0, 344.0, 137.0, 319.0, 216.0, 107.0, 1517.0, 2335.0, 214.0, 2950.0, 258.0, 60.0, 958.0, 113.0, 3980.0, 902.0, 170.0, 97.0, 3435.0, 151.0, 175.0, 184.0, 2978.0, 1372.0, 2392.0, 1302.0, 108.0, 80.0, 173.0, 81.0, 148.0, 1228.0, 201.0, 222.0, 83.0, 128.0, 1384.0, 3279.0, 1484.0, 151.0, 198.0, 138.0, 186.0, 181.0, 2468.0, 3301.0, 3972.0, 2169.0, 635.0, 84.0, 36.0, 167.0, 124.0, 2648.0, 112.0, 91.0, 128.0, 87.0, 1456.0, 3392.0, 160.0, 121.0, 182.0, 140.0, 132.0, 719.0, 690.0, 98.0, 117.0, 103.0, 63.0, 121.0, 277.0, 130.0, 2185.0, 3590.0]
[1, 5, 5, 3, 3, 3, 17, 8, 5, 4, 3, 3, 4, 5, 3, 3, 14, 3, 4, 3, 5, 3, 3, 9, 6, 3, 3, 5, 5, 2, 3, 5, 12, 2, 2, 3, 4, 4, 4, 9, 8, 3, 5, 5, 4, 3, 4, 4, 14, 3, 4, 3, 18, 4, 4, 3, 16, 7, 8, 3, 2, 8, 5, 17, 4, 5, 19, 3, 14, 3, 3, 4, 13, 4, 4, 3, 18, 20, 18, 18, 8, 11, 17, 3, 4, 18, 5, 13, 4, 9, 5, 14, 15, 16, 3, 3, 5, 10, 4, 3, 4, 14, 13, 12, 12, 7, 16, 3, 3, 22, 14, 11, 7, 12, 3, 12, 27, 4, 14, 11, 11, 2, 3, 7, 5, 4, 3, 5, 10, 8, 9, 8, 5, 8, 5, 4, 12, 12, 7, 10, 7, 3, 10, 3, 14, 9, 3, 3, 10, 6, 5, 3, 9, 6, 7, 5, 3, 3, 3, 3, 4, 5, 4, 4, 3, 3, 5, 14, 6, 2, 4, 4, 4, 3, 12, 10, 18, 8, 5, 4, 2, 4, 4, 9, 4, 2, 3, 3, 6, 20, 3, 3, 4, 4, 3, 4, 6, 3, 4, 3, 3, 3, 5, 5, 9, 12]
[189.0, 1101.0, 770.0, 1378.0, 987.0, 686.0, 3918.0, 2701.0, 1746.0, 1297.0, 904.0, 856.0, 1736.0, 1203.0, 725.0, 1350.0, 3605.0, 242.0, 822.0, 627.0, 1094.0, 917.0, 595.0, 2677.0, 1706.0, 1069.0, 693.0, 1701.0, 1860.0, 1167.0, 909.0, 1366.0, 3955.0, 287.0, 690.0, 804.0, 1637.0, 996.0, 737.0, 2336.0, 2904.0, 1127.0, 1143.0, 2958.0, 1133.0, 974.0, 1673.0, 1452.0, 3432.0, 421.0, 805.0, 745.0, 3757.0, 1021.0, 959.0, 580.0, 2587.0, 2524.0, 3339.0, 839.0, 736.0, 3966.0, 1748.0, 3416.0, 1053.0, 2701.0, 3530.0, 1100.0, 3599.0, 551.0, 865.0, 738.0, 3114.0, 1020.0, 969.0, 739.0, 3986.0, 3873.0, 3929.0, 3852.0, 2298.0, 3905.0, 3745.0, 940.0, 829.0, 3492.0, 2125.0, 3192.0, 681.0, 2722.0, 1119.0, 2946.0, 3143.0, 3524.0, 690.0, 820.0, 2359.0, 2584.0, 926.0, 814.0, 1331.0, 2397.0, 2799.0, 3149.0, 3711.0, 1699.0, 2682.0, 820.0, 894.0, 3880.0, 3159.0, 2503.0, 3444.0, 2505.0, 711.0, 3451.0, 3817.0, 841.0, 3936.0, 3277.0, 748.0, 786.0, 851.0, 2740.0, 1273.0, 1012.0, 741.0, 2448.0, 2737.0, 2868.0, 2272.0, 1364.0, 1005.0, 2002.0, 1131.0, 887.0, 2853.0, 2705.0, 1864.0, 3780.0, 1892.0, 830.0, 2989.0, 975.0, 3980.0, 2418.0, 896.0, 706.0, 3759.0, 1548.0, 706.0, 690.0, 3383.0, 2012.0, 2900.0, 3400.0, 1102.0, 897.0, 1851.0, 631.0, 907.0, 1650.0, 2194.0, 1460.0, 760.0, 2235.0, 2367.0, 3279.0, 1865.0, 670.0, 934.0, 1514.0, 876.0, 754.0, 2468.0, 3496.0, 3972.0, 2537.0, 2204.0, 986.0, 1300.0, 800.0, 865.0, 3221.0, 2054.0, 1541.0, 653.0, 2614.0, 3345.0, 3392.0, 932.0, 507.0, 1573.0, 1001.0, 754.0, 2879.0, 1993.0, 1307.0, 741.0, 753.0, 1864.0, 1527.0, 881.0, 1770.0, 3667.0, 3590.0]
[1, 21, 24, 36, 28, 22, 17, 37, 28, 36, 25, 25, 52, 35, 24, 40, 14, 3, 22, 24, 34, 27, 21, 37, 28, 31, 25, 26, 46, 32, 23, 39, 26, 6, 21, 24, 32, 27, 22, 33, 31, 28, 27, 26, 33, 28, 24, 37, 14, 3, 23, 24, 18, 32, 27, 22, 16, 31, 8, 25, 24, 25, 31, 17, 25, 24, 19, 32, 14, 12, 23, 25, 33, 28, 26, 22, 18, 20, 18, 18, 28, 11, 17, 21, 25, 18, 28, 13, 23, 9, 28, 14, 15, 26, 15, 24, 26, 36, 28, 25, 23, 14, 32, 36, 33, 26, 12, 22, 24, 22, 14, 35, 27, 35, 24, 12, 17, 29, 14, 38, 11, 17, 24, 7, 37, 28, 24, 23, 51, 35, 40, 33, 29, 46, 24, 24, 59, 12, 42, 10, 39, 24, 62, 27, 14, 43, 19, 22, 10, 41, 30, 24, 9, 6, 7, 42, 36, 30, 47, 23, 25, 5, 48, 42, 22, 67, 29, 14, 6, 18, 22, 41, 29, 24, 12, 16, 18, 8, 37, 28, 43, 24, 26, 11, 55, 38, 23, 60, 27, 20, 19, 23, 40, 29, 23, 40, 28, 39, 25, 24, 52, 36, 25, 52, 9, 12]
0.992433353377
[889600, 889600, 889600, 889600, 893600, 897600, 901600, 905600, 909600, 913600]
4571.0
9696.0
13556.0
3.0
[46.0, 286.0, 50.0, 2803.0, 3812.0, 270.0, 97.0, 44.0, 3980.0, 144.0, 72.0, 148.0, 3204.0, 114.0, 176.0, 196.0, 117.0, 231.0, 98.0, 2993.0, 141.0, 441.0, 201.0, 153.0, 121.0, 3714.0, 83.0, 66.0, 55.0, 2727.0, 3875.0, 107.0, 221.0, 136.0, 3696.0, 201.0, 104.0, 213.0, 3035.0, 161.0, 176.0, 99.0, 174.0, 191.0, 173.0, 3872.0, 71.0, 284.0, 149.0, 128.0, 158.0, 126.0, 246.0, 196.0, 3506.0, 2864.0, 172.0, 197.0, 539.0, 3560.0, 96.0, 122.0, 145.0, 3374.0, 582.0, 163.0, 194.0, 217.0, 308.0, 67.0, 2845.0, 122.0, 706.0, 54.0, 156.0, 99.0, 3490.0, 104.0, 82.0, 106.0, 3709.0, 2600.0, 2807.0, 637.0, 3369.0, 128.0, 1309.0, 3729.0, 3135.0, 183.0, 86.0, 54.0, 3330.0, 1821.0, 3000.0, 242.0, 128.0, 132.0, 91.0, 204.0, 2261.0, 69.0, 787.0, 101.0, 109.0, 130.0, 220.0, 117.0, 212.0, 1644.0, 2586.0, 2251.0, 1446.0, 2304.0, 2584.0, 39.0, 3677.0, 1751.0, 2425.0, 217.0, 159.0, 134.0, 2753.0, 3274.0, 2608.0, 176.0, 151.0, 3726.0, 219.0, 2672.0, 203.0, 98.0, 2704.0, 177.0, 583.0, 170.0, 67.0, 192.0, 3773.0, 142.0, 115.0, 96.0, 1176.0, 1413.0, 1159.0, 2064.0, 2614.0, 1602.0, 100.0, 977.0, 1042.0, 132.0, 192.0, 399.0, 1338.0, 1597.0, 140.0, 76.0, 1794.0, 84.0, 1255.0, 214.0, 98.0, 1327.0, 98.0, 538.0, 105.0, 100.0, 218.0, 134.0, 81.0, 567.0, 150.0, 810.0, 319.0, 3020.0, 1828.0, 402.0, 130.0, 672.0, 315.0, 98.0, 185.0, 132.0, 230.0, 258.0, 118.0, 521.0, 225.0, 695.0, 223.0, 131.0, 149.0, 382.0, 135.0, 258.0, 149.0, 155.0, 177.0, 244.0, 121.0, 1343.0, 620.0, 1558.0, 139.0, 2741.0, 208.0, 170.0, 1559.0, 126.0, 167.0, 153.0, 666.0, 133.0, 140.0, 167.0, 1650.0, 77.0, 1549.0, 112.0, 178.0, 529.0, 89.0, 128.0, 229.0, 56.0, 117.0, 718.0, 283.0, 100.0, 3052.0, 1355.0, 3263.0, 124.0, 101.0, 147.0, 2095.0, 218.0, 59.0, 135.0, 2002.0, 143.0, 196.0, 73.0, 3947.0, 68.0, 3019.0, 92.0, 155.0, 963.0, 182.0, 307.0, 187.0, 140.0, 167.0, 2543.0, 171.0, 105.0, 3311.0, 2968.0, 280.0, 174.0, 154.0, 2625.0, 211.0, 138.0, 274.0, 2161.0, 173.0, 120.0, 179.0, 174.0, 143.0, 101.0, 2602.0, 207.0, 793.0, 192.0, 108.0, 71.0, 3350.0]
[1, 5, 4, 12, 15, 5, 4, 3, 15, 5, 3, 6, 13, 4, 4, 4, 4, 4, 3, 11, 4, 5, 4, 5, 4, 14, 2, 3, 2, 12, 16, 4, 4, 5, 14, 4, 4, 5, 13, 3, 5, 3, 3, 4, 4, 13, 3, 6, 4, 4, 4, 2, 4, 4, 16, 14, 4, 4, 6, 16, 3, 4, 3, 13, 5, 4, 5, 8, 4, 2, 12, 4, 6, 3, 4, 4, 16, 2, 3, 3, 15, 13, 18, 4, 17, 3, 5, 18, 15, 3, 3, 3, 13, 6, 18, 6, 3, 3, 3, 5, 13, 3, 5, 3, 3, 3, 3, 4, 5, 12, 13, 13, 5, 15, 17, 2, 10, 14, 13, 4, 4, 4, 12, 10, 14, 3, 3, 17, 5, 15, 3, 3, 12, 4, 6, 4, 3, 4, 14, 3, 4, 3, 12, 9, 10, 8, 12, 10, 3, 10, 9, 3, 5, 4, 11, 10, 4, 5, 12, 3, 12, 4, 3, 10, 4, 6, 3, 3, 4, 3, 4, 3, 7, 8, 7, 11, 10, 7, 4, 7, 7, 3, 4, 4, 7, 8, 4, 4, 8, 4, 6, 5, 3, 9, 3, 6, 4, 3, 5, 4, 3, 5, 4, 5, 3, 9, 5, 5, 5, 4, 3, 4, 5, 3, 5, 4, 6, 3, 6, 3, 5, 4, 3, 3, 5, 4, 3, 5, 2, 5, 9, 5, 9, 4, 4, 3, 8, 3, 3, 4, 6, 3, 4, 2, 11, 2, 11, 4, 4, 5, 4, 4, 3, 3, 5, 7, 3, 3, 12, 9, 6, 3, 3, 13, 4, 3, 4, 9, 2, 4, 3, 3, 4, 3, 9, 4, 5, 4, 4, 3, 11]
[129.0, 997.0, 926.0, 3384.0, 3812.0, 1467.0, 1340.0, 654.0, 3980.0, 1302.0, 727.0, 1061.0, 3354.0, 860.0, 1532.0, 792.0, 1295.0, 1366.0, 927.0, 3352.0, 1170.0, 1785.0, 1682.0, 904.0, 804.0, 3771.0, 230.0, 818.0, 881.0, 3748.0, 3875.0, 1358.0, 1687.0, 779.0, 3696.0, 1576.0, 681.0, 1249.0, 3625.0, 948.0, 1292.0, 720.0, 1316.0, 1476.0, 781.0, 3961.0, 1193.0, 1490.0, 1165.0, 562.0, 751.0, 320.0, 895.0, 722.0, 3506.0, 2864.0, 1415.0, 1298.0, 1864.0, 3560.0, 1327.0, 633.0, 1135.0, 3523.0, 1656.0, 1171.0, 906.0, 1414.0, 1147.0, 878.0, 3977.0, 983.0, 1620.0, 927.0, 1014.0, 654.0, 3490.0, 234.0, 995.0, 956.0, 3709.0, 3913.0, 3272.0, 2041.0, 3369.0, 1069.0, 2861.0, 3729.0, 3754.0, 926.0, 578.0, 1084.0, 3579.0, 3326.0, 3799.0, 1420.0, 832.0, 878.0, 1031.0, 928.0, 2261.0, 1003.0, 1569.0, 1015.0, 883.0, 748.0, 756.0, 664.0, 1044.0, 3607.0, 3756.0, 3706.0, 3011.0, 3626.0, 3443.0, 656.0, 3677.0, 3780.0, 3313.0, 1179.0, 939.0, 928.0, 3454.0, 3274.0, 2788.0, 752.0, 818.0, 3726.0, 1057.0, 3871.0, 1174.0, 781.0, 3707.0, 723.0, 1842.0, 889.0, 947.0, 868.0, 3773.0, 654.0, 860.0, 775.0, 2096.0, 2872.0, 2076.0, 3165.0, 3665.0, 3197.0, 677.0, 3098.0, 2384.0, 764.0, 722.0, 1256.0, 2251.0, 3130.0, 924.0, 775.0, 3109.0, 847.0, 2363.0, 1337.0, 682.0, 2714.0, 869.0, 1723.0, 885.0, 852.0, 948.0, 802.0, 865.0, 1517.0, 1022.0, 1692.0, 1500.0, 3020.0, 2107.0, 1428.0, 685.0, 2426.0, 1765.0, 653.0, 1033.0, 874.0, 1264.0, 1820.0, 1115.0, 1483.0, 1293.0, 1649.0, 1258.0, 751.0, 650.0, 1255.0, 720.0, 1221.0, 882.0, 946.0, 872.0, 1110.0, 674.0, 2572.0, 1778.0, 3053.0, 1077.0, 3438.0, 1846.0, 786.0, 3391.0, 1140.0, 706.0, 939.0, 1678.0, 1132.0, 1510.0, 922.0, 3341.0, 1174.0, 3304.0, 1260.0, 880.0, 1597.0, 1144.0, 707.0, 1207.0, 841.0, 850.0, 1914.0, 1094.0, 864.0, 3185.0, 3142.0, 3616.0, 1062.0, 1420.0, 788.0, 2567.0, 1301.0, 729.0, 1052.0, 3041.0, 909.0, 1652.0, 723.0, 3947.0, 1296.0, 3019.0, 1218.0, 1062.0, 2564.0, 1205.0, 1082.0, 871.0, 838.0, 645.0, 2606.0, 870.0, 865.0, 3311.0, 3251.0, 1486.0, 1454.0, 743.0, 3007.0, 1432.0, 677.0, 1150.0, 3928.0, 1182.0, 1053.0, 844.0, 1111.0, 1376.0, 881.0, 3352.0, 1539.0, 1716.0, 811.0, 808.0, 720.0, 3350.0]
[1, 23, 27, 13, 15, 36, 39, 23, 15, 34, 22, 31, 13, 29, 38, 24, 34, 35, 27, 11, 32, 26, 29, 27, 24, 14, 2, 23, 25, 12, 16, 36, 36, 26, 14, 33, 22, 32, 13, 29, 36, 24, 32, 35, 28, 13, 32, 26, 29, 27, 25, 5, 24, 25, 16, 14, 35, 32, 29, 16, 31, 23, 30, 13, 29, 35, 25, 31, 32, 26, 12, 32, 26, 28, 28, 26, 16, 7, 24, 24, 15, 13, 15, 32, 17, 30, 28, 18, 17, 28, 23, 29, 13, 26, 18, 35, 24, 26, 28, 26, 13, 28, 26, 27, 27, 26, 10, 24, 26, 23, 26, 26, 30, 15, 17, 24, 10, 41, 13, 26, 24, 29, 26, 10, 14, 30, 23, 17, 25, 15, 26, 24, 23, 26, 27, 25, 26, 27, 14, 13, 26, 24, 27, 27, 28, 8, 35, 34, 23, 43, 31, 26, 26, 29, 28, 42, 30, 26, 31, 26, 30, 26, 23, 25, 26, 27, 25, 26, 26, 16, 27, 24, 31, 30, 32, 11, 10, 35, 24, 44, 34, 25, 27, 29, 33, 43, 30, 27, 35, 27, 34, 27, 23, 29, 25, 26, 25, 25, 28, 19, 25, 23, 35, 33, 34, 11, 42, 25, 45, 36, 23, 28, 28, 34, 47, 30, 27, 36, 27, 36, 28, 24, 33, 24, 30, 25, 23, 29, 19, 27, 9, 34, 9, 33, 42, 24, 8, 35, 22, 28, 27, 32, 44, 27, 11, 34, 11, 36, 28, 23, 32, 25, 29, 24, 24, 7, 20, 26, 12, 9, 34, 39, 23, 11, 33, 22, 28, 9, 29, 41, 26, 32, 35, 27, 9, 32, 26, 28, 25, 23, 11]
0.984531821939
[889600, 889600, 889600, 889600, 893600, 897600, 901600, 905600, 909600, 913600]
5109.0
11527.0
14300.0
3.0
[88.0, 87.0, 199.0, 62.0, 122.0, 3426.0, 119.0, 149.0, 179.0, 125.0, 1519.0, 119.0, 451.0, 539.0, 88.0, 123.0, 1082.0, 72.0, 132.0, 224.0, 175.0, 166.0, 21.0, 188.0, 56.0, 201.0, 219.0, 3385.0, 112.0, 127.0, 187.0, 198.0, 1648.0, 887.0, 353.0, 659.0, 141.0, 208.0, 2038.0, 71.0, 146.0, 209.0, 76.0, 165.0, 133.0, 201.0, 1436.0, 169.0, 135.0, 2604.0, 228.0, 126.0, 83.0, 139.0, 2342.0, 926.0, 384.0, 397.0, 124.0, 170.0, 3794.0, 312.0, 84.0, 65.0, 112.0, 189.0, 226.0, 175.0, 2250.0, 68.0, 3737.0, 38.0, 3016.0, 94.0, 225.0, 161.0, 144.0, 1793.0, 3340.0, 3739.0, 566.0, 361.0, 102.0, 175.0, 211.0, 122.0, 267.0, 164.0, 160.0, 119.0, 91.0, 3467.0, 1826.0, 150.0, 3165.0, 261.0, 2277.0, 186.0, 57.0, 94.0, 88.0, 1772.0, 2645.0, 386.0, 588.0, 199.0, 163.0, 3028.0, 226.0, 18.0, 105.0, 196.0, 59.0, 174.0, 77.0, 1468.0, 968.0, 116.0, 1759.0, 90.0, 1838.0, 99.0, 130.0, 3777.0, 185.0, 82.0, 1382.0, 1127.0, 442.0, 455.0, 129.0, 206.0, 1551.0, 121.0, 119.0, 248.0, 101.0, 56.0, 118.0, 80.0, 1383.0, 241.0, 914.0, 276.0, 199.0, 515.0, 80.0, 487.0, 2568.0, 437.0, 55.0, 144.0, 369.0, 145.0, 136.0, 184.0, 84.0, 217.0, 3756.0, 481.0, 141.0, 154.0, 143.0, 193.0, 181.0, 113.0, 2578.0, 140.0, 2354.0, 218.0, 574.0, 194.0, 99.0, 1589.0, 3366.0, 191.0, 161.0, 45.0, 109.0, 232.0, 64.0, 115.0, 198.0, 137.0, 188.0, 173.0, 166.0, 124.0, 177.0, 83.0, 91.0, 3805.0, 190.0, 3414.0, 197.0, 919.0, 38.0, 97.0, 2934.0, 117.0, 132.0, 667.0, 109.0, 75.0, 91.0, 224.0, 164.0, 431.0, 65.0, 218.0, 157.0, 126.0, 294.0, 81.0, 124.0, 163.0, 100.0, 3035.0, 196.0, 183.0, 235.0, 147.0, 1660.0, 157.0, 397.0, 822.0, 149.0, 143.0, 1405.0, 191.0, 175.0, 206.0, 105.0, 89.0]
[1, 3, 5, 2, 4, 13, 4, 4, 5, 5, 8, 3, 6, 5, 3, 3, 9, 3, 3, 5, 4, 3, 1, 3, 3, 3, 4, 13, 3, 3, 3, 5, 10, 5, 4, 7, 3, 5, 9, 3, 4, 4, 3, 3, 2, 5, 6, 4, 4, 12, 3, 4, 3, 3, 10, 5, 6, 6, 3, 3, 11, 5, 2, 4, 4, 4, 3, 2, 7, 3, 18, 2, 14, 3, 4, 4, 4, 9, 10, 18, 6, 5, 3, 4, 5, 4, 2, 4, 4, 3, 3, 16, 15, 4, 14, 4, 13, 3, 2, 3, 4, 10, 15, 5, 5, 3, 4, 23, 4, 2, 3, 5, 3, 2, 2, 13, 10, 4, 13, 3, 11, 3, 3, 28, 4, 3, 9, 10, 5, 6, 3, 4, 11, 4, 3, 3, 4, 3, 3, 3, 8, 7, 5, 8, 4, 9, 3, 3, 15, 13, 3, 3, 9, 5, 5, 6, 2, 6, 16, 8, 4, 3, 4, 3, 2, 3, 9, 4, 6, 4, 3, 4, 3, 6, 10, 4, 5, 3, 3, 4, 2, 4, 5, 4, 5, 4, 5, 3, 4, 2, 3, 23, 4, 10, 4, 4, 3, 3, 10, 3, 3, 4, 4, 3, 3, 4, 4, 4, 3, 3, 3, 4, 3, 1, 3, 3, 3, 9, 4, 4, 4, 3, 6, 3, 4, 5, 3, 3, 5, 5, 4, 3, 4, 3]
[193.0, 747.0, 660.0, 1353.0, 1457.0, 3775.0, 1435.0, 670.0, 2150.0, 934.0, 3376.0, 1096.0, 1805.0, 1750.0, 884.0, 854.0, 3085.0, 2339.0, 1205.0, 968.0, 1009.0, 805.0, 157.0, 686.0, 770.0, 1592.0, 1654.0, 3385.0, 1188.0, 774.0, 1733.0, 883.0, 3133.0, 1758.0, 1776.0, 1542.0, 884.0, 1085.0, 3377.0, 1721.0, 815.0, 1041.0, 819.0, 798.0, 290.0, 973.0, 2066.0, 994.0, 1080.0, 2604.0, 1031.0, 786.0, 1758.0, 779.0, 2864.0, 2852.0, 1498.0, 1731.0, 831.0, 710.0, 3861.0, 1091.0, 705.0, 860.0, 759.0, 609.0, 584.0, 683.0, 3753.0, 728.0, 3737.0, 1153.0, 3336.0, 1159.0, 1391.0, 1268.0, 1135.0, 3217.0, 3824.0, 3739.0, 1938.0, 1784.0, 753.0, 984.0, 1282.0, 696.0, 938.0, 792.0, 787.0, 450.0, 632.0, 3467.0, 3281.0, 740.0, 3498.0, 827.0, 3849.0, 808.0, 1022.0, 784.0, 802.0, 3222.0, 2645.0, 1436.0, 1735.0, 770.0, 926.0, 3462.0, 1164.0, 599.0, 887.0, 976.0, 810.0, 531.0, 636.0, 3626.0, 2221.0, 874.0, 2967.0, 882.0, 3460.0, 718.0, 973.0, 3777.0, 758.0, 969.0, 2936.0, 3074.0, 1599.0, 1681.0, 549.0, 1297.0, 3350.0, 881.0, 651.0, 945.0, 1075.0, 549.0, 911.0, 601.0, 3777.0, 1273.0, 2359.0, 1678.0, 822.0, 1264.0, 662.0, 1551.0, 2624.0, 2492.0, 874.0, 1096.0, 1120.0, 1874.0, 618.0, 805.0, 650.0, 1204.0, 3756.0, 2125.0, 960.0, 747.0, 912.0, 758.0, 859.0, 856.0, 2654.0, 1090.0, 3039.0, 1773.0, 1386.0, 1103.0, 715.0, 3036.0, 3366.0, 2900.0, 891.0, 884.0, 920.0, 1888.0, 647.0, 1020.0, 795.0, 951.0, 2348.0, 993.0, 640.0, 664.0, 936.0, 640.0, 659.0, 3805.0, 1140.0, 3980.0, 1301.0, 1965.0, 1131.0, 590.0, 2934.0, 2694.0, 920.0, 1586.0, 1110.0, 1600.0, 842.0, 1138.0, 755.0, 1625.0, 2272.0, 1277.0, 743.0, 847.0, 1155.0, 953.0, 574.0, 1599.0, 1571.0, 3262.0, 1273.0, 775.0, 2904.0, 826.0, 3186.0, 1095.0, 1798.0, 1350.0, 754.0, 1085.0, 3009.0, 2175.0, 178.0, 1032.0, 764.0, 906.0]
[1, 16, 22, 40, 37, 13, 33, 23, 59, 26, 23, 29, 34, 23, 26, 23, 29, 52, 31, 24, 25, 25, 2, 16, 22, 33, 36, 13, 32, 23, 49, 28, 23, 30, 30, 25, 26, 25, 29, 43, 26, 26, 25, 23, 4, 19, 26, 28, 33, 12, 30, 24, 40, 27, 24, 30, 28, 26, 25, 25, 11, 33, 24, 27, 26, 23, 3, 18, 27, 25, 18, 28, 14, 28, 25, 34, 28, 24, 10, 18, 27, 26, 24, 27, 32, 24, 26, 26, 24, 10, 19, 16, 25, 23, 14, 25, 27, 23, 24, 25, 27, 25, 15, 24, 26, 22, 26, 23, 28, 22, 24, 28, 23, 12, 19, 46, 29, 23, 34, 24, 31, 23, 24, 28, 26, 27, 24, 48, 24, 27, 21, 26, 42, 29, 22, 24, 28, 23, 15, 21, 49, 32, 25, 37, 25, 32, 22, 23, 15, 59, 25, 27, 27, 47, 23, 26, 20, 29, 16, 49, 28, 21, 25, 27, 16, 21, 9, 35, 6, 39, 24, 36, 21, 23, 10, 75, 25, 25, 32, 46, 23, 29, 22, 30, 63, 29, 23, 23, 27, 17, 21, 23, 35, 10, 39, 22, 34, 21, 10, 72, 25, 24, 31, 40, 24, 28, 23, 29, 60, 29, 22, 23, 27, 16, 19, 41, 37, 9, 34, 22, 63, 25, 25, 29, 37, 5, 26, 23, 29, 59, 4, 23, 23, 26]
