0.940664543488
[891200, 891200, 891200, 891200, 895200, 899200, 903200, 907200, 911200, 915200]
11024.0
25538.0
22204.0
3.0
[83.0, 101.0, 1701.0, 128.0, 93.0, 2459.0, 106.0, 224.0, 1591.0, 539.0, 73.0, 2140.0, 986.0, 3496.0, 3046.0, 3902.0, 2750.0, 127.0, 2343.0, 2572.0, 3833.0, 3561.0, 1336.0, 2922.0, 3976.0, 2462.0, 1924.0, 175.0, 3343.0, 3935.0, 3317.0, 1816.0, 1553.0, 1955.0, 3518.0, 3011.0, 2210.0, 357.0, 116.0, 3549.0, 2324.0, 3995.0, 2662.0, 2851.0, 2727.0, 1468.0, 2871.0, 3274.0, 212.0, 102.0, 3093.0, 3333.0, 2696.0, 2765.0, 157.0, 1204.0, 117.0, 1732.0]
[1, 3, 9, 2, 2, 10, 2, 5, 8, 3, 3, 9, 4, 19, 15, 22, 26, 4, 11, 6, 15, 16, 11, 12, 26, 13, 11, 3, 12, 20, 8, 11, 8, 30, 17, 12, 26, 8, 3, 13, 16, 28, 24, 9, 8, 5, 12, 10, 4, 2, 9, 10, 10, 8, 3, 5, 3, 6]
[213.0, 2887.0, 3167.0, 205.0, 2016.0, 3068.0, 284.0, 1367.0, 3045.0, 1225.0, 838.0, 3186.0, 2457.0, 3998.0, 3105.0, 3902.0, 3020.0, 652.0, 3226.0, 3175.0, 3833.0, 3620.0, 2581.0, 3248.0, 3976.0, 2778.0, 3081.0, 801.0, 3901.0, 3935.0, 3317.0, 3942.0, 3257.0, 3781.0, 3518.0, 3397.0, 2297.0, 2143.0, 867.0, 3890.0, 2324.0, 3995.0, 2842.0, 3224.0, 3222.0, 1737.0, 2871.0, 3274.0, 2848.0, 644.0, 3093.0, 3333.0, 2696.0, 3953.0, 3427.0, 2329.0, 3414.0, 2966.0]
[1, 70, 23, 3, 58, 10, 5, 29, 22, 8, 26, 22, 10, 19, 15, 22, 25, 23, 11, 6, 15, 16, 36, 12, 26, 13, 34, 23, 12, 20, 8, 22, 42, 70, 17, 21, 15, 47, 23, 13, 16, 28, 14, 19, 8, 5, 12, 10, 74, 22, 9, 10, 10, 34, 80, 25, 79, 23]
0.95326674919
[891200, 891200, 891200, 891200, 895200, 899200, 903200, 907200, 911200, 915200]
10542.0
24304.0
21816.0
3.0
[55.0, 87.0, 1305.0, 147.0, 574.0, 78.0, 111.0, 2968.0, 114.0, 1413.0, 101.0, 186.0, 3678.0, 153.0, 1762.0, 677.0, 114.0, 116.0, 3849.0, 3325.0, 995.0, 80.0, 1509.0, 2043.0, 2357.0, 26.0, 2159.0, 2214.0, 2127.0, 2838.0, 1171.0, 2920.0, 2837.0, 3291.0, 736.0, 69.0, 2369.0, 250.0, 2161.0, 389.0, 218.0, 3618.0, 2152.0, 2923.0, 405.0, 101.0, 946.0, 3476.0, 62.0, 1892.0, 78.0, 546.0, 2683.0, 94.0, 62.0, 2904.0, 672.0, 2773.0, 110.0, 2085.0, 3575.0, 162.0, 137.0, 1472.0, 216.0, 3445.0, 120.0]
[1, 3, 9, 5, 4, 1, 4, 11, 4, 5, 3, 4, 12, 4, 8, 4, 4, 4, 18, 11, 4, 2, 6, 15, 6, 2, 13, 14, 16, 8, 10, 12, 15, 9, 13, 3, 11, 8, 20, 10, 6, 19, 11, 17, 9, 3, 5, 11, 3, 6, 3, 5, 19, 3, 3, 8, 4, 9, 4, 7, 12, 3, 3, 6, 4, 13, 4]
[168.0, 1729.0, 2499.0, 2702.0, 3265.0, 196.0, 1428.0, 3920.0, 2576.0, 3906.0, 235.0, 1490.0, 3678.0, 1678.0, 3894.0, 1349.0, 1221.0, 1307.0, 3849.0, 3405.0, 2547.0, 682.0, 2858.0, 3248.0, 3811.0, 713.0, 2840.0, 2616.0, 3505.0, 3080.0, 3543.0, 3524.0, 3355.0, 3291.0, 2779.0, 687.0, 3547.0, 2338.0, 3954.0, 2598.0, 1490.0, 3686.0, 2451.0, 3327.0, 2265.0, 2234.0, 2078.0, 3476.0, 2117.0, 2708.0, 2920.0, 2934.0, 3372.0, 3024.0, 1847.0, 3369.0, 3613.0, 2773.0, 2617.0, 2711.0, 3575.0, 3971.0, 2031.0, 1950.0, 2215.0, 3445.0, 3195.0]
[1, 44, 9, 63, 63, 2, 36, 11, 61, 51, 5, 35, 12, 38, 31, 9, 32, 33, 18, 11, 11, 23, 31, 15, 13, 22, 13, 14, 16, 8, 42, 12, 15, 9, 53, 22, 31, 50, 51, 51, 39, 29, 11, 25, 49, 59, 24, 11, 59, 16, 67, 42, 9, 81, 55, 8, 57, 9, 65, 7, 12, 92, 50, 6, 59, 13, 84]
0.969740563339
[891200, 891200, 891200, 891200, 895200, 899200, 903200, 907200, 911200, 915200]
9234.0
20698.0
20162.0
3.0
[40.0, 1786.0, 137.0, 154.0, 129.0, 953.0, 691.0, 114.0, 121.0, 61.0, 1658.0, 108.0, 183.0, 163.0, 2536.0, 1812.0, 207.0, 3300.0, 71.0, 123.0, 1543.0, 130.0, 108.0, 68.0, 3455.0, 2223.0, 99.0, 1311.0, 109.0, 1929.0, 61.0, 135.0, 82.0, 3952.0, 3109.0, 3011.0, 139.0, 1594.0, 3936.0, 113.0, 2115.0, 151.0, 164.0, 3996.0, 3940.0, 3705.0, 2974.0, 166.0, 3919.0, 2902.0, 2933.0, 186.0, 3169.0, 147.0, 2481.0, 171.0, 233.0, 1354.0, 3793.0, 3512.0, 2529.0, 1935.0, 1763.0, 375.0, 1040.0, 2177.0, 1655.0, 2220.0, 2593.0, 153.0, 2890.0, 3777.0, 161.0, 1607.0, 1065.0, 121.0, 598.0, 679.0, 2990.0, 3902.0, 2324.0, 3612.0, 853.0, 354.0, 1376.0, 137.0, 296.0, 1429.0, 1678.0, 398.0, 248.0, 367.0, 79.0, 78.0, 115.0, 2588.0, 1590.0, 1271.0, 214.0, 3236.0, 97.0, 135.0, 2578.0, 2304.0, 169.0, 320.0, 74.0, 513.0, 265.0, 165.0, 3340.0, 2055.0, 160.0, 175.0, 171.0, 206.0, 1919.0, 107.0, 1773.0, 116.0, 70.0, 138.0, 69.0, 934.0, 142.0, 3666.0, 72.0]
[1, 7, 4, 4, 4, 7, 6, 3, 4, 1, 8, 3, 4, 4, 6, 7, 4, 15, 3, 2, 8, 5, 3, 3, 9, 9, 3, 5, 2, 9, 3, 4, 3, 18, 11, 17, 3, 6, 18, 3, 8, 3, 5, 17, 36, 16, 19, 3, 16, 19, 13, 4, 9, 2, 8, 5, 3, 11, 15, 13, 14, 14, 11, 3, 11, 11, 11, 15, 15, 3, 16, 16, 3, 9, 14, 4, 5, 8, 15, 18, 13, 18, 12, 8, 6, 7, 7, 10, 9, 9, 4, 11, 2, 3, 4, 8, 7, 5, 4, 10, 3, 3, 8, 9, 3, 3, 3, 3, 3, 3, 11, 8, 3, 4, 5, 4, 6, 4, 5, 3, 3, 3, 2, 4, 4, 11, 3]
[158.0, 3250.0, 2149.0, 1019.0, 1300.0, 3013.0, 2332.0, 1512.0, 1339.0, 176.0, 3083.0, 1526.0, 1142.0, 1351.0, 3681.0, 2847.0, 1613.0, 3300.0, 1389.0, 256.0, 3079.0, 1520.0, 932.0, 871.0, 3618.0, 3242.0, 1362.0, 3388.0, 349.0, 3169.0, 1352.0, 681.0, 920.0, 3952.0, 3109.0, 3011.0, 1052.0, 3459.0, 3936.0, 505.0, 3024.0, 933.0, 979.0, 3996.0, 3940.0, 3705.0, 3161.0, 1044.0, 3919.0, 3638.0, 3163.0, 1076.0, 3598.0, 592.0, 3232.0, 1093.0, 1071.0, 3027.0, 3793.0, 3756.0, 3376.0, 2924.0, 3222.0, 1593.0, 2719.0, 2306.0, 2520.0, 3947.0, 2735.0, 928.0, 3374.0, 3777.0, 1132.0, 2943.0, 2882.0, 910.0, 1608.0, 1881.0, 3687.0, 3902.0, 2324.0, 3677.0, 3411.0, 1424.0, 3207.0, 1104.0, 1894.0, 2981.0, 3426.0, 2075.0, 992.0, 1982.0, 616.0, 3025.0, 982.0, 2843.0, 2319.0, 1748.0, 2259.0, 3236.0, 1508.0, 1656.0, 3359.0, 3126.0, 2464.0, 1449.0, 1925.0, 1582.0, 2997.0, 1268.0, 3340.0, 2055.0, 2252.0, 1685.0, 1750.0, 2288.0, 3457.0, 1603.0, 3099.0, 2447.0, 787.0, 2248.0, 1577.0, 2484.0, 1981.0, 3666.0, 1423.0]
[1, 18, 53, 26, 39, 38, 35, 43, 39, 2, 18, 48, 27, 38, 34, 31, 40, 15, 37, 4, 19, 40, 25, 30, 9, 9, 34, 37, 6, 20, 34, 25, 27, 18, 11, 17, 29, 30, 18, 9, 21, 24, 26, 17, 36, 16, 19, 23, 16, 19, 17, 25, 9, 11, 21, 26, 26, 33, 15, 13, 16, 14, 32, 23, 34, 11, 12, 35, 15, 24, 16, 16, 14, 24, 62, 27, 28, 36, 26, 18, 13, 33, 70, 34, 24, 36, 45, 44, 39, 45, 24, 45, 15, 74, 27, 8, 7, 5, 57, 10, 40, 44, 8, 9, 57, 24, 51, 17, 68, 27, 11, 8, 55, 39, 42, 56, 24, 48, 18, 58, 25, 52, 37, 38, 53, 11, 44]
0.950786360933
[891200, 891200, 891200, 891200, 895200, 899200, 903200, 907200, 911200, 915200]
10810.0
24439.0
22252.0
3.0
[54.0, 3402.0, 70.0, 147.0, 2026.0, 66.0, 177.0, 560.0, 2124.0, 141.0, 822.0, 2498.0, 1779.0, 413.0, 2304.0, 3211.0, 3524.0, 2403.0, 1921.0, 2273.0, 2949.0, 2146.0, 3749.0, 3467.0, 2598.0, 3373.0, 2383.0, 3090.0, 2272.0, 2750.0, 1488.0, 3833.0, 962.0, 2820.0, 2037.0, 1062.0, 1344.0, 2234.0, 2315.0, 1645.0, 2165.0, 3516.0, 763.0, 3650.0, 3390.0, 717.0, 882.0, 479.0, 3467.0, 242.0, 166.0, 820.0, 2912.0, 2068.0, 2965.0, 3800.0, 1514.0, 1286.0, 1367.0, 1035.0, 175.0, 123.0, 709.0, 2641.0, 2811.0, 2730.0, 1714.0, 2619.0, 61.0, 124.0, 1061.0, 3734.0, 96.0, 154.0, 3266.0]
[1, 19, 3, 4, 12, 3, 3, 3, 11, 4, 7, 7, 10, 4, 7, 18, 19, 12, 5, 12, 17, 15, 31, 21, 25, 15, 11, 7, 11, 11, 9, 21, 11, 13, 13, 9, 11, 11, 13, 9, 11, 15, 8, 15, 19, 7, 9, 8, 20, 7, 6, 20, 12, 12, 9, 13, 6, 5, 5, 4, 4, 4, 4, 10, 8, 9, 9, 8, 2, 4, 5, 12, 3, 4, 17]
[123.0, 3402.0, 2608.0, 1395.0, 2532.0, 144.0, 2232.0, 1846.0, 3182.0, 313.0, 2315.0, 3114.0, 2823.0, 1304.0, 2618.0, 3211.0, 3600.0, 3967.0, 3384.0, 3487.0, 3954.0, 2966.0, 3749.0, 3467.0, 3847.0, 3522.0, 3777.0, 3566.0, 3052.0, 2841.0, 3265.0, 3833.0, 3048.0, 3795.0, 3588.0, 3065.0, 2905.0, 3673.0, 3441.0, 2954.0, 2165.0, 3712.0, 2484.0, 3650.0, 3390.0, 2844.0, 1758.0, 1576.0, 3467.0, 2639.0, 2002.0, 3426.0, 3509.0, 2155.0, 3208.0, 3800.0, 2246.0, 1581.0, 3149.0, 2176.0, 2838.0, 1809.0, 3747.0, 2641.0, 3137.0, 2730.0, 3160.0, 3151.0, 3040.0, 1578.0, 1484.0, 3734.0, 2812.0, 1537.0, 3520.0]
[1, 19, 69, 37, 12, 2, 48, 33, 20, 7, 30, 7, 10, 11, 7, 18, 29, 32, 14, 12, 28, 15, 31, 21, 30, 18, 22, 7, 11, 11, 34, 21, 42, 30, 33, 39, 44, 24, 13, 35, 11, 22, 40, 15, 19, 58, 30, 34, 20, 56, 46, 69, 12, 12, 9, 13, 6, 5, 40, 37, 74, 47, 72, 10, 13, 9, 9, 8, 74, 43, 5, 12, 73, 39, 8]
0.965664588779
[891200, 891200, 891200, 891200, 895200, 899200, 903200, 907200, 911200, 915200]
9615.0
21471.0
20692.0
3.0
[23.0, 1735.0, 100.0, 120.0, 105.0, 82.0, 3375.0, 139.0, 2398.0, 3933.0, 51.0, 1989.0, 55.0, 323.0, 42.0, 132.0, 3700.0, 174.0, 3465.0, 3709.0, 114.0, 2319.0, 143.0, 204.0, 96.0, 767.0, 3651.0, 36.0, 2922.0, 3729.0, 194.0, 107.0, 512.0, 92.0, 1708.0, 2536.0, 877.0, 2661.0, 3585.0, 151.0, 83.0, 1678.0, 17.0, 3480.0, 2125.0, 3770.0, 2285.0, 3994.0, 2718.0, 2456.0, 3995.0, 2892.0, 156.0, 2923.0, 2635.0, 135.0, 2562.0, 1726.0, 637.0, 522.0, 1904.0, 1832.0, 1080.0, 1726.0, 3877.0, 3663.0, 1403.0, 108.0, 2022.0, 1302.0, 397.0, 86.0, 3088.0, 3682.0, 3651.0, 247.0, 1601.0, 1021.0, 193.0, 217.0, 2288.0, 107.0, 793.0, 3500.0, 1711.0, 280.0, 124.0, 2276.0, 856.0, 173.0, 76.0, 193.0, 2602.0, 176.0, 537.0, 204.0, 3137.0, 769.0, 1355.0, 2459.0, 598.0, 532.0, 2888.0, 1932.0, 128.0, 41.0, 136.0, 59.0, 1653.0, 142.0, 1124.0, 2622.0, 2639.0, 1553.0, 115.0, 117.0, 91.0, 180.0, 3008.0, 202.0, 2589.0, 3011.0, 3069.0]
[1, 9, 3, 4, 4, 3, 14, 3, 12, 16, 2, 8, 2, 4, 3, 3, 14, 5, 13, 15, 2, 10, 4, 3, 3, 5, 15, 3, 12, 15, 3, 2, 4, 4, 6, 16, 5, 12, 15, 3, 3, 6, 2, 10, 12, 16, 7, 16, 16, 13, 14, 21, 3, 16, 15, 4, 8, 17, 5, 8, 13, 12, 10, 10, 13, 24, 10, 2, 23, 12, 10, 3, 11, 15, 18, 8, 6, 14, 5, 9, 11, 5, 8, 14, 13, 7, 2, 8, 5, 4, 3, 3, 9, 3, 3, 5, 11, 5, 5, 9, 5, 3, 11, 9, 3, 3, 3, 2, 6, 3, 5, 8, 7, 5, 3, 4, 3, 5, 11, 4, 9, 12, 10]
[93.0, 3119.0, 2315.0, 645.0, 2060.0, 2040.0, 3375.0, 1123.0, 3936.0, 3933.0, 114.0, 3243.0, 1892.0, 980.0, 1913.0, 1371.0, 3700.0, 1515.0, 3981.0, 3709.0, 332.0, 3805.0, 1049.0, 825.0, 1334.0, 2623.0, 3651.0, 1209.0, 3061.0, 3729.0, 705.0, 896.0, 1621.0, 788.0, 3398.0, 3013.0, 2512.0, 3727.0, 3585.0, 801.0, 580.0, 3255.0, 648.0, 3480.0, 3959.0, 3770.0, 3848.0, 3994.0, 2850.0, 3779.0, 3995.0, 3087.0, 913.0, 2923.0, 2930.0, 569.0, 3710.0, 3878.0, 1635.0, 2467.0, 3461.0, 3871.0, 2450.0, 2651.0, 3877.0, 3663.0, 3030.0, 706.0, 2080.0, 2882.0, 2036.0, 726.0, 3608.0, 3939.0, 3651.0, 2961.0, 3158.0, 2708.0, 1986.0, 1467.0, 3066.0, 1595.0, 2065.0, 3500.0, 2459.0, 1422.0, 736.0, 2900.0, 1699.0, 2396.0, 648.0, 3719.0, 3449.0, 2887.0, 2136.0, 1457.0, 3137.0, 2401.0, 3050.0, 3313.0, 2481.0, 1521.0, 2888.0, 1932.0, 2499.0, 625.0, 2797.0, 2234.0, 3707.0, 1127.0, 3578.0, 3869.0, 2894.0, 3474.0, 2287.0, 697.0, 2963.0, 2808.0, 3008.0, 1589.0, 3298.0, 3011.0, 3069.0]
[1, 20, 55, 24, 53, 52, 14, 36, 16, 16, 2, 20, 52, 25, 49, 43, 14, 36, 13, 15, 5, 22, 32, 24, 41, 39, 15, 34, 12, 15, 8, 26, 25, 26, 33, 16, 32, 12, 15, 11, 20, 26, 22, 10, 44, 16, 27, 16, 16, 24, 14, 21, 14, 16, 18, 21, 25, 51, 24, 43, 29, 42, 33, 26, 13, 24, 33, 16, 15, 63, 48, 21, 11, 20, 18, 73, 25, 65, 43, 32, 11, 40, 29, 14, 33, 34, 17, 14, 5, 63, 21, 84, 9, 67, 40, 38, 11, 46, 32, 14, 55, 18, 11, 9, 62, 22, 79, 61, 37, 37, 44, 30, 7, 19, 57, 22, 69, 57, 11, 36, 9, 12, 10]
