0.97493245785
[890400, 890400, 890400, 890400, 894400, 898400, 902400, 906400, 910400, 914400]
8636.0
19135.0
19302.0
3.0
[35.0, 1810.0, 82.0, 153.0, 44.0, 60.0, 1611.0, 2891.0, 165.0, 105.0, 124.0, 47.0, 207.0, 50.0, 2043.0, 64.0, 196.0, 720.0, 105.0, 1605.0, 130.0, 127.0, 153.0, 669.0, 129.0, 1215.0, 2290.0, 88.0, 187.0, 1252.0, 108.0, 2364.0, 107.0, 115.0, 89.0, 3647.0, 2137.0, 628.0, 3980.0, 3002.0, 2042.0, 109.0, 643.0, 2081.0, 2701.0, 52.0, 41.0, 152.0, 3988.0, 418.0, 2697.0, 2436.0, 2062.0, 2810.0, 1299.0, 194.0, 2984.0, 1649.0, 1811.0, 2408.0, 1330.0, 729.0, 3005.0, 205.0, 79.0, 2449.0, 2287.0, 473.0, 1521.0, 3025.0, 1463.0, 1029.0, 1100.0, 1085.0, 3991.0, 815.0, 3335.0, 811.0, 1493.0, 1123.0, 3589.0, 2050.0, 159.0, 178.0, 3100.0, 1580.0, 1905.0, 1156.0, 2577.0, 809.0, 330.0, 204.0, 1588.0, 3608.0, 194.0, 3865.0, 1171.0, 144.0, 3361.0, 307.0, 1211.0, 340.0, 67.0, 1907.0, 2804.0, 3840.0, 417.0, 3880.0, 195.0, 338.0, 1327.0, 499.0, 77.0, 2672.0, 237.0, 207.0, 110.0, 187.0, 845.0, 76.0, 98.0, 2437.0, 94.0, 136.0, 154.0, 3416.0, 814.0, 111.0, 3486.0, 174.0, 171.0, 166.0, 1237.0, 2856.0, 105.0, 132.0, 102.0, 173.0, 55.0, 1626.0, 183.0, 151.0, 161.0, 172.0, 1062.0, 3824.0, 174.0, 117.0, 145.0, 69.0, 205.0]
[1, 10, 2, 4, 3, 3, 10, 15, 4, 4, 4, 3, 5, 1, 10, 3, 4, 6, 3, 11, 4, 4, 5, 4, 3, 6, 12, 3, 5, 5, 3, 11, 4, 3, 3, 18, 6, 5, 8, 12, 11, 4, 4, 7, 17, 2, 3, 3, 18, 5, 14, 9, 7, 11, 10, 4, 18, 17, 7, 11, 11, 4, 22, 4, 4, 15, 17, 4, 12, 16, 7, 13, 8, 5, 13, 8, 10, 9, 5, 11, 15, 10, 4, 4, 13, 10, 8, 8, 16, 7, 8, 6, 6, 14, 5, 13, 13, 6, 9, 8, 14, 7, 3, 6, 13, 17, 10, 13, 6, 9, 5, 4, 3, 9, 4, 5, 4, 4, 5, 3, 3, 8, 3, 4, 3, 11, 4, 3, 13, 4, 4, 5, 5, 8, 2, 2, 3, 2, 3, 7, 5, 4, 4, 4, 6, 12, 5, 3, 4, 3, 4]
[169.0, 2404.0, 1237.0, 1539.0, 1708.0, 1297.0, 3781.0, 2891.0, 1638.0, 625.0, 1657.0, 961.0, 1775.0, 144.0, 3513.0, 881.0, 1445.0, 2232.0, 1138.0, 3723.0, 1399.0, 615.0, 1460.0, 1978.0, 1463.0, 1808.0, 3358.0, 813.0, 1353.0, 3487.0, 1135.0, 3089.0, 1206.0, 877.0, 1346.0, 3647.0, 3377.0, 2111.0, 3980.0, 3405.0, 2995.0, 674.0, 1731.0, 3881.0, 3235.0, 989.0, 1014.0, 511.0, 3988.0, 1705.0, 3702.0, 3818.0, 2816.0, 2966.0, 2755.0, 1112.0, 2984.0, 2674.0, 3999.0, 2408.0, 3511.0, 1517.0, 3936.0, 1000.0, 780.0, 3829.0, 3179.0, 2419.0, 3216.0, 3318.0, 3369.0, 3149.0, 2379.0, 2474.0, 3991.0, 1873.0, 3802.0, 3109.0, 2578.0, 3259.0, 3589.0, 2736.0, 938.0, 885.0, 3899.0, 3165.0, 2822.0, 2731.0, 2995.0, 2172.0, 1612.0, 1008.0, 2887.0, 3608.0, 1572.0, 3865.0, 2348.0, 1477.0, 3565.0, 1746.0, 2964.0, 1005.0, 702.0, 3424.0, 3917.0, 3840.0, 1921.0, 3880.0, 1569.0, 2155.0, 3425.0, 2375.0, 954.0, 3153.0, 1921.0, 2218.0, 1387.0, 1692.0, 1846.0, 846.0, 784.0, 3602.0, 2018.0, 1129.0, 2101.0, 3416.0, 2911.0, 1022.0, 3486.0, 1922.0, 1842.0, 1360.0, 2887.0, 2856.0, 1039.0, 724.0, 2440.0, 1042.0, 2074.0, 3742.0, 1171.0, 1622.0, 2207.0, 1469.0, 3684.0, 3824.0, 1448.0, 766.0, 1867.0, 1218.0, 2066.0]
[1, 10, 26, 42, 47, 35, 39, 15, 39, 23, 44, 29, 44, 1, 34, 26, 36, 44, 31, 37, 40, 23, 39, 27, 42, 4, 32, 25, 31, 43, 28, 11, 30, 22, 33, 18, 26, 36, 8, 12, 27, 25, 30, 36, 17, 26, 28, 22, 18, 30, 14, 9, 7, 11, 23, 24, 18, 30, 30, 11, 44, 24, 25, 26, 23, 15, 17, 26, 31, 19, 32, 33, 26, 26, 13, 35, 10, 45, 22, 35, 15, 28, 28, 25, 15, 39, 8, 34, 16, 34, 38, 28, 24, 14, 42, 13, 49, 42, 9, 38, 54, 29, 26, 28, 13, 17, 50, 13, 35, 56, 35, 41, 30, 9, 51, 59, 42, 42, 5, 32, 25, 8, 58, 38, 58, 11, 39, 29, 13, 50, 55, 42, 43, 8, 30, 23, 55, 34, 52, 36, 28, 49, 53, 39, 40, 12, 40, 22, 51, 32, 47]
0.969764258047
[890400, 890400, 890400, 890400, 894400, 898400, 902400, 906400, 910400, 914400]
8727.0
19524.0
19413.0
3.0
[21.0, 1302.0, 93.0, 439.0, 1093.0, 165.0, 974.0, 1752.0, 124.0, 76.0, 127.0, 90.0, 1351.0, 130.0, 558.0, 723.0, 138.0, 1243.0, 1655.0, 67.0, 745.0, 86.0, 92.0, 2694.0, 133.0, 580.0, 619.0, 96.0, 3886.0, 1038.0, 2048.0, 123.0, 2513.0, 207.0, 158.0, 3699.0, 2674.0, 99.0, 708.0, 1799.0, 198.0, 2971.0, 1044.0, 1588.0, 54.0, 3068.0, 243.0, 437.0, 2609.0, 3155.0, 3292.0, 3356.0, 183.0, 471.0, 2191.0, 3730.0, 579.0, 2499.0, 946.0, 1577.0, 126.0, 1611.0, 100.0, 1393.0, 862.0, 2385.0, 1397.0, 1544.0, 141.0, 464.0, 1658.0, 1004.0, 496.0, 2595.0, 894.0, 1159.0, 134.0, 1479.0, 3354.0, 99.0, 2485.0, 3713.0, 238.0, 3233.0, 1105.0, 783.0, 3826.0, 225.0, 221.0, 233.0, 254.0, 2321.0, 756.0, 406.0, 174.0, 318.0, 144.0, 1965.0, 867.0, 512.0, 149.0, 2307.0, 1379.0, 3041.0, 65.0, 78.0, 314.0, 2062.0, 187.0, 3777.0, 2042.0, 101.0, 100.0, 89.0, 174.0, 2676.0, 120.0, 1581.0, 576.0, 3992.0, 2679.0, 49.0, 123.0, 127.0, 205.0, 3167.0, 201.0, 450.0, 170.0, 128.0, 3710.0, 111.0, 2490.0, 1291.0, 3165.0, 85.0, 791.0, 814.0, 82.0, 1007.0, 1695.0, 127.0, 155.0, 139.0]
[1, 9, 3, 6, 7, 4, 8, 9, 3, 4, 4, 1, 8, 4, 6, 7, 3, 7, 12, 3, 4, 3, 4, 10, 2, 5, 7, 3, 18, 7, 10, 4, 7, 5, 3, 13, 11, 3, 6, 7, 4, 16, 7, 8, 2, 16, 4, 3, 16, 18, 17, 23, 5, 6, 8, 29, 5, 13, 6, 9, 5, 13, 3, 4, 10, 13, 11, 12, 3, 6, 10, 5, 10, 15, 7, 9, 3, 10, 19, 3, 6, 13, 7, 17, 9, 9, 32, 7, 3, 7, 7, 8, 7, 10, 6, 8, 3, 9, 11, 5, 5, 8, 5, 11, 3, 3, 4, 11, 4, 11, 7, 4, 4, 3, 3, 9, 3, 6, 5, 12, 9, 2, 3, 2, 4, 11, 4, 3, 3, 4, 20, 3, 9, 5, 13, 3, 4, 5, 3, 6, 6, 4, 6, 3]
[114.0, 3384.0, 1743.0, 1462.0, 2464.0, 2237.0, 2944.0, 3264.0, 1087.0, 851.0, 1794.0, 177.0, 3112.0, 1599.0, 1609.0, 2068.0, 1592.0, 3000.0, 3393.0, 1053.0, 1686.0, 1574.0, 217.0, 2905.0, 859.0, 1545.0, 2266.0, 1032.0, 3946.0, 2889.0, 3342.0, 956.0, 3898.0, 1646.0, 433.0, 3699.0, 3696.0, 878.0, 1595.0, 2808.0, 1277.0, 2971.0, 2781.0, 3354.0, 920.0, 3068.0, 1338.0, 1057.0, 2904.0, 3656.0, 3347.0, 3356.0, 1034.0, 1749.0, 3980.0, 3904.0, 1665.0, 3301.0, 2378.0, 3186.0, 796.0, 2626.0, 990.0, 2338.0, 2576.0, 2627.0, 2914.0, 3171.0, 719.0, 1674.0, 3355.0, 2681.0, 2098.0, 3190.0, 2572.0, 2535.0, 1030.0, 3941.0, 3354.0, 903.0, 3612.0, 3790.0, 1777.0, 3233.0, 3729.0, 2104.0, 3885.0, 1508.0, 1135.0, 989.0, 2034.0, 3837.0, 1964.0, 2637.0, 909.0, 1355.0, 739.0, 2034.0, 2293.0, 1614.0, 1624.0, 2397.0, 3526.0, 3475.0, 1743.0, 767.0, 1112.0, 2062.0, 2304.0, 3777.0, 2493.0, 1717.0, 1088.0, 1051.0, 808.0, 3011.0, 2065.0, 3282.0, 2732.0, 3992.0, 2748.0, 1529.0, 719.0, 813.0, 2789.0, 3167.0, 2305.0, 1605.0, 865.0, 759.0, 3710.0, 1947.0, 3466.0, 3634.0, 3165.0, 1766.0, 1587.0, 2249.0, 2464.0, 3429.0, 3249.0, 740.0, 834.0, 2178.0]
[1, 41, 46, 25, 29, 58, 45, 26, 27, 28, 48, 1, 35, 39, 24, 29, 45, 43, 29, 27, 27, 44, 2, 10, 27, 24, 29, 29, 18, 41, 29, 28, 29, 38, 7, 13, 11, 23, 25, 28, 28, 16, 36, 28, 25, 16, 32, 3, 16, 18, 17, 23, 22, 26, 26, 29, 26, 30, 30, 25, 24, 21, 25, 12, 35, 13, 34, 32, 23, 27, 36, 25, 32, 15, 30, 25, 24, 51, 19, 25, 14, 16, 41, 17, 49, 38, 18, 35, 23, 28, 44, 25, 38, 52, 27, 27, 23, 9, 58, 27, 46, 8, 48, 22, 46, 23, 30, 11, 62, 11, 7, 55, 29, 31, 23, 9, 61, 27, 45, 12, 9, 47, 22, 28, 62, 11, 52, 28, 27, 24, 20, 54, 9, 44, 13, 45, 24, 29, 60, 51, 27, 26, 26, 54]
0.959798092002
[890400, 890400, 890400, 890400, 894400, 898400, 902400, 906400, 910400, 914400]
9616.0
21612.0
20790.0
3.0
[46.0, 2999.0, 93.0, 2091.0, 2662.0, 417.0, 2761.0, 473.0, 143.0, 167.0, 63.0, 2490.0, 665.0, 1870.0, 3477.0, 905.0, 514.0, 240.0, 194.0, 88.0, 1893.0, 1239.0, 2068.0, 3518.0, 2585.0, 3837.0, 570.0, 45.0, 153.0, 80.0, 3511.0, 3050.0, 3663.0, 3051.0, 3409.0, 3790.0, 935.0, 132.0, 177.0, 3246.0, 110.0, 3381.0, 2396.0, 2346.0, 3162.0, 2532.0, 2002.0, 3079.0, 105.0, 1285.0, 2255.0, 125.0, 2187.0, 2192.0, 3176.0, 3047.0, 1148.0, 3589.0, 3558.0, 1431.0, 1477.0, 2348.0, 2407.0, 2131.0, 1614.0, 133.0, 2427.0, 1364.0, 132.0, 2976.0, 448.0, 240.0, 387.0, 3255.0, 357.0, 2382.0, 1593.0, 1232.0, 288.0, 698.0, 272.0, 1903.0, 258.0, 134.0, 3365.0, 797.0, 148.0, 96.0, 211.0, 541.0, 179.0, 2187.0, 530.0, 403.0, 1263.0, 116.0, 3928.0, 64.0, 149.0, 1465.0, 1192.0, 197.0, 488.0, 1158.0, 101.0, 2567.0, 1483.0, 3183.0, 180.0, 185.0, 139.0, 2812.0, 2747.0, 90.0, 1532.0, 3320.0, 381.0, 3281.0, 1976.0, 469.0, 167.0, 69.0, 3729.0]
[1, 12, 4, 9, 13, 6, 12, 7, 5, 4, 1, 11, 5, 9, 14, 8, 5, 3, 3, 2, 9, 5, 10, 14, 8, 19, 5, 2, 4, 3, 11, 10, 19, 11, 12, 12, 7, 3, 4, 17, 2, 15, 14, 18, 15, 14, 7, 17, 3, 7, 14, 2, 15, 12, 13, 13, 10, 28, 21, 12, 10, 11, 10, 13, 11, 3, 7, 10, 3, 15, 9, 7, 9, 13, 6, 28, 12, 33, 8, 8, 9, 11, 7, 3, 10, 8, 3, 3, 5, 5, 4, 8, 4, 4, 6, 4, 15, 3, 3, 6, 4, 4, 4, 5, 3, 7, 5, 9, 4, 5, 3, 9, 7, 3, 6, 10, 5, 11, 9, 4, 4, 3, 13]
[188.0, 3521.0, 1931.0, 3818.0, 2662.0, 2372.0, 2761.0, 1909.0, 1912.0, 736.0, 177.0, 3624.0, 2754.0, 3590.0, 3477.0, 3098.0, 2307.0, 1813.0, 859.0, 227.0, 3544.0, 3333.0, 3035.0, 3518.0, 2797.0, 3837.0, 1984.0, 1243.0, 833.0, 214.0, 3511.0, 3911.0, 3663.0, 3051.0, 3409.0, 3907.0, 2401.0, 1011.0, 1092.0, 3246.0, 467.0, 3381.0, 2396.0, 3170.0, 3868.0, 3197.0, 3142.0, 3441.0, 685.0, 2364.0, 3803.0, 466.0, 2673.0, 3845.0, 3233.0, 3960.0, 2550.0, 3589.0, 3558.0, 2753.0, 2933.0, 3539.0, 3983.0, 2556.0, 3064.0, 802.0, 2571.0, 2690.0, 848.0, 2976.0, 2694.0, 1879.0, 1796.0, 3736.0, 1616.0, 2455.0, 2401.0, 2708.0, 1282.0, 1982.0, 1385.0, 2048.0, 1570.0, 512.0, 3427.0, 2400.0, 848.0, 2240.0, 1775.0, 2887.0, 1439.0, 3313.0, 801.0, 2051.0, 3303.0, 1205.0, 3928.0, 1551.0, 579.0, 3841.0, 2710.0, 2388.0, 2294.0, 3663.0, 1554.0, 3769.0, 3839.0, 3739.0, 1296.0, 1835.0, 723.0, 3268.0, 3699.0, 2059.0, 3986.0, 3377.0, 2262.0, 3281.0, 3036.0, 2099.0, 1751.0, 587.0, 3729.0]
[1, 12, 47, 38, 13, 45, 12, 36, 45, 22, 2, 11, 44, 35, 14, 41, 36, 40, 22, 2, 9, 35, 10, 14, 8, 19, 33, 31, 23, 7, 11, 10, 19, 11, 12, 12, 32, 28, 24, 17, 9, 15, 14, 28, 24, 14, 27, 17, 25, 28, 33, 11, 15, 46, 13, 28, 33, 28, 21, 28, 26, 31, 26, 13, 34, 23, 7, 38, 14, 15, 60, 45, 45, 13, 37, 16, 23, 64, 33, 29, 32, 11, 36, 22, 13, 42, 16, 61, 47, 51, 45, 26, 4, 37, 33, 35, 15, 43, 20, 44, 19, 56, 42, 46, 43, 32, 56, 9, 34, 46, 20, 9, 7, 48, 40, 10, 45, 11, 9, 34, 46, 21, 13]
0.960689950922
[890400, 890400, 890400, 890400, 894400, 898400, 902400, 906400, 910400, 914400]
10597.0
24210.0
22103.0
3.0
[45.0, 2502.0, 136.0, 1222.0, 89.0, 53.0, 2501.0, 660.0, 1431.0, 129.0, 640.0, 1243.0, 1019.0, 127.0, 1626.0, 1861.0, 136.0, 2902.0, 2967.0, 3254.0, 3870.0, 1502.0, 1839.0, 2834.0, 3704.0, 116.0, 2608.0, 2999.0, 1578.0, 2184.0, 523.0, 1225.0, 2714.0, 2388.0, 245.0, 3804.0, 2280.0, 540.0, 1786.0, 709.0, 2180.0, 1999.0, 655.0, 161.0, 732.0, 3642.0, 1931.0, 1933.0, 312.0, 663.0, 3420.0, 592.0, 2181.0, 1794.0, 2983.0, 3509.0, 1336.0, 66.0, 86.0, 2697.0, 157.0, 2210.0, 1326.0, 3769.0, 3358.0, 108.0, 664.0, 3049.0, 122.0, 2947.0, 1949.0, 195.0, 1339.0, 159.0]
[1, 13, 4, 8, 3, 1, 14, 4, 9, 3, 5, 7, 9, 4, 5, 10, 3, 14, 16, 23, 21, 14, 15, 10, 15, 3, 9, 13, 12, 13, 9, 12, 16, 13, 4, 13, 11, 12, 14, 8, 13, 10, 7, 7, 14, 15, 12, 14, 9, 4, 16, 5, 9, 7, 11, 11, 5, 3, 3, 8, 4, 7, 5, 14, 10, 4, 5, 12, 4, 10, 8, 4, 5, 3]
[92.0, 3497.0, 1980.0, 3415.0, 2332.0, 160.0, 2501.0, 2586.0, 3508.0, 1016.0, 1259.0, 2671.0, 3316.0, 1119.0, 2848.0, 3679.0, 1062.0, 3015.0, 2967.0, 3800.0, 3990.0, 2859.0, 3905.0, 3645.0, 3987.0, 679.0, 2891.0, 2999.0, 2619.0, 3214.0, 1870.0, 2534.0, 3908.0, 2652.0, 1019.0, 3804.0, 3492.0, 2099.0, 2497.0, 2202.0, 3720.0, 2480.0, 2223.0, 1514.0, 3205.0, 3642.0, 2373.0, 2625.0, 2043.0, 1922.0, 3420.0, 3233.0, 2847.0, 2766.0, 3200.0, 3509.0, 1625.0, 1561.0, 2513.0, 3231.0, 2454.0, 3846.0, 1509.0, 3769.0, 3358.0, 2023.0, 3086.0, 3049.0, 2441.0, 2947.0, 2864.0, 2274.0, 3934.0, 2324.0]
[1, 18, 54, 45, 53, 2, 14, 47, 44, 32, 7, 7, 44, 32, 5, 37, 29, 14, 16, 23, 32, 28, 15, 10, 15, 23, 9, 13, 35, 13, 32, 34, 16, 13, 23, 13, 11, 50, 22, 41, 54, 10, 40, 39, 69, 15, 12, 24, 44, 24, 16, 60, 12, 7, 11, 11, 5, 46, 72, 23, 66, 26, 5, 14, 10, 56, 63, 12, 68, 10, 13, 54, 53, 62]
0.976089941641
[890400, 890400, 890400, 890400, 894400, 898400, 902400, 906400, 910400, 914400]
8036.0
18114.0
18147.0
3.0
[47.0, 2806.0, 407.0, 61.0, 1668.0, 73.0, 112.0, 136.0, 1131.0, 103.0, 271.0, 527.0, 46.0, 98.0, 96.0, 2847.0, 293.0, 190.0, 1842.0, 75.0, 118.0, 66.0, 1655.0, 84.0, 162.0, 564.0, 158.0, 508.0, 203.0, 3353.0, 454.0, 201.0, 1734.0, 196.0, 96.0, 58.0, 1323.0, 229.0, 129.0, 374.0, 659.0, 1137.0, 404.0, 3835.0, 822.0, 126.0, 1835.0, 199.0, 174.0, 552.0, 1334.0, 126.0, 127.0, 354.0, 882.0, 2175.0, 2540.0, 1800.0, 3561.0, 2224.0, 636.0, 132.0, 1732.0, 126.0, 172.0, 1539.0, 1040.0, 136.0, 164.0, 442.0, 2773.0, 2339.0, 3360.0, 2582.0, 1657.0, 2652.0, 2831.0, 3267.0, 3661.0, 1495.0, 776.0, 225.0, 1331.0, 170.0, 159.0, 2497.0, 3462.0, 1126.0, 180.0, 160.0, 648.0, 1810.0, 1737.0, 1370.0, 267.0, 2248.0, 2884.0, 195.0, 184.0, 89.0, 267.0, 99.0, 140.0, 3670.0, 477.0, 307.0, 99.0, 182.0, 219.0, 1623.0, 186.0, 1778.0, 2694.0, 326.0, 2903.0, 85.0, 104.0, 116.0, 128.0, 117.0, 146.0, 87.0, 181.0, 156.0, 124.0, 35.0, 2220.0, 241.0, 2361.0, 1138.0, 1467.0, 222.0, 127.0, 676.0, 143.0, 108.0, 184.0, 572.0, 182.0, 117.0, 212.0, 92.0, 3149.0, 189.0, 2718.0, 2553.0, 562.0, 87.0, 1674.0, 123.0, 191.0, 105.0, 1273.0, 136.0, 147.0, 600.0, 86.0, 85.0]
[1, 12, 5, 3, 9, 3, 3, 4, 8, 3, 5, 7, 3, 4, 2, 16, 5, 4, 11, 3, 4, 2, 10, 4, 4, 6, 4, 4, 5, 13, 5, 5, 10, 3, 3, 4, 8, 3, 5, 5, 4, 6, 8, 26, 6, 4, 10, 4, 3, 3, 8, 3, 3, 5, 5, 8, 17, 5, 19, 14, 5, 3, 10, 4, 3, 5, 9, 4, 4, 7, 9, 14, 16, 11, 13, 8, 12, 17, 13, 10, 6, 5, 8, 5, 5, 9, 16, 10, 3, 4, 5, 10, 10, 10, 7, 12, 13, 7, 5, 4, 7, 3, 3, 12, 13, 7, 3, 6, 6, 10, 7, 8, 25, 4, 9, 3, 3, 3, 4, 3, 4, 3, 5, 3, 3, 2, 8, 4, 8, 5, 6, 5, 3, 5, 4, 2, 3, 5, 3, 3, 4, 4, 11, 5, 9, 9, 5, 3, 6, 4, 5, 4, 5, 4, 5, 5, 3, 3]
[132.0, 2952.0, 1883.0, 733.0, 3072.0, 820.0, 854.0, 925.0, 3191.0, 1036.0, 1109.0, 1979.0, 834.0, 1255.0, 129.0, 3494.0, 1920.0, 1080.0, 3199.0, 941.0, 928.0, 992.0, 3303.0, 886.0, 848.0, 1835.0, 645.0, 2199.0, 394.0, 3646.0, 2016.0, 882.0, 3370.0, 1113.0, 630.0, 714.0, 3211.0, 1354.0, 1023.0, 1705.0, 1639.0, 3685.0, 1163.0, 3835.0, 1876.0, 757.0, 3549.0, 941.0, 905.0, 1416.0, 3038.0, 877.0, 968.0, 1807.0, 2403.0, 2364.0, 2540.0, 2793.0, 3561.0, 3671.0, 1330.0, 846.0, 3246.0, 771.0, 810.0, 2211.0, 2684.0, 801.0, 883.0, 1874.0, 3376.0, 2477.0, 3692.0, 2582.0, 3873.0, 2652.0, 3391.0, 3713.0, 3734.0, 3351.0, 1722.0, 1161.0, 2836.0, 808.0, 860.0, 3802.0, 3824.0, 2253.0, 939.0, 1119.0, 1855.0, 2555.0, 3006.0, 3449.0, 2257.0, 2569.0, 2884.0, 1617.0, 1136.0, 1048.0, 1127.0, 834.0, 813.0, 3670.0, 2399.0, 1175.0, 681.0, 1329.0, 1346.0, 3162.0, 1319.0, 3302.0, 3411.0, 2999.0, 3839.0, 1529.0, 861.0, 839.0, 860.0, 840.0, 893.0, 1960.0, 1117.0, 797.0, 1081.0, 912.0, 2463.0, 1315.0, 2637.0, 2517.0, 2261.0, 2134.0, 747.0, 1889.0, 956.0, 889.0, 863.0, 2993.0, 1206.0, 681.0, 1430.0, 817.0, 3149.0, 1472.0, 2718.0, 3176.0, 2513.0, 798.0, 3328.0, 1012.0, 1080.0, 933.0, 3897.0, 776.0, 744.0, 1736.0, 866.0, 1539.0]
[1, 12, 40, 23, 27, 28, 25, 26, 42, 31, 26, 31, 25, 37, 3, 12, 34, 24, 29, 27, 25, 25, 38, 31, 26, 31, 24, 36, 2, 13, 29, 25, 28, 28, 23, 24, 36, 29, 28, 30, 25, 32, 3, 26, 29, 26, 28, 28, 23, 24, 32, 27, 28, 27, 24, 8, 17, 11, 19, 33, 26, 25, 29, 25, 23, 20, 26, 24, 29, 29, 9, 14, 16, 11, 44, 8, 12, 17, 13, 39, 25, 27, 26, 26, 26, 10, 16, 26, 24, 30, 28, 10, 31, 44, 48, 14, 13, 41, 23, 28, 27, 25, 24, 12, 50, 29, 23, 31, 27, 41, 32, 43, 58, 52, 18, 47, 25, 28, 32, 25, 25, 55, 34, 23, 29, 26, 8, 36, 8, 12, 6, 48, 25, 29, 30, 24, 24, 56, 31, 22, 29, 26, 11, 36, 9, 13, 47, 24, 28, 29, 26, 25, 48, 31, 24, 29, 25, 38]
