1.0
82.96669
295.8116
[1262370, 1269503, 1273317, 1270688, 1274061, 1276809, 1256686, 1256097, 1265052, 1265110]
0.999888796219
85.1283
288.1124
[1266481, 1270367, 1267879, 1264098, 1263659, 1277329, 1251391, 1249126, 1267493, 1260982]
1.0
76.09603
313.0972
[1237460, 1237507, 1237364, 1248059, 1237630, 1249928, 1226684, 1222660, 1237890, 1227904]
0.999945253476
87.82758
315.6621
[1264098, 1261472, 1261636, 1270181, 1270408, 1269981, 1257815, 1255712, 1253232, 1255242]
1.0
82.55007
299.0172
[1246371, 1253501, 1251938, 1256442, 1268947, 1266012, 1249030, 1245131, 1249382, 1253184]
1.0
84.94924
323.6798
[1212148, 1211703, 1212335, 1221417, 1213826, 1213829, 1199242, 1200166, 1194591, 1205084]
1.0
77.8977
289.9146
[1281499, 1282774, 1298005, 1280259, 1292123, 1287578, 1275296, 1275024, 1264752, 1281424]
1.0
89.78195
339.2462
[1258160, 1256457, 1268698, 1264310, 1263820, 1275471, 1245985, 1257014, 1249301, 1252996]
1.0
89.96364
313.889
[1344349, 1338751, 1342816, 1339428, 1344750, 1344235, 1319928, 1326751, 1334843, 1330416]
1.0
87.37604
332.8447
[1245554, 1249379, 1245647, 1244393, 1261676, 1262550, 1236844, 1237362, 1250879, 1238224]
1.0
84.78179
285.8714
[1268484, 1276299, 1284515, 1280789, 1271838, 1288470, 1266314, 1267761, 1265945, 1275952]
1.0
86.59883
335.2665
[1260621, 1256877, 1258594, 1266161, 1260886, 1268447, 1248770, 1244711, 1252854, 1249065]
1.0
92.60851
288.9661
[1394616, 1396585, 1397148, 1397581, 1399662, 1402431, 1384939, 1392046, 1392974, 1393394]
1.0
90.38707
312.7451
[1288826, 1297709, 1303438, 1307854, 1299263, 1312154, 1283836, 1285454, 1295430, 1290879]
1.0
95.90239
294.7565
[1335735, 1339322, 1338741, 1337089, 1343661, 1340366, 1323645, 1329884, 1324944, 1327819]
1.0
91.03128
284.0094
[1341019, 1352632, 1341621, 1342531, 1360543, 1350893, 1341474, 1340647, 1336696, 1333148]
1.0
90.74662
294.8158
[1298358, 1298867, 1302354, 1310282, 1311241, 1317397, 1297934, 1296649, 1297752, 1298318]
1.0
78.8301
289.7832
[1212014, 1219972, 1220061, 1224665, 1219866, 1230390, 1204415, 1205840, 1206401, 1209470]
1.0
86.21197
297.3155
[1333355, 1328915, 1327852, 1327887, 1334129, 1327766, 1313616, 1322168, 1317816, 1317404]
1.0
88.58756
294.8853
[1250885, 1249077, 1257908, 1260230, 1267768, 1261260, 1238403, 1245654, 1242919, 1249678]
0.999958834184
85.00613
293.5978
[1208143, 1209552, 1213312, 1220642, 1216298, 1216576, 1200165, 1199926, 1194756, 1208860]
1.0
94.89826
336.8743
[1253169, 1244580, 1243525, 1259544, 1257874, 1253627, 1246713, 1231498, 1240353, 1251018]
1.0
81.21046
300.886
[1245277, 1245384, 1249531, 1250094, 1254737, 1258156, 1235781, 1236595, 1237226, 1240529]
1.0
97.649
315.2497
[1262608, 1251588, 1261545, 1268545, 1259722, 1267432, 1247298, 1238980, 1251644, 1256406]
1.0
103.62768
316.9268
[1345286, 1360160, 1348618, 1357046, 1357936, 1366970, 1332467, 1348130, 1342009, 1348830]
1.0
94.50717
291.0297
[1437375, 1441913, 1436322, 1448123, 1445875, 1452948, 1424235, 1430290, 1431992, 1441777]
1.0
77.63705
298.2442
[1226206, 1218642, 1218262, 1220062, 1225605, 1226233, 1197127, 1212907, 1213135, 1211089]
1.0
91.85186
324.0438
[1251437, 1250430, 1256979, 1252493, 1259948, 1258953, 1238746, 1242094, 1249975, 1245953]
1.0
79.13605
299.6056
[1209244, 1203346, 1217613, 1213553, 1207180, 1208671, 1194645, 1190591, 1193107, 1201883]
1.0
79.77972
307.8101
[1210815, 1222791, 1218622, 1221021, 1219937, 1220238, 1199118, 1205611, 1203836, 1213535]
1.0
93.10102
312.7339
[1264391, 1262726, 1273573, 1273073, 1268599, 1274889, 1262996, 1249766, 1256284, 1257052]
1.0
85.61225
311.3697
[1253823, 1253809, 1260578, 1265166, 1258320, 1266185, 1244685, 1252433, 1246799, 1252979]
0.999544911542
85.36183
292.735
[1305795, 1300329, 1320679, 1308931, 1309793, 1319892, 1294150, 1298329, 1294227, 1308929]
0.999660152931
87.78722
324.4723
[1282506, 1289301, 1304150, 1293453, 1290124, 1297594, 1276133, 1281688, 1276982, 1283846]
1.0
94.24686
329.0445
[1255466, 1246774, 1263063, 1265339, 1262612, 1269978, 1243959, 1256181, 1251944, 1248207]
1.0
95.75198
328.3876
[1229526, 1220948, 1220064, 1235401, 1235532, 1232754, 1206995, 1218800, 1211551, 1222103]
1.0
95.47321
326.1096
[1373966, 1385578, 1383130, 1384267, 1379428, 1390002, 1368698, 1363804, 1373685, 1386100]
1.0
88.72315
315.0882
[1253950, 1260882, 1260745, 1261010, 1263027, 1267795, 1247592, 1249524, 1251627, 1256131]
1.0
88.70849
322.7355
[1232516, 1235818, 1239247, 1241943, 1245919, 1248781, 1229821, 1230247, 1229539, 1227497]
1.0
80.91505
302.7388
[1227992, 1217520, 1233409, 1224938, 1232861, 1229756, 1216971, 1208653, 1222630, 1211707]
1.0
86.97417
324.5273
[1216912, 1218783, 1213803, 1215139, 1228414, 1235567, 1205696, 1208655, 1206277, 1213663]
1.0
89.58399
306.2016
[1273524, 1267895, 1284503, 1273481, 1274926, 1276983, 1258903, 1255050, 1264306, 1265943]
1.0
68.32125
291.7629
[1237360, 1232145, 1237178, 1228771, 1241454, 1248746, 1226259, 1214724, 1226073, 1226731]
1.0
83.01057
317.3553
[1261916, 1262334, 1263718, 1268190, 1272181, 1268803, 1253605, 1254026, 1258093, 1258237]
1.0
79.93819
289.4568
[1266855, 1264683, 1264974, 1263985, 1269075, 1273465, 1260045, 1261858, 1254880, 1270515]
1.0
96.74401
287.4844
[1349280, 1356826, 1359415, 1357556, 1366277, 1367246, 1343254, 1344101, 1339594, 1342023]
1.0
86.09784
279.3222
[1378537, 1381735, 1385852, 1387333, 1392004, 1395230, 1369625, 1372149, 1374193, 1378313]
1.0
84.33926
291.8348
[1279713, 1283050, 1282682, 1284641, 1283620, 1290220, 1269687, 1268956, 1276901, 1271111]
1.0
75.44154
303.1471
[1281783, 1291453, 1285684, 1300414, 1290661, 1308893, 1275140, 1274018, 1281839, 1285245]
0.999892945081
91.08519
322.8492
[1270938, 1271413, 1276868, 1279144, 1279604, 1279675, 1261641, 1264785, 1266334, 1266762]
1.0
80.90465
308.4218
[1268907, 1280842, 1271451, 1281243, 1275802, 1291801, 1269717, 1261508, 1262766, 1274762]
1.0
82.86297
325.9457
[1236763, 1246429, 1234712, 1249025, 1250689, 1253798, 1230188, 1230166, 1230562, 1230512]
1.0
96.11269
334.3036
[1225954, 1229541, 1225147, 1232870, 1235834, 1235249, 1221958, 1217740, 1213610, 1224961]
0.999772592896
87.81827
346.0204
[1256368, 1250522, 1259189, 1256818, 1269499, 1261316, 1244945, 1245329, 1249466, 1252999]
0.999738545003
92.18372
302.7673
[1385117, 1394114, 1395717, 1395789, 1398347, 1401529, 1375126, 1385341, 1388428, 1384745]
1.0
76.6468
312.5443
[1228939, 1229520, 1232575, 1236698, 1241773, 1237646, 1220672, 1221811, 1231344, 1228505]
1.0
88.53136
292.92
[1278166, 1276603, 1277170, 1280021, 1277228, 1285704, 1256662, 1269648, 1266167, 1271166]
1.0
93.20036
339.0774
[1265511, 1272338, 1274566, 1276835, 1280350, 1273357, 1260630, 1257547, 1261255, 1273386]
1.0
84.03311
281.7543
[1293830, 1289414, 1302344, 1302556, 1293559, 1308491, 1284714, 1282048, 1280229, 1290113]
1.0
84.81432
298.5023
[1230666, 1240873, 1245160, 1230818, 1242670, 1245819, 1228148, 1237694, 1229336, 1229559]
1.0
82.97172
320.2741
[1264879, 1265326, 1275873, 1271665, 1269485, 1271820, 1257325, 1262562, 1245645, 1264778]
1.0
86.71254
298.8839
[1373346, 1391265, 1375870, 1376037, 1393244, 1389707, 1367283, 1368513, 1368808, 1383248]
1.0
87.54079
305.914
[1340188, 1346030, 1357803, 1345190, 1344787, 1355616, 1330349, 1347326, 1338780, 1343619]
1.0
90.7095
320.7346
[1221266, 1221956, 1229078, 1231602, 1227960, 1236413, 1218393, 1210492, 1222764, 1222514]
0.999417532278
76.87502
301.8091
[1249183, 1242528, 1248630, 1253360, 1253873, 1244324, 1235577, 1235136, 1237278, 1237422]
0.999912199833
85.90316
314.0349
[1245231, 1250576, 1251998, 1249328, 1256176, 1259727, 1240754, 1240979, 1242007, 1237713]
1.0
83.22075
315.4057
[1250144, 1259098, 1256495, 1254710, 1261652, 1260501, 1242377, 1245109, 1243863, 1249999]
1.0
84.12398
334.7058
[1230200, 1228731, 1229400, 1235941, 1232615, 1240613, 1204947, 1221009, 1229968, 1229192]
1.0
82.0221
332.1839
[1249777, 1259789, 1249720, 1258590, 1268578, 1263664, 1234075, 1252561, 1245854, 1253777]
1.0
80.16415
301.8462
[1258419, 1260232, 1260981, 1257277, 1267713, 1268732, 1252349, 1244579, 1257604, 1261820]
