1.0
59.2822
263.3758
[1235835, 1234580, 1240321, 1239497, 1245076, 1250027, 1226350, 1226641, 1230572, 1229182]
1.0
65.03456
262.3839
[1273634, 1274271, 1269726, 1277879, 1281190, 1281797, 1261449, 1254229, 1274406, 1276105]
1.0
66.71859
275.4589
[1291042, 1288281, 1298402, 1297114, 1302468, 1299945, 1283507, 1280053, 1282053, 1289677]
1.0
67.49473
279.3638
[1195301, 1197589, 1198578, 1208080, 1209640, 1217083, 1192813, 1193930, 1194078, 1194856]
1.0
65.97611
271.2353
[1256025, 1253367, 1269628, 1266307, 1265342, 1277666, 1242035, 1245166, 1254343, 1252233]
1.0
58.54738
271.1373
[1233307, 1234140, 1249337, 1238264, 1240620, 1261219, 1223539, 1226439, 1238684, 1238998]
1.0
64.87327
279.5873
[1341674, 1344946, 1346507, 1349058, 1354246, 1345984, 1333749, 1331486, 1333491, 1342406]
1.0
69.71076
246.6789
[1330836, 1335421, 1332800, 1330114, 1347889, 1338217, 1315169, 1336088, 1320478, 1331129]
1.0
61.00816
258.7543
[1247565, 1248265, 1245247, 1257516, 1265484, 1257011, 1231095, 1239510, 1242811, 1243451]
1.0
66.12306
266.5409
[1273672, 1274545, 1269351, 1286489, 1284700, 1284574, 1271129, 1262236, 1274300, 1260984]
1.0
66.11604
263.4936
[1226301, 1227246, 1230058, 1242193, 1231465, 1237733, 1213767, 1220014, 1227330, 1229997]
1.0
63.05367
267.6258
[1278432, 1286367, 1281504, 1288312, 1306992, 1297267, 1276253, 1277932, 1279208, 1283128]
1.0
64.20796
267.3456
[1277126, 1278848, 1279348, 1284368, 1287941, 1292816, 1270236, 1270620, 1270686, 1273749]
1.0
58.97224
261.7499
[1258506, 1258813, 1266249, 1265972, 1268547, 1268821, 1246741, 1247054, 1258665, 1255105]
1.0
59.6595
249.6505
[1197381, 1210151, 1197697, 1208342, 1208723, 1208894, 1195080, 1199229, 1194422, 1195297]
1.0
61.21618
249.0618
[1328923, 1338670, 1331973, 1339938, 1348758, 1340595, 1331134, 1326554, 1323831, 1326823]
1.0
64.0439
264.6282
[1238241, 1241643, 1246809, 1237302, 1250052, 1256432, 1231729, 1231252, 1233380, 1235205]
1.0
60.47957
250.171
[1269265, 1269353, 1269651, 1271459, 1282326, 1281125, 1262649, 1262922, 1258849, 1265601]
0.999898872428
63.68661
268.5201
[1262094, 1277324, 1268879, 1276609, 1270522, 1278941, 1262544, 1257070, 1259561, 1267408]
1.0
59.78112
264.3053
[1228874, 1235556, 1237457, 1238334, 1237355, 1237982, 1224828, 1223729, 1217889, 1230604]
1.0
64.90503
280.534
[1258526, 1257497, 1270709, 1271945, 1262553, 1270225, 1255257, 1242643, 1258678, 1265451]
1.0
55.62134
261.1862
[1208533, 1217847, 1217423, 1222510, 1217787, 1222522, 1200102, 1202560, 1210068, 1210393]
1.0
64.13477
283.6376
[1266628, 1273156, 1273450, 1265246, 1281611, 1276256, 1262026, 1262142, 1254856, 1255727]
1.0
57.55097
259.6273
[1270116, 1273302, 1263307, 1274487, 1267045, 1266395, 1250588, 1259050, 1250813, 1257416]
1.0
60.43665
262.9108
[1274958, 1290255, 1281001, 1287335, 1285252, 1288853, 1271081, 1274206, 1274643, 1274859]
1.0
60.64888
251.7832
[1294529, 1309816, 1300513, 1304867, 1305446, 1312457, 1290960, 1290868, 1295169, 1294356]
1.0
67.38162
264.3191
[1298202, 1298546, 1296171, 1304734, 1305162, 1312039, 1290889, 1290893, 1293900, 1301196]
1.0
63.15856
278.5195
[1247442, 1254750, 1246910, 1252673, 1260734, 1260434, 1242189, 1241973, 1238347, 1237946]
1.0
59.65693
274.1704
[1261601, 1260771, 1261304, 1261297, 1262957, 1261894, 1247709, 1248006, 1246198, 1246483]
0.999832980737
62.64669
250.5499
[1273250, 1275458, 1277340, 1286821, 1287479, 1288226, 1260664, 1270436, 1277999, 1282012]
1.0
58.81746
253.592
[1302102, 1317603, 1315540, 1326321, 1309790, 1325009, 1302025, 1313686, 1298656, 1310047]
1.0
64.00894
302.7816
[1225134, 1221676, 1248649, 1240791, 1232893, 1237492, 1211638, 1227262, 1229960, 1222988]
1.0
63.20881
272.928
[1257537, 1270384, 1277723, 1273447, 1268778, 1274494, 1261879, 1259065, 1257312, 1265619]
1.0
65.13403
261.0577
[1235540, 1234799, 1230915, 1241902, 1238510, 1248598, 1218616, 1229842, 1230113, 1230064]
1.0
56.63618
237.9775
[1249600, 1266383, 1253929, 1250897, 1273903, 1261398, 1246371, 1242427, 1246594, 1263049]
1.0
57.87444
264.2994
[1238488, 1234088, 1253417, 1248382, 1258462, 1252711, 1238275, 1230727, 1232440, 1246677]
1.0
66.75921
290.137
[1281033, 1274014, 1274006, 1277570, 1270802, 1278346, 1256690, 1257527, 1269939, 1270321]
1.0
63.61204
271.012
[1245487, 1253325, 1250819, 1250867, 1257932, 1259339, 1242006, 1241001, 1237401, 1249988]
1.0
65.75772
263.1177
[1320262, 1318697, 1325243, 1333054, 1332779, 1324805, 1313945, 1310438, 1310639, 1313828]
1.0
68.39946
264.4285
[1310743, 1317224, 1326398, 1326878, 1324276, 1321303, 1306085, 1302196, 1309910, 1314838]
1.0
64.01745
263.1375
[1306551, 1294801, 1305450, 1304546, 1312235, 1317335, 1291675, 1294493, 1298113, 1306123]
1.0
59.42439
259.1136
[1278800, 1286650, 1280959, 1286806, 1285166, 1290198, 1266437, 1274598, 1278175, 1275548]
1.0
59.97958
234.3428
[1358209, 1374008, 1364969, 1373297, 1372873, 1379620, 1354136, 1354229, 1359020, 1366211]
1.0
68.42488
269.2113
[1311066, 1302567, 1318012, 1314115, 1322263, 1318101, 1310488, 1297893, 1307107, 1299143]
1.0
59.37864
244.1831
[1234390, 1241007, 1234268, 1240507, 1246711, 1238994, 1233777, 1222169, 1221958, 1227338]
1.0
71.5621
267.2931
[1280893, 1289544, 1296798, 1292395, 1294268, 1312595, 1280555, 1285383, 1290293, 1289844]
1.0
65.35035
276.0901
[1266934, 1264792, 1281964, 1269120, 1286293, 1280983, 1266611, 1250766, 1265997, 1270826]
1.0
61.08407
275.6922
[1231028, 1240801, 1237175, 1240138, 1240589, 1238614, 1220051, 1225897, 1229762, 1231836]
1.0
61.31572
258.3087
[1302090, 1309548, 1309051, 1310145, 1319696, 1314150, 1299738, 1300068, 1298023, 1306043]
0.999856774563
58.8945
219.8669
[1360603, 1360740, 1366802, 1367620, 1365217, 1376711, 1351814, 1353133, 1354929, 1354832]
1.0
69.24761
287.7979
[1255023, 1255856, 1269616, 1272229, 1272840, 1273966, 1245208, 1245541, 1246225, 1247730]
1.0
68.79286
285.0196
[1229044, 1238431, 1236786, 1246290, 1242543, 1241342, 1221478, 1226792, 1222538, 1238008]
1.0
58.31705
238.2823
[1289543, 1290661, 1288660, 1292893, 1297900, 1288181, 1274413, 1274680, 1275296, 1286535]
1.0
59.31111
262.7117
[1239349, 1229242, 1233199, 1233484, 1238080, 1253176, 1214291, 1238298, 1234377, 1227284]
1.0
55.39577
256.5881
[1213230, 1219709, 1229253, 1228967, 1234575, 1224536, 1214947, 1214653, 1215213, 1219768]
1.0
62.94391
265.7177
[1238399, 1237899, 1238122, 1240146, 1237229, 1242323, 1217651, 1230911, 1222781, 1218323]
1.0
61.57199
257.5017
[1246556, 1255088, 1261534, 1256128, 1256923, 1258000, 1242669, 1239608, 1242685, 1246014]
0.999900719782
63.44946
277.7257
[1253797, 1264793, 1265311, 1261818, 1273701, 1265343, 1246555, 1249567, 1254548, 1261581]
1.0
69.73807
286.2153
[1265510, 1280961, 1281492, 1278117, 1276040, 1283564, 1262208, 1263332, 1270627, 1266039]
1.0
71.29298
276.7948
[1322801, 1321190, 1333015, 1332203, 1325241, 1341100, 1318531, 1310773, 1319280, 1327121]
1.0
59.84264
247.9304
[1288869, 1285516, 1293247, 1300973, 1299036, 1301134, 1282870, 1279150, 1290395, 1286289]
1.0
56.05054
262.5587
[1219393, 1237177, 1247491, 1234077, 1252141, 1237154, 1218587, 1219050, 1223408, 1234614]
1.0
60.26924
284.3845
[1263444, 1249704, 1259269, 1272650, 1274043, 1274265, 1243357, 1254512, 1246387, 1250774]
1.0
62.84534
271.6598
[1214068, 1217111, 1224513, 1220452, 1225326, 1224532, 1202701, 1210631, 1210245, 1214255]
1.0
66.27974
286.0796
[1302096, 1292817, 1309251, 1301269, 1308758, 1308515, 1289928, 1282000, 1283044, 1293449]
1.0
60.7124
263.9707
[1247784, 1239047, 1248210, 1243687, 1244604, 1254238, 1231129, 1226442, 1237893, 1238730]
1.0
65.71159
298.1622
[1223205, 1217192, 1228725, 1232608, 1225449, 1237444, 1210156, 1210515, 1218070, 1225655]
1.0
67.08584
271.5029
[1283635, 1284261, 1282877, 1285244, 1297473, 1293866, 1271056, 1273493, 1279299, 1273166]
1.0
59.81758
249.4907
[1272893, 1269302, 1269621, 1273276, 1281453, 1277875, 1258788, 1257425, 1255092, 1262982]
1.0
61.66241
243.5778
[1233517, 1234104, 1228958, 1228135, 1241443, 1250104, 1215213, 1223172, 1218131, 1237352]
