1.0
43.97344
228.6633
[1270100, 1275122, 1271009, 1262935, 1266049, 1270662, 1252060, 1243002, 1254762, 1262927]
1.0
45.4924
227.4506
[1227316, 1221109, 1229957, 1251148, 1242218, 1233641, 1223871, 1214720, 1227031, 1232128]
1.0
41.61592
209.503
[1213799, 1223860, 1221998, 1231379, 1225960, 1222859, 1203234, 1206785, 1211387, 1222740]
1.0
41.24279
221.7268
[1256195, 1259366, 1259482, 1267471, 1273715, 1266004, 1251074, 1250832, 1250940, 1255797]
1.0
46.78606
248.215
[1225688, 1226005, 1226749, 1221314, 1231815, 1233778, 1210746, 1214605, 1215912, 1211117]
1.0
45.14195
225.5596
[1282841, 1282945, 1281489, 1288077, 1301890, 1293932, 1275780, 1274913, 1275069, 1279964]
1.0
45.48383
219.5205
[1249055, 1250147, 1251255, 1258066, 1249861, 1258469, 1235637, 1235402, 1242930, 1255003]
1.0
44.27661
226.2331
[1258958, 1261862, 1267092, 1267233, 1267727, 1269405, 1252219, 1250948, 1258567, 1258859]
1.0
48.02751
235.4145
[1240422, 1229781, 1228934, 1230965, 1234826, 1233702, 1214875, 1230922, 1229883, 1230694]
1.0
44.12595
230.1129
[1258183, 1274101, 1278876, 1271113, 1277565, 1271037, 1254785, 1255865, 1266662, 1267021]
1.0
45.91681
242.8907
[1224550, 1242985, 1236014, 1229847, 1237354, 1237755, 1219936, 1210648, 1223040, 1231730]
1.0
42.1181
229.7661
[1241899, 1242093, 1242381, 1252192, 1246361, 1246164, 1235793, 1227004, 1234728, 1231133]
1.0
45.70027
224.0044
[1247213, 1238686, 1239860, 1237684, 1245602, 1258572, 1227165, 1246893, 1230457, 1235053]
1.0
42.98549
220.8476
[1239437, 1243528, 1243175, 1249088, 1253908, 1263438, 1240590, 1235268, 1234948, 1235813]
1.0
46.11357
235.6843
[1230431, 1226043, 1240242, 1234666, 1245587, 1234715, 1219012, 1223780, 1231002, 1234418]
1.0
41.27018
210.3917
[1398280, 1411028, 1402079, 1413905, 1414683, 1423180, 1395139, 1397054, 1398920, 1407949]
1.0
42.88853
206.889
[1227917, 1235222, 1229949, 1230281, 1238180, 1242367, 1226719, 1219494, 1216622, 1227642]
1.0
47.70726
237.6854
[1251038, 1246195, 1242689, 1262818, 1250792, 1258294, 1234642, 1234790, 1244064, 1254603]
1.0
48.84084
236.9028
[1287659, 1290080, 1293615, 1289794, 1297791, 1293897, 1271398, 1278738, 1275043, 1279740]
1.0
43.17909
211.5285
[1242252, 1250074, 1261604, 1253506, 1253144, 1270240, 1235323, 1243283, 1251166, 1251687]
1.0
43.57453
221.046
[1269955, 1270193, 1281674, 1265871, 1278141, 1278027, 1255853, 1259805, 1254843, 1274843]
1.0
43.16975
214.2818
[1315487, 1318257, 1311177, 1321776, 1326840, 1329469, 1311341, 1307106, 1311061, 1310648]
1.0
43.2055
224.1802
[1255334, 1262997, 1271019, 1270907, 1271096, 1263956, 1248220, 1254582, 1260612, 1258865]
1.0
48.54868
239.5286
[1211224, 1210667, 1214680, 1225422, 1231434, 1217848, 1210954, 1202994, 1203403, 1217970]
1.0
41.95255
217.9318
[1215433, 1223247, 1222009, 1229675, 1234839, 1229673, 1211081, 1207161, 1218943, 1218887]
1.0
45.50701
224.5251
[1286294, 1286839, 1277701, 1277658, 1277882, 1293088, 1271212, 1266860, 1267224, 1266777]
1.0
38.1268
190.8725
[1335353, 1342932, 1343167, 1354399, 1346190, 1342750, 1327964, 1325164, 1332058, 1330815]
1.0
43.92093
214.814
[1246403, 1252180, 1255212, 1258163, 1262009, 1262190, 1238455, 1239739, 1242415, 1243530]
1.0
42.77838
220.7799
[1235314, 1241988, 1245919, 1241907, 1254704, 1256286, 1231222, 1236518, 1232172, 1230571]
1.0
47.70149
237.5794
[1227428, 1225871, 1237670, 1237447, 1233514, 1237971, 1214821, 1219366, 1226488, 1226713]
1.0
49.19763
252.9732
[1235985, 1226257, 1237774, 1245723, 1241862, 1245860, 1234748, 1231616, 1227440, 1235860]
1.0
41.20623
226.9174
[1366322, 1363422, 1366112, 1375003, 1374089, 1374717, 1346959, 1359088, 1363400, 1359990]
1.0
42.44482
214.1828
[1332276, 1333102, 1334878, 1334943, 1337611, 1338130, 1315212, 1322716, 1323031, 1324720]
1.0
44.01218
216.3229
[1347406, 1347258, 1344202, 1345496, 1350046, 1353662, 1324667, 1343795, 1346882, 1347121]
1.0
44.51094
232.8817
[1266229, 1273692, 1281816, 1277675, 1291163, 1278626, 1259722, 1263320, 1263839, 1274778]
1.0
39.21401
194.0713
[1355439, 1354903, 1367285, 1365947, 1367235, 1367278, 1342880, 1363102, 1351167, 1363304]
1.0
45.67119
234.4551
[1339318, 1346998, 1342026, 1355063, 1349997, 1357676, 1335090, 1334182, 1338678, 1331366]
1.0
46.30066
231.6482
[1250945, 1251162, 1251309, 1262810, 1256248, 1259961, 1247939, 1247947, 1242911, 1246608]
1.0
46.56285
240.5423
[1273442, 1283423, 1283606, 1285792, 1291320, 1298051, 1274619, 1258476, 1280264, 1279871]
1.0
45.58565
231.3407
[1260059, 1262070, 1262121, 1269945, 1270026, 1277554, 1258473, 1254703, 1255839, 1270658]
1.0
47.01917
228.33
[1269902, 1270663, 1279783, 1278991, 1270355, 1286403, 1260520, 1264216, 1267018, 1266793]
1.0
46.62108
227.6647
[1303037, 1312198, 1306945, 1319177, 1318338, 1317814, 1295308, 1306232, 1298541, 1310513]
1.0
48.45164
224.6004
[1294892, 1294774, 1290204, 1301713, 1309707, 1305587, 1286419, 1282837, 1295930, 1294381]
1.0
46.31175
238.1626
[1227121, 1234937, 1229882, 1241916, 1238297, 1241719, 1218969, 1230620, 1226412, 1235897]
1.0
43.59784
219.4245
[1295361, 1299224, 1303747, 1305774, 1305945, 1306821, 1282997, 1284192, 1288018, 1290570]
1.0
43.19511
226.2865
[1279577, 1281549, 1274049, 1275113, 1293386, 1281903, 1267019, 1261191, 1262969, 1273076]
1.0
43.81522
232.76
[1283244, 1285795, 1274845, 1298900, 1294693, 1290099, 1268285, 1282782, 1270799, 1279252]
1.0
44.66588
227.1084
[1266979, 1274077, 1290303, 1289641, 1271054, 1271247, 1271322, 1258986, 1266573, 1259203]
1.0
42.03019
211.9552
[1316119, 1317543, 1311318, 1313697, 1318083, 1313945, 1295271, 1298782, 1307225, 1302929]
1.0
42.31545
229.1829
[1266121, 1263135, 1278804, 1273960, 1273978, 1274703, 1263904, 1263162, 1251852, 1263931]
1.0
41.43018
219.2328
[1260153, 1267297, 1263174, 1272102, 1269876, 1273881, 1251363, 1255236, 1258935, 1255023]
1.0
43.27919
207.2173
[1334071, 1330348, 1335469, 1335428, 1347025, 1342669, 1315466, 1323756, 1334714, 1334898]
1.0
43.94293
229.174
[1357594, 1359958, 1355432, 1369979, 1370140, 1373977, 1347881, 1358824, 1351021, 1358887]
1.0
41.3936
214.2646
[1290409, 1293555, 1292302, 1298784, 1298291, 1303345, 1284114, 1282911, 1283152, 1294850]
1.0
42.54792
217.6484
[1219227, 1226342, 1226994, 1229813, 1233467, 1235142, 1219070, 1218135, 1211949, 1219010]
1.0
45.64181
238.8282
[1239201, 1242919, 1239046, 1250019, 1244977, 1258095, 1235426, 1224117, 1224161, 1235112]
1.0
46.4348
222.768
[1266821, 1258737, 1273992, 1273594, 1273947, 1286172, 1252070, 1258989, 1270773, 1266696]
1.0
44.30431
219.8616
[1226400, 1213833, 1218123, 1222041, 1238757, 1241805, 1215134, 1210725, 1215406, 1215624]
1.0
44.92661
227.0709
[1228415, 1233961, 1230088, 1242092, 1234176, 1242791, 1219853, 1219472, 1219991, 1227896]
1.0
45.62427
241.0658
[1250287, 1254139, 1250827, 1251011, 1258009, 1266652, 1242994, 1234918, 1238862, 1247598]
1.0
45.76856
214.5989
[1334698, 1334121, 1339118, 1333486, 1333882, 1345617, 1318794, 1317747, 1322935, 1335865]
1.0
49.25558
246.0756
[1235199, 1235176, 1246951, 1247330, 1247342, 1253724, 1230742, 1231060, 1234664, 1238754]
1.0
44.8041
225.5904
[1391124, 1389915, 1401919, 1403001, 1397903, 1403434, 1371811, 1379789, 1385112, 1387090]
1.0
42.39407
206.843
[1418780, 1431672, 1423150, 1433807, 1437464, 1429741, 1411412, 1427264, 1415830, 1430405]
1.0
47.38942
235.1407
[1270697, 1283111, 1277350, 1294641, 1285796, 1297513, 1274666, 1282742, 1279068, 1271103]
1.0
46.10437
227.9105
[1285026, 1275026, 1290685, 1290432, 1297553, 1293854, 1279053, 1279255, 1270870, 1283575]
1.0
39.55462
203.4131
[1315732, 1339306, 1347300, 1326437, 1343391, 1338233, 1311731, 1326949, 1330871, 1338732]
1.0
45.62664
216.4527
[1327177, 1322988, 1321919, 1335409, 1329848, 1341789, 1319316, 1313435, 1319463, 1311187]
1.0
44.03355
210.7542
[1347195, 1355413, 1363013, 1363025, 1354132, 1367140, 1344365, 1344556, 1346798, 1346891]
1.0
43.19114
222.5631
[1335372, 1350159, 1346919, 1342221, 1358069, 1353450, 1327213, 1334617, 1334847, 1335130]
