1.0
51.33703
249.6088
[1234776, 1226224, 1234856, 1230714, 1241491, 1234427, 1223424, 1215013, 1218151, 1230758]
1.0
49.02789
230.5385
[1327187, 1325610, 1325846, 1325835, 1336978, 1333945, 1310724, 1322692, 1323867, 1330181]
1.0
51.05558
247.232
[1346338, 1341920, 1353705, 1345838, 1357516, 1354482, 1334981, 1339037, 1339983, 1334900]
1.0
45.82173
238.0144
[1232084, 1223292, 1237927, 1229817, 1233941, 1245554, 1226953, 1216186, 1223403, 1222387]
1.0
52.03668
243.4253
[1305926, 1299036, 1310187, 1305713, 1313121, 1314579, 1291142, 1294419, 1301563, 1294926]
1.0
49.2046
236.9475
[1234343, 1237776, 1237890, 1243681, 1245495, 1246082, 1226384, 1223812, 1227783, 1230851]
1.0
47.55778
212.3327
[1278086, 1273339, 1273237, 1279864, 1277938, 1281406, 1254992, 1263039, 1263662, 1263694]
1.0
46.50526
211.2671
[1372323, 1378047, 1381604, 1377667, 1378316, 1385803, 1366625, 1362660, 1370831, 1374222]
1.0
47.80759
235.3177
[1278942, 1280009, 1281997, 1277452, 1273831, 1293759, 1266731, 1270686, 1259182, 1266792]
1.0
44.66999
224.101
[1232133, 1229710, 1230989, 1239328, 1241377, 1237879, 1222682, 1226988, 1218817, 1230825]
1.0
49.71445
227.5751
[1391113, 1385642, 1386087, 1397160, 1401856, 1405073, 1383389, 1378146, 1386505, 1383360]
1.0
48.14081
243.3276
[1279318, 1278062, 1286712, 1301628, 1302029, 1283824, 1266502, 1273992, 1280206, 1279659]
1.0
44.08617
223.2556
[1263075, 1273922, 1274881, 1273603, 1277363, 1277518, 1259181, 1258999, 1259164, 1263044]
1.0
49.2583
232.5324
[1267410, 1277682, 1282985, 1274185, 1286198, 1285921, 1261918, 1270171, 1267939, 1275201]
1.0
47.19776
232.0452
[1345894, 1342576, 1349818, 1358129, 1353934, 1357168, 1339090, 1330843, 1342718, 1344066]
1.0
50.90502
244.1705
[1277838, 1289000, 1289714, 1289904, 1290705, 1298129, 1275253, 1274248, 1275802, 1283746]
1.0
48.09549
238.351
[1218967, 1214614, 1223242, 1225458, 1231077, 1229654, 1212140, 1218690, 1215017, 1222311]
1.0
51.23228
246.9535
[1255044, 1262380, 1257173, 1257448, 1257569, 1268624, 1246467, 1239162, 1252442, 1247559]
1.0
47.00516
234.6646
[1231945, 1230527, 1229691, 1236347, 1241285, 1240088, 1226947, 1222277, 1235025, 1226457]
1.0
45.85762
248.1641
[1262326, 1263048, 1258025, 1265970, 1271404, 1275077, 1246677, 1246819, 1255834, 1258485]
1.0
46.52172
227.318
[1327952, 1319039, 1329726, 1337500, 1343006, 1336107, 1314888, 1323042, 1322653, 1314749]
1.0
51.58982
241.0622
[1238773, 1237852, 1221980, 1244946, 1237168, 1246965, 1218475, 1218165, 1230631, 1230828]
1.0
47.89937
238.7481
[1226298, 1227284, 1225859, 1226992, 1237743, 1245704, 1218578, 1216014, 1226801, 1214519]
1.0
45.00873
225.0134
[1259787, 1254072, 1269885, 1255134, 1258161, 1265167, 1236154, 1247068, 1247044, 1254623]
1.0
48.19972
228.4137
[1321147, 1319015, 1318806, 1330458, 1325733, 1325461, 1307300, 1318719, 1303053, 1310544]
1.0
46.01865
225.8893
[1261767, 1261849, 1261870, 1282097, 1283153, 1286964, 1254800, 1258400, 1259127, 1263310]
1.0
51.28044
224.2671
[1330405, 1333984, 1330244, 1345459, 1345917, 1346200, 1317746, 1330477, 1327725, 1335770]
1.0
52.93368
263.2655
[1263351, 1258877, 1259206, 1253658, 1266367, 1262648, 1239646, 1255661, 1239693, 1251708]
1.0
46.66653
218.7007
[1285887, 1294987, 1299315, 1307277, 1301048, 1308804, 1290848, 1282471, 1282515, 1299068]
1.0
48.42322
235.5438
[1231497, 1239344, 1235641, 1238717, 1242764, 1247496, 1224858, 1227306, 1235274, 1234927]
1.0
51.10128
238.1566
[1322594, 1326910, 1322690, 1330058, 1333909, 1333439, 1314992, 1315231, 1311828, 1314649]
1.0
46.75055
228.33
[1308099, 1314985, 1314169, 1318089, 1318782, 1318150, 1308121, 1307020, 1306186, 1318548]
1.0
49.27892
240.1943
[1258332, 1261424, 1265757, 1269179, 1257994, 1273518, 1246624, 1255587, 1246858, 1254703]
1.0
44.07911
217.9634
[1237654, 1243203, 1241826, 1246266, 1249951, 1246011, 1238784, 1228069, 1239887, 1242996]
1.0
46.85855
236.6482
[1200095, 1210085, 1210173, 1221501, 1209737, 1217897, 1195914, 1199121, 1211159, 1198172]
1.0
52.25209
250.8417
[1274877, 1270469, 1281418, 1289499, 1281080, 1290835, 1270703, 1262506, 1274833, 1274625]
1.0
49.02168
236.2153
[1213955, 1215058, 1222583, 1229945, 1217891, 1225805, 1209644, 1205673, 1203646, 1218711]
1.0
44.57009
195.9765
[1398404, 1401334, 1401676, 1413502, 1409998, 1413369, 1395949, 1390876, 1398897, 1396051]
1.0
49.41303
245.7421
[1247108, 1233911, 1251147, 1253970, 1249507, 1262462, 1242450, 1238774, 1230429, 1246338]
1.0
43.74237
227.7641
[1238104, 1239242, 1239064, 1242179, 1245833, 1246134, 1222409, 1234790, 1231768, 1227284]
1.0
54.79279
252.7542
[1254520, 1245389, 1245822, 1268919, 1261142, 1254650, 1234515, 1236041, 1252780, 1254463]
1.0
45.88118
230.8513
[1281736, 1282124, 1285801, 1285713, 1286300, 1286469, 1267020, 1271325, 1272989, 1274085]
1.0
45.80583
238.1135
[1269989, 1270774, 1281879, 1285831, 1282219, 1277980, 1270750, 1278499, 1267713, 1270941]
1.0
46.92508
224.2255
[1265958, 1270731, 1269423, 1274913, 1273935, 1273950, 1251472, 1250933, 1262435, 1262398]
1.0
54.35965
256.0592
[1231242, 1223783, 1226167, 1227282, 1229796, 1229994, 1212693, 1212788, 1209954, 1214235]
1.0
52.78581
254.7253
[1242714, 1238946, 1231196, 1247898, 1245281, 1249447, 1226933, 1230979, 1227633, 1226633]
1.0
47.27435
236.2746
[1238805, 1230947, 1238964, 1251278, 1253340, 1253860, 1226544, 1243830, 1242699, 1238903]
1.0
48.64888
244.3715
[1234898, 1245976, 1242873, 1250688, 1249873, 1261693, 1238703, 1236059, 1238622, 1246744]
1.0
48.43995
229.632
[1261987, 1267862, 1262928, 1269109, 1261828, 1269760, 1250482, 1248022, 1259674, 1254539]
1.0
48.97538
239.5694
[1284220, 1283020, 1293046, 1282655, 1291988, 1294701, 1267935, 1275350, 1279592, 1278476]
1.0
47.16786
223.0433
[1231587, 1229787, 1233743, 1229607, 1241404, 1237808, 1212021, 1227827, 1230885, 1231007]
1.0
51.28218
229.1215
[1287499, 1278759, 1289533, 1283028, 1283342, 1298620, 1266662, 1279002, 1274266, 1274423]
1.0
50.97468
237.6494
[1289726, 1287889, 1294745, 1288415, 1289710, 1302221, 1274778, 1277488, 1290293, 1283551]
1.0
50.75731
219.113
[1395755, 1407138, 1415797, 1409253, 1414597, 1419298, 1406746, 1402805, 1411147, 1398535]
1.0
49.73472
240.5691
[1250893, 1269947, 1258911, 1258883, 1269872, 1263193, 1250374, 1252268, 1243217, 1258615]
1.0
49.32044
233.9315
[1286747, 1290585, 1279595, 1287247, 1285925, 1302840, 1280058, 1277855, 1282451, 1274694]
1.0
50.5201
250.8603
[1273959, 1274473, 1273904, 1283170, 1285102, 1293682, 1262298, 1263079, 1263017, 1274686]
1.0
46.69835
222.7839
[1299250, 1297940, 1307066, 1305204, 1309918, 1305882, 1289055, 1295430, 1291795, 1298111]
1.0
46.86136
238.6842
[1294019, 1298743, 1309637, 1310536, 1318053, 1310667, 1298974, 1294600, 1307188, 1303617]
1.0
47.46431
238.2782
[1221938, 1238612, 1237537, 1231044, 1241987, 1245685, 1219011, 1222700, 1222926, 1234702]
1.0
46.47636
223.8775
[1307321, 1326327, 1323026, 1320245, 1318158, 1325756, 1299974, 1315924, 1310562, 1322368]
1.0
44.6604
218.2676
[1369615, 1371852, 1377883, 1374010, 1382070, 1382707, 1359165, 1370369, 1366860, 1367434]
1.0
49.26611
240.5599
[1281760, 1278909, 1278966, 1289285, 1289366, 1294036, 1263961, 1271814, 1275079, 1290920]
1.0
47.41471
237.0936
[1289893, 1287990, 1289783, 1297942, 1301667, 1309717, 1279765, 1278880, 1288445, 1294686]
1.0
46.40539
212.5549
[1343297, 1341810, 1338944, 1353683, 1361964, 1349911, 1338373, 1331106, 1339012, 1330076]
1.0
46.40125
229.8542
[1225715, 1227043, 1218013, 1229902, 1233690, 1233857, 1218675, 1211442, 1214697, 1215070]
1.0
51.9147
238.0637
[1307217, 1310193, 1290496, 1305623, 1293328, 1309574, 1273156, 1290458, 1286830, 1287026]
1.0
51.5642
249.7533
[1233795, 1258273, 1249980, 1258943, 1250755, 1261660, 1234749, 1238737, 1242644, 1239551]
1.0
50.60213
231.6578
[1280720, 1291889, 1286545, 1286713, 1297919, 1290852, 1270644, 1275491, 1279560, 1280109]
1.0
44.02318
215.019
[1378288, 1366191, 1373257, 1377327, 1375410, 1373956, 1355243, 1354773, 1358681, 1363702]
