1.0
65.96145
275.3597
[1072182, 1087043, 1085542, 1092252, 1091796, 1084569, 1079655, 1073392, 1071454, 1077699]
1.0
66.5457
281.1512
[1159285, 1171266, 1163294, 1163319, 1168564, 1179017, 1151614, 1158251, 1153840, 1162008]
1.0
64.303
270.2026
[1126370, 1136495, 1132352, 1132485, 1145704, 1143651, 1123996, 1127302, 1121951, 1132024]
1.0
59.58622
260.2041
[1138237, 1131692, 1144725, 1136934, 1140837, 1135173, 1133069, 1130130, 1123317, 1116899]
1.0
62.48063
283.0133
[1134479, 1135422, 1136683, 1145884, 1146185, 1153584, 1126503, 1125227, 1130293, 1123798]
1.0
61.67667
276.9734
[1107889, 1093082, 1101034, 1088446, 1099521, 1108936, 1081487, 1085491, 1086809, 1099438]
1.0
65.4818
292.7813
[1125335, 1118310, 1118377, 1130894, 1122481, 1126638, 1110015, 1108007, 1109418, 1111491]
1.0
65.07704
283.1368
[1084381, 1089149, 1092521, 1083040, 1092869, 1088858, 1071937, 1075168, 1079479, 1087335]
1.0
64.53312
289.7599
[1153180, 1150767, 1162183, 1151436, 1172383, 1163436, 1143758, 1155064, 1159577, 1154014]
1.0
64.84411
278.3533
[1089481, 1103124, 1094816, 1095154, 1092203, 1099890, 1086007, 1084621, 1077897, 1089645]
