0.999832488798
63.80077
288.0856
[1121097, 1132448, 1133018, 1134628, 1135679, 1143688, 1121241, 1114449, 1125501, 1126944]
1.0
66.78198
286.3911
[1088778, 1107792, 1108160, 1097114, 1114731, 1096494, 1090048, 1090137, 1083126, 1091601]
1.0
67.01585
273.6949
[1095022, 1097321, 1101058, 1103014, 1116724, 1109409, 1096398, 1103569, 1101671, 1107337]
1.0
68.84092
281.6794
[1146615, 1163136, 1163527, 1161803, 1159633, 1156151, 1137003, 1150150, 1143342, 1143385]
1.0
66.34693
275.6936
[1117332, 1112723, 1105542, 1123896, 1117795, 1119098, 1104317, 1096055, 1120835, 1099304]
1.0
70.47789
293.9342
[1113860, 1107017, 1105835, 1115904, 1119572, 1127907, 1110123, 1108286, 1106055, 1096730]
1.0
59.46952
258.6044
[1139399, 1125968, 1139226, 1136063, 1131167, 1136077, 1121570, 1116004, 1130079, 1130441]
1.0
71.61296
279.6358
[1107009, 1117500, 1104961, 1104499, 1115281, 1110962, 1087070, 1087028, 1106882, 1105433]
1.0
75.39048
293.9227
[1115301, 1109101, 1107302, 1124957, 1125480, 1121414, 1103133, 1118057, 1100534, 1115009]
1.0
61.46965
264.1495
[1160419, 1162292, 1151600, 1164294, 1161686, 1175028, 1154289, 1161788, 1155294, 1147361]
