1.0
46.33612
230.4399
1325
[1239332, 1241939, 1243103, 1245779, 1241115, 1251552, 1226536, 1226610, 1239054, 1234999]
1.0
48.52622
232.3011
1318
[1226926, 1222811, 1225441, 1238722, 1242636, 1233837, 1211852, 1223456, 1216166, 1235331]
1.0
46.74129
233.8228
1274
[1223242, 1235075, 1236206, 1230608, 1239013, 1243148, 1224160, 1223997, 1218474, 1235219]
1.0
48.77212
233.9137
1243
[1274133, 1267253, 1278376, 1274600, 1273493, 1278905, 1263080, 1254396, 1264383, 1258386]
1.0
45.87496
231.647
1362
[1235407, 1231291, 1229351, 1229686, 1234365, 1230530, 1214236, 1218472, 1227243, 1226994]
1.0
42.57902
218.9734
1149
[1260529, 1244441, 1258697, 1253800, 1265832, 1273765, 1238812, 1251147, 1243494, 1259964]
1.0
42.7668
205.3833
770
[1410955, 1407834, 1415053, 1410281, 1422175, 1422261, 1403581, 1403085, 1403344, 1406980]
1.0
47.38214
228.2119
1308
[1253248, 1260227, 1254001, 1265653, 1265743, 1262650, 1243641, 1246930, 1247175, 1250969]
1.0
45.09956
227.7778
1417
[1219308, 1213514, 1221934, 1222138, 1225690, 1221478, 1202877, 1204360, 1220143, 1219025]
1.0
42.4687
217.8238
1322
[1223113, 1235266, 1249786, 1230197, 1237520, 1245976, 1214813, 1230848, 1222945, 1234871]
1.0
46.21618
230.2067
1064
[1290839, 1290050, 1295403, 1298828, 1305561, 1303155, 1279268, 1288055, 1294936, 1290655]
1.0
43.32802
217.5505
1159
[1269078, 1282120, 1274142, 1277824, 1285905, 1285860, 1258731, 1267147, 1275131, 1267571]
1.0
48.87202
225.5624
934
[1371057, 1374425, 1369875, 1378773, 1378513, 1381763, 1362104, 1362878, 1368043, 1370871]
1.0
42.32696
217.7948
1008
[1316427, 1312043, 1321823, 1312076, 1326459, 1333876, 1306867, 1311148, 1306964, 1298844]
1.0
47.99178
241.6141
1257
[1246579, 1259589, 1254723, 1262787, 1259060, 1259357, 1241094, 1239880, 1251246, 1246526]
1.0
44.34323
222.2913
1288
[1227412, 1234836, 1239060, 1241931, 1233790, 1247030, 1224250, 1231746, 1226920, 1222850]
1.0
46.66176
232.7663
1367
[1245597, 1247307, 1234050, 1257887, 1240990, 1254156, 1222769, 1235284, 1226841, 1232170]
1.0
44.53439
244.8816
1283
[1247118, 1255097, 1251065, 1259140, 1262185, 1259491, 1236087, 1246917, 1246937, 1247271]
1.0
44.17023
217.4507
1202
[1246995, 1255103, 1256852, 1253168, 1252009, 1258416, 1239329, 1235736, 1239150, 1235131]
1.0
45.87888
232.4948
1278
[1247024, 1254279, 1263062, 1265767, 1265628, 1262637, 1250790, 1243009, 1251777, 1254684]
1.0
43.1984
221.6842
992
[1342040, 1347153, 1342868, 1349365, 1354250, 1354929, 1335024, 1334681, 1340196, 1340026]
1.0
46.43761
241.75
1316
[1248308, 1247277, 1259289, 1260175, 1263749, 1250680, 1248154, 1250037, 1250607, 1246773]
1.0
44.24937
218.4481
1048
[1308217, 1315331, 1312723, 1310043, 1314497, 1315211, 1298908, 1302675, 1303082, 1294558]
1.0
45.89689
236.8527
1247
[1234182, 1238156, 1235185, 1237735, 1240038, 1242054, 1231018, 1231597, 1226856, 1226697]
1.0
46.44626
230.3003
1339
[1238767, 1230714, 1230841, 1230082, 1238945, 1242823, 1218695, 1218220, 1224220, 1242740]
1.0
44.60865
234.8764
1135
[1290957, 1294270, 1290970, 1298497, 1302690, 1298718, 1274763, 1280068, 1282900, 1290513]
1.0
47.03329
232.5346
1307
[1223153, 1231028, 1238947, 1243043, 1234229, 1239952, 1216012, 1228000, 1226802, 1239905]
1.0
43.69093
221.1857
1278
[1238181, 1237708, 1242017, 1233873, 1246823, 1238978, 1223929, 1222681, 1231210, 1233875]
1.0
44.613
229.3082
1109
[1307407, 1314337, 1327072, 1326795, 1313913, 1333844, 1306741, 1310927, 1318504, 1310989]
1.0
43.13859
212.0294
1028
[1318200, 1317797, 1318121, 1313578, 1323204, 1321626, 1298485, 1311039, 1306876, 1307092]
1.0
39.97782
197.9814
630
[1443390, 1458000, 1466431, 1454040, 1454108, 1454887, 1435233, 1438953, 1446992, 1457021]
1.0
41.96275
216.6915
1218
[1242352, 1251516, 1258660, 1253539, 1250096, 1259041, 1239085, 1242981, 1250971, 1248066]
1.0
47.23519
222.3234
1167
[1271031, 1270945, 1277525, 1278172, 1278786, 1282692, 1256193, 1256318, 1273833, 1267531]
1.0
42.64834
218.0146
1447
[1211077, 1208739, 1217719, 1206724, 1206761, 1217913, 1191111, 1195237, 1195702, 1211133]
1.0
42.63377
222.3617
1162
[1270859, 1275304, 1283197, 1279043, 1293592, 1291516, 1271280, 1267922, 1275133, 1279302]
1.0
44.01738
216.9425
1199
[1253350, 1246010, 1245928, 1251033, 1247908, 1262757, 1226969, 1244421, 1242422, 1243037]
1.0
42.07907
214.3222
928
[1351290, 1351430, 1355337, 1359279, 1358240, 1365730, 1342893, 1342263, 1347286, 1354753]
1.0
44.75968
228.0829
1259
[1243792, 1246151, 1243055, 1243940, 1241594, 1253601, 1229405, 1235198, 1234934, 1234563]
1.0
45.10205
224.999
974
[1327179, 1324297, 1322053, 1333818, 1341878, 1337927, 1318830, 1311272, 1327795, 1319515]
1.0
46.6602
229.7096
1218
[1263270, 1262662, 1263509, 1267126, 1269454, 1269988, 1251089, 1254748, 1254217, 1255463]
1.0
41.76874
214.639
1034
[1308202, 1319089, 1314114, 1318883, 1318943, 1321355, 1304421, 1299109, 1307129, 1298821]
1.0
41.89783
226.9609
1259
[1248250, 1237842, 1245884, 1258995, 1255068, 1266322, 1240038, 1247181, 1240608, 1240408]
1.0
45.21337
230.1508
1384
[1214334, 1210236, 1208039, 1209925, 1218785, 1225789, 1202887, 1198983, 1198849, 1203400]
1.0
45.23206
221.343
1302
[1239892, 1237886, 1242493, 1237929, 1255815, 1250518, 1224164, 1235903, 1234671, 1239303]
1.0
43.94936
224.4113
1146
[1298542, 1298018, 1297859, 1311149, 1318000, 1306250, 1287953, 1286926, 1294215, 1302746]
1.0
45.85497
220.9013
1286
[1215595, 1216044, 1229567, 1229614, 1216242, 1236973, 1210800, 1214908, 1214522, 1219159]
1.0
43.46668
210.9674
1025
[1282424, 1282087, 1286434, 1285334, 1291983, 1293906, 1271808, 1263020, 1283177, 1273284]
1.0
41.8321
226.5241
1175
[1267082, 1270225, 1263447, 1274436, 1278542, 1275025, 1254897, 1262755, 1255000, 1262746]
1.0
49.77088
239.9562
1137
[1320177, 1314981, 1314905, 1321833, 1321751, 1322413, 1307193, 1299604, 1308499, 1310192]
1.0
45.61941
230.0083
1354
[1235584, 1246165, 1240113, 1241283, 1251957, 1250965, 1234149, 1232345, 1230918, 1238256]
1.0
42.83985
219.9931
1098
[1275930, 1290048, 1280199, 1278989, 1290265, 1283587, 1266793, 1263704, 1270991, 1267772]
1.0
43.99216
230.3438
1149
[1275086, 1277829, 1278070, 1278368, 1279372, 1286040, 1259941, 1270764, 1267553, 1270765]
1.0
45.34477
228.1646
907
[1353971, 1362417, 1354773, 1362245, 1358969, 1365942, 1342760, 1346756, 1347693, 1347934]
1.0
47.14808
237.8877
1131
[1319186, 1321984, 1323024, 1326723, 1329537, 1331632, 1316371, 1318236, 1314698, 1322613]
1.0
41.05928
211.0507
1260
[1199401, 1209883, 1219210, 1210280, 1225768, 1218003, 1199385, 1199060, 1204233, 1211618]
1.0
43.94883
216.4685
1204
[1251245, 1251461, 1254708, 1258650, 1266795, 1266864, 1246983, 1250826, 1247112, 1254982]
1.0
45.31924
225.8808
1157
[1288132, 1289870, 1295865, 1294067, 1300779, 1306095, 1278851, 1279843, 1287819, 1284724]
1.0
41.96662
229.2907
1194
[1270947, 1270243, 1270268, 1282234, 1281731, 1278668, 1263068, 1260134, 1271233, 1267091]
1.0
43.17621
212.4181
1134
[1295518, 1298855, 1295823, 1302911, 1295269, 1310992, 1286719, 1288146, 1290360, 1287138]
1.0
45.2883
219.3596
1319
[1218117, 1210665, 1211088, 1226590, 1226818, 1215107, 1202704, 1214609, 1208089, 1219956]
1.0
45.38756
217.9783
1114
[1305968, 1306037, 1302840, 1318913, 1317638, 1310882, 1291974, 1298795, 1298604, 1314693]
1.0
47.42043
223.3115
1110
[1313477, 1311043, 1314720, 1317485, 1317841, 1317545, 1299228, 1300066, 1298589, 1306663]
1.0
45.49411
226.3589
1032
[1320100, 1323215, 1334158, 1333338, 1333431, 1333650, 1312525, 1312891, 1319686, 1318683]
1.0
41.16936
217.0049
1337
[1222047, 1228426, 1225984, 1226872, 1230228, 1243042, 1215062, 1216873, 1227032, 1221137]
1.0
44.71264
230.5391
965
[1319012, 1334300, 1330901, 1333946, 1339521, 1342563, 1318933, 1315838, 1322901, 1322549]
1.0
45.59624
237.2243
1195
[1274836, 1269953, 1270118, 1267021, 1274442, 1283169, 1255243, 1255537, 1258900, 1271319]
1.0
48.73708
238.2372
1374
[1243031, 1254256, 1247790, 1253684, 1253874, 1254692, 1238779, 1243166, 1235198, 1243241]
1.0
41.67611
214.3208
1179
[1270252, 1275200, 1281896, 1275115, 1273814, 1290989, 1260058, 1261826, 1266865, 1275402]
1.0
50.19886
240.3517
1065
[1315255, 1313432, 1326872, 1326657, 1329609, 1338895, 1314637, 1307437, 1314704, 1327304]
1.0
42.30765
218.9329
1146
[1287458, 1278914, 1290058, 1290141, 1295373, 1294723, 1278701, 1282982, 1261170, 1286953]
