1.0
1115.0
2711.0
[1298475, 1297966, 1297965, 1305542, 1305633, 1321953, 1295611, 1294995, 1295824, 1294423]
1.0
1296.0
2913.0
[1245630, 1245285, 1254161, 1254877, 1253876, 1258544, 1242768, 1239017, 1235924, 1243436]
1.0
1297.0
2863.0
[1246799, 1246701, 1254649, 1247004, 1246109, 1254716, 1239121, 1231786, 1242487, 1234778]
1.0
820.0
2267.0
[1381927, 1381356, 1382395, 1386536, 1393670, 1381968, 1367037, 1371948, 1371243, 1363949]
1.0
1324.0
2648.0
[1210991, 1218098, 1215836, 1221092, 1222734, 1226529, 1204213, 1203925, 1215057, 1212052]
1.0
1118.0
2550.0
[1255515, 1256277, 1263088, 1261985, 1274867, 1264178, 1251371, 1251998, 1252147, 1258706]
1.0
1279.0
2882.0
[1263823, 1269766, 1277685, 1273334, 1269980, 1277171, 1258760, 1259500, 1264072, 1266919]
1.0
1149.0
2658.0
[1267206, 1269951, 1285846, 1278364, 1286061, 1293326, 1263010, 1270784, 1275514, 1275935]
1.0
1173.0
2615.0
[1270987, 1278549, 1275181, 1283206, 1279852, 1278788, 1260096, 1261209, 1270993, 1270908]
1.0
1188.0
2667.0
[1270001, 1258800, 1268292, 1274153, 1282214, 1269913, 1250437, 1259241, 1254827, 1262727]
1.0
1102.0
2634.0
[1291140, 1298298, 1295605, 1297948, 1305999, 1311957, 1287111, 1287974, 1288059, 1291976]
